134.794
134.909
135.014
135.112
135.2
135.281
135.354
135.418
135.474
135.523
135.564
135.597
135.624
135.643
135.655
135.661
135.66
135.653
135.639
135.62
135.595
135.565
135.529
135.489
135.444
135.394
135.34
135.281
135.219
135.154
135.085
135.014
134.939
134.863
134.783
134.702
134.62
134.535
134.45
134.364
134.277
134.189
134.102
134.014
133.927
133.841
133.756
133.672
133.589
133.508
133.428
133.351
133.276
133.202
133.132
133.063
132.998
132.936
132.877
132.82
132.767
132.718
132.671
132.628
132.589
132.553
132.52
132.491
132.466
132.443
132.424
132.407
132.394
132.384
132.376
132.37
132.366
132.365
132.364
132.365
132.367
132.37
132.372
132.375
132.378
132.38
132.381
132.38
132.378
132.374
132.368
132.358
132.346
132.33
132.311
132.287
132.258
132.224
132.186
132.141
132.09
132.033
131.97
131.9
131.822
131.737
131.645
131.545
131.437
131.322
131.198
131.067
130.927
130.78
130.624
130.461
130.289
130.11
129.923
129.729
129.528
129.32
129.105
128.883
128.656
128.423
128.184
127.941
127.693
127.441
127.186
126.927
126.665
126.402
126.136
125.87
125.602
125.334
125.066
124.798
124.532
124.267
124.004
123.744
123.486
123.232
122.981
122.734
122.491
122.253
122.019
121.791
121.567
121.35
121.138
120.931
120.731
120.537
120.349
120.168
119.993
119.824
119.662
119.506
119.356
119.212
119.075
118.944
118.819
118.7
118.587
118.48
118.379
118.283
118.193
118.108
118.028
117.952
117.882
117.816
117.755
117.698
117.646
117.597
117.552
117.511
117.473
117.439
117.408
117.379
117.354
117.332
117.312
117.295
117.28
117.268
117.258
117.25
117.244
117.24
117.238
117.238
117.238
117.241
117.244
117.249
117.255
117.262
117.271
117.28
117.29
117.301
117.312
117.325
117.338
117.351
117.366
117.381
117.396
117.412
117.428
117.444
117.46
117.477
117.494
117.512
117.529
117.547
117.565
117.584
117.602
117.621
117.64
117.66
117.68
117.7
117.721
117.743
117.765
117.787
117.811
117.835
117.859
117.885
117.912
117.94
117.969
118
118.032
118.066
118.101
118.138
118.177
118.218
118.261
118.307
118.355
118.405
118.458
118.514
118.573
118.635
118.7
118.769
118.84
118.916
118.995
119.077
119.163
119.254
119.348
119.446
119.548
119.655
119.765
119.88
119.999
120.122
120.25
120.381
120.518
120.658
120.803
120.951
121.104
121.261
121.422
121.587
121.756
121.928
122.103
122.282
122.463
122.648
122.835
123.025
123.217
123.411
123.607
123.805
124.004
124.203
124.404
124.605
124.806
125.008
125.209
125.409
125.608
125.806
126.003
126.197
126.389
126.579
126.765
126.948
127.128
127.304
127.476
127.644
127.807
127.965
128.118
128.265
128.407
128.542
128.671
128.793
128.909
129.017
129.119
129.212
129.298
129.377
129.447
129.51
129.564
129.609
129.646
129.675
129.695
129.706
129.709
129.703
129.688
129.665
129.633
129.592
129.542
129.484
129.418
129.343
129.26
129.169
129.07
128.964
128.85
128.728
128.6
128.464
128.322
128.173
128.018
127.857
127.691
127.518
127.341
127.159
126.972
126.781
126.586
126.387
126.186
125.981
125.773
125.563
125.35
125.136
124.921
124.704
124.486
124.268
124.05
123.831
123.612
123.394
123.177
122.961
122.746
122.533
122.322
122.113
121.905
121.701
121.498
121.299
121.102
120.908
120.718
120.531
120.347
120.166
119.989
119.816
119.646
119.481
119.318
119.16
119.005
118.854
118.707
118.563
118.423
118.286
118.153
118.024
117.898
117.776
117.656
117.54
117.427
117.317
117.209
117.104
117.002
116.903
116.805
116.711
116.618
116.527
116.439
116.352
116.268
116.185
116.103
116.023
115.945
115.868
115.792
115.718
115.646
115.574
115.504
115.436
115.368
115.302
115.237
115.173
115.111
115.05
114.991
114.934
114.879
114.825
114.773
114.723
114.675
114.629
114.585
114.544
114.506
114.47
114.437
114.407
114.38
114.356
114.335
114.318
114.304
114.295
114.289
114.287
114.289
114.295
114.305
114.32
114.339
114.363
114.391
114.424
114.462
114.505
114.552
114.604
114.661
114.723
114.789
114.861
114.937
115.017
115.102
115.192
115.286
115.384
115.487
115.593
115.703
115.818
115.935
116.056
116.18
116.307
116.437
116.569
116.703
116.839
116.976
117.115
117.256
117.397
117.538
117.68
117.822
117.963
118.104
118.244
118.383
118.521
118.657
118.791
118.922
119.051
119.178
119.301
119.422
119.539
119.653
119.763
119.869
119.971
120.069
120.162
120.252
120.337
120.417
120.493
120.564
120.63
120.691
120.748
120.8
120.848
120.891
120.929
120.963
120.992
121.016
121.036
121.052
121.063
121.071
121.075
121.075
121.072
121.066
121.056
121.044
121.029
121.011
120.992
120.97
120.947
120.921
120.895
120.868
120.839
120.81
120.781
120.751
120.722
120.692
120.663
120.636
120.608
120.582
120.558
120.535
120.514
120.494
120.477
120.462
120.45
120.441
120.436
120.433
120.434
120.438
120.446
120.458
120.474
120.495
120.519
120.548
120.581
120.619
120.662
120.709
120.762
120.819
120.881
120.948
121.021
121.098
121.18
121.268
121.36
121.457
121.56
121.667
121.78
121.897
122.019
122.145
122.276
122.412
122.552
122.696
122.845
122.997
123.153
123.314
123.477
123.644
123.815
123.989
124.166
124.345
124.528
124.713
124.901
125.091
125.282
125.476
125.67
125.866
126.063
126.26
126.458
126.656
126.854
127.051
127.248
127.445
127.641
127.835
128.029
128.22
128.41
128.597
128.782
128.965
129.144
129.321
129.495
129.666
129.832
129.995
130.154
130.309
130.459
130.605
130.746
130.882
131.013
131.14
131.261
131.377
131.487
131.592
131.691
131.785
131.873
131.956
132.032
132.103
132.169
132.229
132.284
132.333
132.377
132.415
132.448
132.476
132.499
132.516
132.529
132.537
132.54
132.538
132.532
132.521
132.506
132.488
132.465
132.438
132.408
132.374
132.337
132.298
132.255
132.21
132.162
132.112
132.06
132.006
131.95
131.892
131.832
131.771
131.709
131.647
131.583
131.519
131.454
131.389
131.323
131.257
131.192
131.126
131.061
130.996
130.931
130.868
130.804
130.742
130.68
130.62
130.56
130.501
130.444
130.388
130.333
130.279
130.227
130.176
130.127
130.079
130.033
129.987
129.944
129.901
129.86
129.821
129.783
129.746
129.71
129.676
129.643
129.612
129.581
129.552
129.524
129.497
129.471
129.446
129.421
129.398
129.375
129.352
129.331
129.31
129.289
129.269
129.25
129.23
129.211
129.192
129.173
129.154
129.135
129.117
129.098
129.079
129.059
129.039
129.019
128.998
128.977
128.955
128.932
128.908
128.884
128.859
128.834
128.807
128.78
128.753
128.725
128.696
128.666
128.636
128.605
128.573
128.54
128.507
128.474
128.439
128.405
128.369
128.334
128.298
128.261
128.225
128.188
128.151
128.113
128.076
128.039
128.001
127.964
127.927
127.89
127.853
127.817
127.781
127.745
127.71
127.676
127.642
127.608
127.576
127.544
127.513
127.483
127.453
127.425
127.397
127.37
127.344
127.319
127.295
127.272
127.25
127.228
127.208
127.189
127.171
127.153
127.137
127.122
127.107
127.093
127.081
127.069
127.058
127.047
127.037
127.028
127.02
127.013
127.006
126.999
126.994
126.989
126.985
126.981
126.978
126.976
126.975
126.973
126.973
126.972
126.972
126.973
126.974
126.975
126.976
126.978
126.98
126.982
126.985
126.987
126.989
126.992
126.994
126.996
126.997
126.999
127
127
127
126.999
126.997
126.994
126.99
126.985
126.978
126.97
126.96
126.949
126.935
126.919
126.901
126.881
126.858
126.833
126.805
126.774
126.74
126.702
126.662
126.618
126.571
126.52
126.465
126.406
126.342
126.275
126.204
126.128
126.048
125.964
125.875
125.782
125.685
125.584
125.478
125.367
125.253
125.134
125.011
124.883
124.751
124.616
124.476
124.332
124.185
124.034
123.879
123.722
123.561
123.397
123.23
123.061
122.889
122.715
122.539
122.362
122.183
122.002
121.82
121.638
121.455
121.271
121.088
120.905
120.722
120.54
120.358
120.178
119.999
119.822
119.647
119.473
119.302
119.133
118.967
118.804
118.643
118.487
118.333
118.183
118.037
117.895
117.756
117.622
117.492
117.366
117.244
117.127
117.014
116.906
116.802
116.702
116.607
116.516
116.429
116.346
116.268
116.193
116.123
116.056
115.993
115.933
115.877
115.824
115.774
115.727
115.683
115.641
115.601
115.564
115.528
115.493
115.46
115.429
115.398
115.368
115.339
115.31
115.282
115.254
115.225
115.197
115.169
115.14
115.111
115.081
115.051
115.021
114.989
114.957
114.924
114.89
114.856
114.821
114.785
114.749
114.711
114.674
114.635
114.597
114.559
114.521
114.483
114.445
114.408
114.372
114.337
114.303
114.271
114.24
114.211
114.185
114.161
114.139
114.121
114.105
114.094
114.085
114.081
114.081
114.086
114.096
114.11
114.13
114.156
114.187
114.224
114.268
114.318
114.374
114.437
114.507
114.584
114.668
114.759
114.857
114.963
115.076
115.196
115.324
115.458
115.6
115.749
115.905
116.068
116.238
116.414
116.597
116.786
116.981
117.182
117.389
117.601
117.818
118.04
118.266
118.497
118.731
118.97
119.211
119.456
119.703
119.953
120.204
120.457
120.712
120.967
121.222
121.478
121.734
121.989
122.243
122.496
122.747
122.997
123.244
123.489
123.732
123.972
124.208
124.441
124.67
124.896
125.117
125.334
125.547
125.754
125.957
126.155
126.348
126.535
126.717
126.894
127.066
127.231
127.391
127.545
127.694
127.837
127.974
128.105
128.231
128.351
128.465
128.574
128.678
128.775
128.868
128.956
129.039
129.116
129.189
129.257
129.32
129.379
129.433
129.483
129.528
129.57
129.608
129.642
129.672
129.699
129.723
129.743
129.761
129.776
129.789
129.799
129.807
129.812
129.816
129.818
129.819
129.817
129.815
129.812
129.807
129.802
129.795
129.789
129.781
129.773
129.765
129.756
129.747
129.738
129.728
129.719
129.71
129.7
129.691
129.682
129.673
129.664
129.656
129.647
129.638
129.629
129.621
129.612
129.603
129.594
129.584
129.574
129.564
129.553
129.541
129.528
129.515
129.5
129.485
129.468
129.45
129.431
129.411
129.388
129.364
129.339
129.311
129.281
129.25
129.216
129.181
129.143
129.102
129.06
129.014
128.967
128.916
128.863
128.808
128.75
128.69
128.627
128.561
128.493
128.422
128.349
128.274
128.196
128.116
128.034
127.95
127.864
127.776
127.687
127.596
127.503
127.409
127.314
127.219
127.122
127.024
126.926
126.828
126.73
126.632
126.534
126.437
126.34
126.244
126.149
126.056
125.964
125.874
125.785
125.7
125.616
125.535
125.457
125.381
125.309
125.24
125.174
125.112
125.053
124.998
124.947
124.9
124.857
124.818
124.784
124.753
124.727
124.706
124.688
124.675
124.666
124.661
124.66
124.663
124.671
124.682
124.697
124.716
124.738
124.763
124.791
124.823
124.856
124.893
124.932
124.973
125.015
125.06
125.106
125.153
125.201
125.25
125.299
125.349
125.398
125.448
125.497
125.544
125.591
125.636
125.68
125.722
125.761
125.799
125.833
125.865
125.894
125.92
125.942
125.961
125.976
125.987
125.994
125.998
125.997
125.992
125.983
125.968
125.95
125.926
125.898
125.865
125.828
125.786
125.739
125.688
125.632
125.572
125.508
125.44
125.367
125.292
125.212
125.129
125.043
124.955
124.863
124.77
124.674
124.576
124.477
124.377
124.277
124.175
124.074
123.973
123.873
123.773
123.675
123.579
123.485
123.393
123.304
123.218
123.136
123.057
122.983
122.913
122.847
122.786
122.731
122.68
122.635
122.596
122.562
122.535
122.514
122.499
122.49
122.488
122.493
122.504
122.522
122.547
122.578
122.616
122.661
122.711
122.768
122.832
122.901
122.976
123.058
123.145
123.237
123.335
123.437
123.545
123.658
123.775
123.897
124.022
124.151
124.284
124.421
124.56
124.702
124.847
124.994
125.144
125.295
125.448
125.602
125.758
125.914
126.071
126.229
126.386
126.544
126.701
126.857
127.013
127.168
127.321
127.473
127.623
127.772
127.918
128.062
128.203
128.341
128.477
128.609
128.738
128.864
128.986
129.104
129.217
129.327
129.433
129.534
129.63
129.722
129.809
129.891
129.968
130.04
130.107
130.169
130.225
130.276
130.321
130.361
130.395
130.423
130.446
130.463
130.475
130.48
130.48
130.474
130.463
130.445
130.422
130.394
130.359
130.319
130.274
130.223
130.166
130.104
130.036
129.963
129.885
129.803
129.715
129.622
129.524
129.422
129.315
129.204
129.089
128.97
128.847
128.72
128.59
128.456
128.32
128.18
128.038
127.893
127.745
127.596
127.444
127.291
127.136
126.979
126.821
126.662
126.502
126.342
126.181
126.02
125.859
125.698
125.538
125.378
125.219
125.061
124.904
124.748
124.594
124.441
124.29
124.141
123.994
123.85
123.708
123.568
123.431
123.297
123.166
123.038
122.913
122.792
122.674
122.56
122.45
122.343
122.24
122.141
122.047
121.956
121.87
121.788
121.711
121.638
121.57
121.506
121.447
121.393
121.343
121.299
121.259
121.224
121.194
121.169
121.149
121.134
121.123
121.118
121.117
121.121
121.129
121.143
121.16
121.182
121.208
121.239
121.274
121.312
121.355
121.401
121.451
121.505
121.562
121.622
121.685
121.751
121.82
121.892
121.966
122.043
122.122
122.203
122.285
122.369
122.454
122.54
122.626
122.714
122.801
122.889
122.977
123.064
123.151
123.237
123.322
123.406
123.489
123.57
123.649
123.726
123.801
123.874
123.943
124.01
124.074
124.134
124.191
124.244
124.294
124.339
124.38
124.417
124.45
124.478
124.501
124.519
124.532
124.54
124.543
124.541
124.533
124.519
124.501
124.476
124.447
124.412
124.372
124.327
124.276
124.219
124.158
124.092
124.02
123.944
123.863
123.777
123.687
123.592
123.493
123.391
123.284
123.175
123.062
122.946
122.827
122.706
122.582
122.457
122.329
122.2
122.07
121.939
121.806
121.673
121.54
121.406
121.273
121.14
121.008
120.876
120.746
120.617
120.49
120.364
120.24
120.119
120
119.884
119.77
119.661
119.554
119.451
119.352
119.257
119.166
119.079
118.997
118.92
118.847
118.779
118.717
118.659
118.607
118.561
118.52
118.485
118.457
118.434
118.417
118.407
118.403
118.405
118.413
118.428
118.449
118.477
118.511
118.551
118.598
118.651
118.711
118.776
118.848
118.925
119.009
119.098
119.192
119.292
119.397
119.507
119.622
119.741
119.865
119.992
120.124
120.259
120.397
120.538
120.682
120.828
120.977
121.127
121.278
121.431
121.584
121.738
121.893
122.047
122.201
122.354
122.505
122.656
122.804
122.951
123.096
123.238
123.378
123.514
123.647
123.777
123.902
124.023
124.14
124.253
124.361
124.463
124.561
124.653
124.739
124.82
124.895
124.963
125.026
125.082
125.132
125.176
125.213
125.243
125.267
125.284
125.294
125.297
125.294
125.283
125.266
125.243
125.212
125.175
125.131
125.081
125.024
124.961
124.892
124.816
124.735
124.648
124.556
124.459
124.356
124.249
124.137
124.02
123.899
123.774
123.646
123.515
123.38
123.243
123.103
122.962
122.818
122.673
122.527
122.379
122.232
122.084
121.936
121.789
121.643
121.497
121.354
121.212
121.072
120.935
120.8
120.669
120.541
120.418
120.298
120.183
120.073
119.967
119.867
119.773
119.685
119.604
119.528
119.459
119.397
119.342
119.294
119.254
119.221
119.196
119.178
119.169
119.166
119.172
119.186
119.207
119.235
119.272
119.316
119.367
119.426
119.492
119.565
119.645
119.731
119.824
119.923
120.028
120.138
120.254
120.374
120.499
120.628
120.761
120.898
121.037
121.179
121.323
121.469
121.616
121.764
121.912
122.06
122.208
122.354
122.499
122.642
122.783
122.92
123.055
123.186
123.313
123.435
123.553
123.666
123.773
123.874
123.969
124.058
124.14
124.215
124.283
124.344
124.398
124.444
124.482
124.512
124.534
124.548
124.554
124.552
124.542
124.523
124.496
124.461
124.418
124.367
124.308
124.242
124.168
124.087
123.999
123.904
123.803
123.695
123.582
123.463
123.338
123.209
123.075
122.937
122.795
122.65
122.502
122.351
122.198
122.044
121.888
121.732
121.576
121.42
121.264
121.109
120.956
120.805
120.657
120.511
120.369
120.23
120.096
119.966
119.84
119.72
119.605
119.496
119.392
119.295
119.205
119.121
119.044
118.974
118.912
118.857
118.81
118.77
118.738
118.714
118.698
118.689
118.689
118.696
118.711
118.734
118.765
118.803
118.849
118.902
118.963
119.031
119.106
119.187
119.275
119.37
119.471
119.578
119.691
119.809
119.933
120.063
120.197
120.336
120.479
120.627
120.779
120.935
121.095
121.258
121.424
121.594
121.766
121.94
122.117
122.295
122.476
122.658
122.841
123.025
123.21
123.395
123.581
123.767
123.952
124.137
124.321
124.505
124.687
124.867
125.046
125.223
125.398
125.571
125.741
125.908
126.072
126.233
126.39
126.544
126.695
126.842
126.985
127.124
127.259
127.39
127.516
127.638
127.756
127.869
127.978
128.082
128.181
128.275
128.364
128.449
128.528
128.603
128.673
128.738
128.798
128.854
128.904
128.95
128.99
129.027
129.058
129.085
129.107
129.124
129.137
129.145
129.148
129.148
129.142
129.133
129.119
129.102
129.08
129.054
129.024
128.991
128.953
128.912
128.868
128.819
128.767
128.712
128.654
128.593
128.528
128.461
128.391
128.318
128.242
128.165
128.084
128.002
127.918
127.831
127.743
127.654
127.563
127.471
127.378
127.284
127.189
127.093
126.997
126.901
126.805
126.709
126.613
126.518
126.423
126.328
126.235
126.142
126.05
125.959
125.87
125.782
125.695
125.609
125.525
125.442
125.361
125.282
125.204
125.128
125.054
124.981
124.91
124.841
124.774
124.708
124.644
124.582
124.521
124.462
124.405
124.349
124.295
124.243
124.193
124.143
124.096
124.05
124.005
123.962
123.92
123.879
123.84
123.803
123.766
123.732
123.699
123.668
123.638
123.611
123.585
123.561
123.539
123.518
123.5
123.484
123.47
123.458
123.449
123.442
123.437
123.435
123.435
123.438
123.443
123.451
123.462
123.475
123.492
123.511
123.533
123.558
123.586
123.616
123.649
123.686
123.724
123.766
123.81
123.857
123.906
123.958
124.012
124.068
124.126
124.186
124.248
124.311
124.375
124.441
124.508
124.576
124.644
124.712
124.781
124.85
124.918
124.986
125.053
125.119
125.184
125.247
125.308
125.367
125.423
125.478
125.529
125.577
125.621
125.662
125.699
125.732
125.76
125.784
125.802
125.816
125.825
125.829
125.827
125.819
125.806
125.788
125.763
125.732
125.696
125.654
125.605
125.551
125.491
125.426
125.355
125.278
125.197
125.109
125.017
124.92
124.818
124.712
124.601
124.487
124.368
124.247
124.122
123.995
123.866
123.735
123.602
123.468
123.333
123.197
123.062
122.927
122.792
122.659
122.526
122.395
122.266
122.14
122.016
121.895
121.777
121.662
121.551
121.445
121.342
121.243
121.15
121.06
120.976
120.896
120.821
120.75
120.685
120.625
120.569
120.518
120.471
120.429
120.392
120.358
120.329
120.304
120.283
120.266
120.252
120.241
120.233
120.229
120.227
120.227
120.229
120.233
120.239
120.247
120.257
120.267
120.279
120.291
120.304
120.318
120.333
120.348
120.363
120.378
120.393
120.409
120.425
120.44
120.455
120.47
120.486
120.501
120.516
120.531
120.546
120.562
120.577
120.593
120.61
120.627
120.644
120.662
120.68
120.699
120.719
120.74
120.762
120.784
120.808
120.833
120.859
120.887
120.915
120.945
120.976
121.007
121.041
121.075
121.11
121.146
121.183
121.221
121.26
121.299
121.339
121.38
121.422
121.464
121.507
121.55
121.593
121.636
121.68
121.724
121.768
121.812
121.856
121.9
121.944
121.988
122.032
122.076
122.12
122.164
122.208
122.252
122.296
122.34
122.385
122.431
122.478
122.525
122.574
122.624
122.675
122.728
122.782
122.839
122.898
122.959
123.024
123.091
123.161
123.235
123.312
123.393
123.478
123.568
123.662
123.76
123.864
123.973
124.088
124.208
124.334
124.466
124.604
124.749
124.9
125.058
125.223
125.395
125.573
125.759
125.951
126.15
126.357
126.57
126.79
127.017
127.25
127.49
127.736
127.988
128.247
128.51
128.779
129.054
129.333
129.616
129.904
130.195
130.49
130.787
131.087
131.389
131.693
131.998
132.304
132.609
132.915
133.22
133.523
133.825
134.125
134.423
134.717
135.008
135.294
135.576
135.853
136.124
136.389
136.648
136.901
137.145
137.383
137.612
137.833
138.046
138.25
138.445
138.63
138.806
138.971
139.127
139.273
139.408
139.532
139.646
139.749
139.841
139.921
139.991
140.049
140.096
140.132
140.157
140.17
140.173
140.165
140.146
140.116
140.075
140.024
139.962
139.891
139.809
139.717
139.615
139.504
139.383
139.254
139.115
138.968
138.812
138.648
138.477
138.297
138.111
137.917
137.716
137.509
137.295
137.076
136.851
136.62
136.384
136.143
135.897
135.647
135.393
135.135
134.874
134.609
134.342
134.071
133.797
133.521
133.243
132.962
132.679
132.395
132.108
131.821
131.532
131.242
130.95
130.659
130.366
130.073
129.779
129.485
129.191
128.897
128.603
128.309
128.015
127.721
127.429
127.137
126.846
126.556
126.266
125.978
125.691
125.405
125.121
124.838
124.557
124.277
124
123.724
123.45
123.179
122.91
122.643
122.38
122.119
121.861
121.607
121.356
121.109
120.866
120.627
120.392
120.161
119.935
119.714
119.498
119.287
119.082
118.882
118.689
118.501
118.32
118.145
117.978
117.817
117.664
117.518
117.38
117.249
117.127
117.013
116.907
116.809
116.721
116.641
116.57
116.509
116.457
116.414
116.381
116.357
116.343
116.338
116.343
116.358
116.383
116.417
116.462
116.516
116.58
116.654
116.737
116.83
116.932
117.044
117.165
117.294
117.432
117.579
117.734
117.897
118.068
118.246
118.432
118.625
118.824
119.03
119.243
119.46
119.684
119.912
120.144
120.38
120.62
120.863
121.108
121.356
121.605
121.855
122.106
122.357
122.608
122.858
123.107
123.354
123.599
123.841
124.08
124.315
124.547
124.774
124.996
125.213
125.425
125.631
125.831
126.025
126.212
126.393
126.566
126.731
126.89
127.041
127.184
127.319
127.447
127.567
127.679
127.784
127.881
127.97
128.052
128.128
128.196
128.257
128.312
128.361
128.404
128.44
128.472
128.498
128.519
128.536
128.549
128.557
128.562
128.563
128.561
128.556
128.548
128.538
128.526
128.512
128.497
128.479
128.461
128.442
128.421
128.4
128.378
128.356
128.333
128.31
128.286
128.262
128.238
128.214
128.189
128.165
128.139
128.113
128.087
128.06
128.031
128.002
127.972
127.941
127.909
127.875
127.839
127.801
127.762
127.721
127.677
127.631
127.582
127.531
127.477
127.42
127.36
127.296
127.23
127.16
127.087
127.01
126.929
126.845
126.757
126.666
126.57
126.471
126.369
126.262
126.153
126.039
125.922
125.802
125.679
125.553
125.424
125.292
125.158
125.022
124.883
124.743
124.601
124.458
124.314
124.169
124.024
123.878
123.733
123.588
123.443
123.3
123.159
123.019
122.882
122.747
122.615
122.486
122.361
122.239
122.123
122.01
121.904
121.802
121.707
121.618
121.535
121.459
121.39
121.329
121.275
121.229
121.191
121.162
121.142
121.13
121.128
121.135
121.151
121.176
121.212
121.257
121.312
121.378
121.453
121.538
121.634
121.74
121.855
121.981
122.116
122.261
122.416
122.581
122.755
122.937
123.129
123.329
123.538
123.755
123.979
124.211
124.451
124.697
124.949
125.208
125.472
125.742
126.016
126.295
126.577
126.863
127.152
127.444
127.738
128.033
128.329
128.625
128.922
129.218
129.512
129.806
130.097
130.386
130.671
130.953
131.231
131.504
131.772
132.034
132.29
132.539
132.781
133.015
133.242
133.461
133.67
133.871
134.062
134.243
134.414
134.575
134.724
134.863
134.989
135.105
135.208
135.298
135.376
135.442
135.495
135.535
135.561
135.574
135.574
135.56
135.533
135.492
135.437
135.368
135.286
135.19
135.08
134.956
134.82
134.669
134.505
134.328
134.138
133.935
133.719
133.491
133.25
132.997
132.733
132.457
132.169
131.871
131.562
131.243
130.914
130.575
130.228
129.871
129.506
129.133
128.753
128.367
127.973
127.574
127.17
126.761
126.348
125.931
125.511
125.088
124.664
124.238
123.812
123.385
122.958
122.532
122.108
121.685
121.265
120.848
120.435
120.026
119.622
119.223
118.83
118.442
118.062
117.688
117.323
116.965
116.616
116.276
115.945
115.623
115.312
115.012
114.722
114.443
114.175
113.919
113.675
113.444
113.224
113.017
112.822
112.64
112.471
112.315
112.171
112.041
111.923
111.819
111.727
111.649
111.583
111.53
111.49
111.462
111.447
111.443
111.452
111.472
111.504
111.547
111.601
111.666
111.742
111.828
111.924
112.029
112.145
112.269
112.403
112.544
112.694
112.852
113.018
113.191
113.371
113.558
113.751
113.95
114.156
114.366
114.582
114.803
115.028
115.258
115.491
115.729
115.97
116.214
116.46
116.71
116.961
117.214
117.469
117.726
117.983
118.241
118.5
118.759
119.017
119.275
119.533
119.789
120.044
120.298
120.55
120.799
121.046
121.291
121.533
121.771
122.006
122.238
122.465
122.688
122.906
123.119
123.326
123.529
123.725
123.915
124.1
124.277
124.448
124.613
124.769
124.919
125.061
125.196
125.322
125.441
125.552
125.655
125.75
125.836
125.915
125.985
126.046
126.1
126.146
126.183
126.213
126.234
126.248
126.254
126.253
126.244
126.228
126.204
126.174
126.137
126.093
126.044
125.988
125.927
125.86
125.788
125.711
125.63
125.545
125.455
125.362
125.266
125.167
125.065
124.961
124.854
124.746
124.636
124.525
124.414
124.301
124.189
124.077
123.965
123.853
123.743
123.634
123.527
123.422
123.318
123.217
123.119
123.023
122.931
122.841
122.756
122.673
122.595
122.52
122.449
122.383
122.32
122.262
122.208
122.159
122.114
122.073
122.037
122.005
121.977
121.954
121.934
121.92
121.909
121.902
121.899
121.9
121.905
121.914
121.926
121.942
121.961
121.983
122.009
122.037
122.067
122.101
122.136
122.174
122.214
122.256
122.3
122.345
122.391
122.439
122.488
122.537
122.588
122.639
122.69
122.742
122.794
122.845
122.897
122.949
123
123.05
123.1
123.148
123.196
123.242
123.287
123.331
123.374
123.415
123.454
123.491
123.527
123.56
123.592
123.621
123.649
123.674
123.697
123.718
123.737
123.753
123.768
123.779
123.789
123.797
123.802
123.805
123.806
123.806
123.804
123.799
123.793
123.786
123.776
123.766
123.754
123.741
123.727
123.712
123.697
123.681
123.665
123.649
123.634
123.618
123.604
123.591
123.578
123.567
123.558
123.551
123.546
123.543
123.543
123.546
123.551
123.56
123.572
123.589
123.608
123.632
123.661
123.693
123.731
123.773
123.82
123.872
123.93
123.993
124.061
124.134
124.213
124.298
124.388
124.484
124.585
124.692
124.804
124.922
125.044
125.172
125.305
125.442
125.584
125.73
125.881
126.035
126.192
126.353
126.518
126.685
126.855
127.026
127.2
127.375
127.551
127.728
127.906
128.083
128.26
128.435
128.61
128.783
128.954
129.123
129.289
129.451
129.611
129.766
129.917
130.063
130.204
130.34
130.47
130.594
130.711
130.822
130.926
131.022
131.11
131.191
131.263
131.327
131.381
131.427
131.463
131.489
131.506
131.513
131.51
131.497
131.474
131.44
131.395
131.34
131.274
131.198
131.111
131.013
130.904
130.785
130.655
130.515
130.364
130.202
130.031
129.849
129.657
129.455
129.244
129.023
128.794
128.555
128.308
128.052
127.788
127.516
127.236
126.95
126.657
126.357
126.052
125.74
125.424
125.103
124.778
124.449
124.116
123.781
123.443
123.103
122.761
122.418
122.074
121.73
121.387
121.044
120.702
120.362
120.023
119.688
119.356
119.027
118.702
118.381
118.065
117.755
117.449
117.15
116.856
116.569
116.289
116.017
115.751
115.494
115.244
115.002
114.769
114.544
114.328
114.122
113.924
113.735
113.556
113.387
113.227
113.077
112.937
112.807
112.686
112.575
112.475
112.384
112.304
112.233
112.172
112.121
112.08
112.049
112.027
112.015
112.012
112.019
112.035
112.06
112.095
112.138
112.191
112.253
112.322
112.401
112.487
112.582
112.684
112.793
112.911
113.035
113.166
113.304
113.448
113.599
113.755
113.917
114.085
114.258
114.435
114.618
114.804
114.994
115.188
115.385
115.585
115.788
115.993
116.2
116.409
116.619
116.831
117.043
117.255
117.467
117.679
117.891
118.101
118.31
118.518
118.724
118.927
119.128
119.326
119.522
119.714
119.902
120.087
120.267
120.443
120.614
120.781
120.942
121.098
121.249
121.394
121.534
121.667
121.795
121.916
122.031
122.14
122.242
122.338
122.427
122.509
122.585
122.655
122.718
122.774
122.824
122.868
122.906
122.938
122.963
122.983
122.997
123.005
123.007
123.005
122.997
122.984
122.966
122.944
122.918
122.887
122.853
122.815
122.774
122.73
122.684
122.635
122.584
122.532
122.479
122.424
122.369
122.315
122.26
122.206
122.152
122.1
122.05
122.001
121.955
121.911
121.871
121.833
121.799
121.769
121.743
121.722
121.705
121.693
121.687
121.686
121.691
121.702
121.719
121.742
121.771
121.807
121.849
121.898
121.953
122.015
122.084
122.159
122.241
122.329
122.424
122.525
122.632
122.746
122.865
122.991
123.122
123.258
123.399
123.546
123.697
123.853
124.013
124.177
124.345
124.516
124.69
124.867
125.046
125.227
125.41
125.594
125.779
125.965
126.151
126.337
126.523
126.707
126.891
127.073
127.254
127.433
127.609
127.782
127.953
128.12
128.283
128.443
128.599
128.75
128.896
129.038
129.174
129.305
129.431
129.55
129.664
129.772
129.873
129.968
130.056
130.138
130.214
130.282
130.344
130.399
130.447
130.489
130.523
130.551
130.572
130.586
130.594
130.594
130.588
130.576
130.558
130.533
130.502
130.466
130.424
130.376
130.323
130.265
130.202
130.134
130.062
129.985
129.903
129.818
129.729
129.637
129.541
129.442
129.34
129.235
129.127
129.017
128.905
128.791
128.675
128.558
128.439
128.319
128.198
128.076
127.953
127.83
127.707
127.583
127.459
127.335
127.212
127.089
126.966
126.845
126.724
126.604
126.486
126.368
126.252
126.138
126.025
125.913
125.804
125.696
125.59
125.487
125.386
125.287
125.191
125.097
125.005
124.916
124.83
124.747
124.666
124.589
124.514
124.443
124.375
124.31
124.249
124.191
124.136
124.086
124.038
123.995
123.955
123.918
123.886
123.857
123.831
123.81
123.793
123.779
123.768
123.762
123.758
123.759
123.763
123.77
123.781
123.795
123.812
123.832
123.855
123.881
123.909
123.94
123.973
124.008
124.045
124.084
124.124
124.166
124.209
124.252
124.296
124.34
124.385
124.429
124.473
124.517
124.56
124.601
124.642
124.681
124.718
124.753
124.786
124.817
124.845
124.87
124.892
124.91
124.925
124.936
124.942
124.945
124.942
124.936
124.924
124.908
124.886
124.859
124.826
124.787
124.744
124.694
124.638
124.576
124.508
124.433
124.352
124.265
124.171
124.071
123.964
123.85
123.729
123.601
123.467
123.327
123.179
123.025
122.865
122.698
122.524
122.344
122.158
121.966
121.768
121.565
121.356
121.142
120.923
120.699
120.472
120.24
120.004
119.766
119.524
119.28
119.033
118.785
118.536
118.285
118.035
117.784
117.535
117.286
117.04
116.795
116.553
116.315
116.08
115.85
115.624
115.404
115.19
114.983
114.782
114.589
114.404
114.228
114.06
113.901
113.752
113.614
113.485
113.368
113.261
113.166
113.082
113.01
112.949
112.901
112.865
112.841
112.829
112.83
112.843
112.868
112.905
112.955
113.017
113.09
113.176
113.272
113.381
113.5
113.631
113.772
113.923
114.085
114.256
114.437
114.628
114.827
115.035
115.251
115.475
115.707
115.946
116.193
116.446
116.705
116.971
117.243
117.52
117.804
118.091
118.384
118.681
118.982
119.287
119.596
119.907
120.222
120.539
120.859
121.181
121.506
121.832
122.159
122.488
122.818
123.148
123.48
123.812
124.144
124.476
124.808
125.14
125.471
125.802
126.131
126.46
126.788
127.114
127.438
127.76
128.081
128.399
128.715
129.028
129.338
129.646
129.95
130.252
130.55
130.844
131.135
131.421
131.703
131.981
132.254
132.523
132.787
133.046
133.299
133.547
133.79
134.028
134.259
134.484
134.704
134.917
135.123
135.323
135.516
135.702
135.882
136.054
136.218
136.376
136.526
136.668
136.802
136.928
137.047
137.156
137.257
137.35
137.433
137.508
137.573
137.629
137.676
137.714
137.742
137.76
137.769
137.768
137.758
137.737
137.706
137.665
137.615
137.554
137.483
137.402
137.312
137.211
137.101
136.981
136.85
136.71
136.561
136.401
136.233
136.055
135.868
135.672
135.468
135.256
135.035
134.806
134.57
134.326
134.075
133.818
133.554
133.285
133.01
132.729
132.444
132.154
131.86
131.563
131.263
130.96
130.654
130.348
130.04
129.733
129.425
129.117
128.811
128.507
128.205
127.905
127.609
127.317
127.029
126.746
126.469
126.198
125.933
125.676
125.426
125.184
124.951
124.726
124.511
124.306
124.11
123.925
123.751
123.588
123.436
123.295
123.166
123.049
122.944
122.851
122.77
122.701
122.645
122.6
122.568
122.548
122.539
122.542
122.557
122.583
122.619
122.667
122.724
122.791
122.868
122.954
123.048
123.151
123.261
123.377
123.501
123.63
123.765
123.904
124.048
124.195
124.346
124.498
124.653
124.808
124.965
125.121
125.277
125.431
125.584
125.734
125.882
126.026
126.166
126.303
126.434
126.56
126.68
126.794
126.902
127.004
127.097
127.184
127.262
127.333
127.396
127.45
127.495
127.532
127.561
127.58
127.59
127.592
127.585
127.569
127.544
127.51
127.468
127.417
127.358
127.291
127.216
127.133
127.043
126.946
126.841
126.73
126.612
126.489
126.36
126.226
126.086
125.942
125.794
125.642
125.487
125.329
125.167
125.004
124.839
124.672
124.505
124.336
124.168
123.999
123.83
123.662
123.495
123.33
123.166
123.004
122.844
122.687
122.533
122.382
122.234
122.09
121.949
121.813
121.681
121.553
121.429
121.311
121.197
121.089
120.986
120.888
120.797
120.71
120.629
120.554
120.485
120.422
120.364
120.313
120.267
120.228
120.195
120.168
120.147
120.132
120.123
120.12
120.123
120.133
120.148
120.168
120.195
120.227
120.265
120.308
120.357
120.411
120.47
120.535
120.604
120.678
120.756
120.839
120.926
121.017
121.113
121.212
121.314
121.421
121.53
121.643
121.759
121.877
121.998
122.121
122.247
122.374
122.503
122.633
122.765
122.897
123.03
123.164
123.298
123.433
123.567
123.701
123.834
123.966
124.098
124.228
124.357
124.484
124.61
124.733
124.854
124.973
125.089
125.202
125.312
125.418
125.521
125.621
125.716
125.807
125.894
125.977
126.054
126.127
126.195
126.257
126.314
126.365
126.411
126.451
126.485
126.512
126.534
126.55
126.559
126.562
126.558
126.547
126.53
126.506
126.476
126.439
126.395
126.344
126.287
126.223
126.153
126.076
125.993
125.903
125.807
125.704
125.595
125.48
125.359
125.232
125.099
124.96
124.816
124.666
124.511
124.352
124.187
124.018
123.844
123.667
123.485
123.3
123.111
122.919
122.724
122.526
122.326
122.124
121.92
121.714
121.508
121.3
121.091
120.883
120.674
120.466
120.258
120.051
119.845
119.641
119.439
119.239
119.041
118.846
118.654
118.466
118.281
118.099
117.922
117.749
117.58
117.416
117.258
117.104
116.956
116.814
116.677
116.546
116.421
116.302
116.188
116.082
115.981
115.886
115.798
115.716
115.64
115.571
115.507
115.45
115.398
115.352
115.312
115.278
115.25
115.227
115.209
115.197
115.189
115.187
115.19
115.197
115.208
115.225
115.245
115.27
115.3
115.333
115.371
115.413
115.458
115.508
115.562
115.62
115.682
115.748
115.819
115.893
115.972
116.055
116.143
116.235
116.332
116.434
116.541
116.654
116.771
116.894
117.022
117.156
117.295
117.44
117.592
117.749
117.912
118.082
118.259
118.442
118.631
118.827
119.03
119.239
119.455
119.678
119.907
120.143
120.384
120.633
120.887
121.147
121.413
121.685
121.962
122.244
122.531
122.823
123.119
123.418
123.721
124.028
124.337
124.648
124.962
125.277
125.594
125.912
126.23
126.549
126.867
127.185
127.502
127.817
128.131
128.443
128.752
129.058
129.361
129.66
129.956
130.247
130.534
130.816
131.093
131.364
131.629
131.889
132.142
132.389
132.63
132.864
133.091
133.311
133.523
133.729
133.927
134.117
134.299
134.474
134.641
134.799
134.95
135.093
135.227
135.353
135.471
135.581
135.682
135.776
135.861
135.938
136.007
136.068
136.12
136.165
136.203
136.233
136.255
136.27
136.277
136.276
136.268
136.253
136.231
136.202
136.167
136.125
136.076
136.021
135.959
135.892
135.818
135.739
135.654
135.564
135.468
135.368
135.262
135.152
135.037
134.917
134.793
134.665
134.533
134.397
134.258
134.115
133.969
133.82
133.669
133.515
133.358
133.199
133.038
132.876
132.711
132.545
132.378
132.21
132.04
131.87
131.699
131.528
131.356
131.184
131.012
130.84
130.668
130.497
130.326
130.155
129.986
129.817
129.65
129.484
129.319
129.156
128.995
128.835
128.678
128.523
128.37
128.219
128.07
127.923
127.78
127.639
127.5
127.364
127.231
127.101
126.973
126.849
126.727
126.607
126.491
126.377
126.266
126.158
126.052
125.95
125.85
125.753
125.658
125.565
125.474
125.386
125.299
125.215
125.132
125.051
124.972
124.894
124.817
124.742
124.667
124.593
124.52
124.447
124.375
124.303
124.231
124.159
124.087
124.015
123.942
123.869
123.795
123.721
123.645
123.569
123.492
123.413
123.333
123.253
123.171
123.087
123.003
122.917
122.83
122.742
122.652
122.561
122.469
122.376
122.281
122.185
122.089
121.991
121.893
121.794
121.694
121.594
121.494
121.393
121.292
121.191
121.091
120.991
120.891
120.793
120.695
120.598
120.503
120.409
120.317
120.226
120.138
120.052
119.969
119.888
119.81
119.736
119.664
119.597
119.532
119.472
119.415
119.363
119.315
119.271
119.232
119.197
119.167
119.142
119.123
119.108
119.098
119.093
119.094
119.1
119.111
119.127
119.149
119.176
119.208
119.245
119.287
119.334
119.385
119.442
119.503
119.569
119.64
119.714
119.793
119.875
119.962
120.052
120.146
120.243
120.343
120.447
120.553
120.663
120.774
120.889
121.006
121.125
121.245
121.368
121.492
121.618
121.745
121.874
122.003
122.133
122.265
122.397
122.529
122.663
122.797
122.931
123.066
123.201
123.336
123.472
123.608
123.744
123.88
124.016
124.152
124.287
124.423
124.558
124.693
124.828
124.962
125.095
125.228
125.361
125.492
125.622
125.752
125.881
126.009
126.135
126.26
126.384
126.506
126.627
126.745
126.862
126.977
127.089
127.2
127.307
127.412
127.515
127.615
127.711
127.805
127.896
127.983
128.068
128.149
128.227
128.302
128.373
128.441
128.506
128.567
128.624
128.678
128.728
128.775
128.818
128.858
128.895
128.928
128.958
128.984
129.008
129.028
129.046
129.061
129.073
129.082
129.089
129.093
129.095
129.094
129.091
129.086
129.078
129.069
129.058
129.045
129.03
129.013
128.994
128.974
128.952
128.928
128.903
128.877
128.849
128.819
128.788
128.755
128.721
128.685
128.647
128.608
128.567
128.524
128.479
128.432
128.382
128.33
128.276
128.218
128.158
128.095
128.029
127.96
127.887
127.811
127.731
127.647
127.559
127.467
127.37
127.269
127.164
127.054
126.939
126.819
126.694
126.564
126.428
126.287
126.141
125.989
125.832
125.669
125.501
125.327
125.147
124.962
124.772
124.576
124.374
124.167
123.955
123.737
123.515
123.287
123.055
122.818
122.576
122.33
122.08
121.825
121.567
121.306
121.041
120.772
120.501
120.227
119.951
119.672
119.392
119.11
118.827
118.542
118.257
117.971
117.684
117.398
117.111
116.826
116.541
116.256
115.973
115.692
115.413
115.135
114.86
114.588
114.319
114.053
113.791
113.533
113.279
113.03
112.786
112.546
112.312
112.084
111.862
111.646
111.437
111.234
111.039
110.852
110.672
110.5
110.337
110.183
110.038
109.902
109.776
109.66
109.554
109.459
109.374
109.301
109.239
109.189
109.151
109.125
109.111
109.11
109.122
109.146
109.184
109.235
109.299
109.376
109.467
109.571
109.689
109.82
109.964
110.122
110.293
110.477
110.674
110.884
111.106
111.341
111.589
111.848
112.119
112.402
112.695
112.999
113.314
113.639
113.974
114.317
114.67
115.031
115.4
115.776
116.159
116.549
116.945
117.346
117.752
118.163
118.578
118.996
119.416
119.84
120.264
120.691
121.118
121.545
121.971
122.397
122.822
123.245
123.665
124.083
124.497
124.907
125.313
125.714
126.11
126.5
126.885
127.262
127.633
127.997
128.352
128.7
129.039
129.369
129.69
130.002
130.304
130.595
130.877
131.148
131.409
131.658
131.896
132.123
132.338
132.541
132.732
132.911
133.078
133.233
133.374
133.504
133.621
133.725
133.816
133.894
133.96
134.012
134.051
134.077
134.09
134.091
134.078
134.052
134.014
133.963
133.9
133.824
133.736
133.635
133.523
133.399
133.264
133.118
132.961
132.793
132.615
132.427
132.229
132.022
131.806
131.581
131.348
131.108
130.86
130.605
130.344
130.077
129.804
129.527
129.245
128.96
128.671
128.379
128.086
127.791
127.495
127.199
126.902
126.607
126.314
126.023
125.734
125.448
125.167
124.89
124.617
124.35
124.089
123.835
123.587
123.346
123.113
122.889
122.672
122.464
122.266
122.077
121.897
121.728
121.569
121.42
121.282
121.154
121.037
120.932
120.836
120.752
120.679
120.616
120.564
120.523
120.493
120.473
120.464
120.465
120.476
120.497
120.528
120.569
120.619
120.679
120.747
120.825
120.911
121.006
121.11
121.221
121.34
121.467
121.602
121.743
121.892
122.047
122.209
122.378
122.553
122.733
122.92
123.112
123.31
123.513
123.721
123.935
124.153
124.375
124.602
124.833
125.068
125.306
125.548
125.794
126.043
126.295
126.55
126.807
127.067
127.33
127.594
127.861
128.13
128.4
128.672
128.945
129.219
129.495
129.771
130.048
130.325
130.603
130.881
131.158
131.436
131.713
131.988
132.263
132.537
132.809
133.08
133.348
133.614
133.878
134.139
134.397
134.653
134.904
135.152
135.396
135.636
135.872
136.102
136.328
136.549
136.764
136.974
137.177
137.375
137.566
137.751
137.928
138.098
138.261
138.417
138.565
138.705
138.836
138.959
139.074
139.18
139.277
139.364
139.443
139.512
139.572
139.623
139.663
139.694
139.714
139.725
139.725
139.715
139.695
139.664
139.623
139.572
139.51
139.438
139.355
139.261
139.157
139.043
138.918
138.783
138.638
138.482
138.317
138.141
137.956
137.761
137.557
137.342
137.119
136.886
136.644
136.393
136.133
135.865
135.589
135.304
135.012
134.713
134.406
134.091
133.77
133.443
133.109
132.769
132.423
132.071
131.714
131.353
130.987
130.617
130.243
129.866
129.486
129.103
128.718
128.331
127.943
127.554
127.164
126.773
126.383
125.993
125.604
125.217
124.831
124.447
124.066
123.688
123.314
122.943
122.576
122.213
121.855
121.503
121.155
120.814
120.479
120.15
119.828
119.512
119.204
118.904
118.611
118.326
118.049
117.78
117.519
117.267
117.024
116.789
116.563
116.345
116.137
115.937
115.747
115.566
115.394
115.231
115.077
114.932
114.796
114.669
114.551
114.443
114.343
114.251
114.169
114.094
114.028
113.971
113.921
113.88
113.847
113.821
113.803
113.792
113.789
113.794
113.805
113.822
113.847
113.878
113.915
113.958
114.007
114.062
114.123
114.189
114.261
114.338
114.419
114.506
114.597
114.693
114.793
114.898
115.006
115.119
115.236
115.356
115.48
115.607
115.738
115.872
116.009
116.15
116.293
116.439
116.588
116.739
116.893
117.049
117.207
117.367
117.53
117.695
117.861
118.03
118.2
118.372
118.545
118.719
118.895
119.073
119.251
119.431
119.611
119.792
119.973
120.155
120.336
120.518
120.699
120.88
121.06
121.239
121.417
121.594
121.77
121.944
122.115
122.285
122.452
122.617
122.779
122.937
123.093
123.245
123.393
123.537
123.676
123.811
123.942
124.067
124.188
124.302
124.412
124.515
124.612
124.703
124.788
124.866
124.938
125.004
125.063
125.115
125.16
125.199
125.231
125.255
125.273
125.285
125.289
125.288
125.279
125.265
125.245
125.219
125.187
125.15
125.108
125.061
125.009
124.954
124.894
124.83
124.763
124.694
124.622
124.548
124.472
124.395
124.317
124.239
124.161
124.083
124.007
123.931
123.857
123.785
123.716
123.65
123.587
123.528
123.472
123.422
123.376
123.335
123.3
123.271
123.247
123.23
123.219
123.216
123.219
123.228
123.245
123.27
123.302
123.341
123.388
123.442
123.503
123.572
123.649
123.732
123.822
123.92
124.024
124.135
124.252
124.375
124.504
124.639
124.779
124.923
125.072
125.225
125.382
125.542
125.704
125.869
126.035
126.203
126.372
126.541
126.709
126.877
127.044
127.209
127.372
127.532
127.689
127.842
127.991
128.135
128.275
128.408
128.535
128.656
128.77
128.877
128.977
129.069
129.153
129.228
129.295
129.353
129.403
129.443
129.474
129.496
129.508
129.511
129.504
129.488
129.463
129.428
129.383
129.329
129.267
129.195
129.115
129.026
128.929
128.824
128.71
128.589
128.46
128.325
128.182
128.033
127.877
127.715
127.548
127.376
127.198
127.016
126.831
126.641
126.448
126.252
126.054
125.854
125.651
125.447
125.243
125.037
124.832
124.626
124.421
124.217
124.015
123.814
123.615
123.419
123.226
123.036
122.85
122.668
122.49
122.316
122.148
121.984
121.825
121.672
121.525
121.384
121.249
121.121
121
120.885
120.778
120.677
120.584
120.499
120.421
120.35
120.287
120.232
120.184
120.144
120.111
120.087
120.069
120.06
120.057
120.062
120.074
120.093
120.119
120.152
120.191
120.237
120.29
120.348
120.412
120.482
120.558
120.639
120.725
120.815
120.911
121.011
121.115
121.223
121.335
121.45
121.568
121.689
121.814
121.94
122.069
122.201
122.334
122.468
122.605
122.742
122.88
123.019
123.159
123.299
123.44
123.581
123.721
123.861
124.001
124.14
124.278
124.415
124.552
124.688
124.822
124.955
125.085
125.215
125.342
125.467
125.59
125.71
125.829
125.944
126.057
126.167
126.274
126.379
126.48
126.578
126.672
126.763
126.851
126.935
127.016
127.093
127.166
127.236
127.302
127.364
127.423
127.478
127.529
127.575
127.618
127.657
127.691
127.722
127.749
127.772
127.791
127.806
127.817
127.823
127.826
127.825
127.821
127.812
127.8
127.784
127.765
127.742
127.716
127.687
127.654
127.619
127.579
127.537
127.492
127.444
127.393
127.34
127.284
127.226
127.166
127.103
127.038
126.971
126.902
126.832
126.76
126.687
126.612
126.536
126.459
126.381
126.303
126.223
126.143
126.063
125.982
125.901
125.82
125.739
125.658
125.577
125.497
125.417
125.338
125.26
125.183
125.106
125.031
124.957
124.884
124.813
124.743
124.675
124.608
124.544
124.481
124.42
124.361
124.305
124.25
124.198
124.148
124.1
124.055
124.012
123.971
123.933
123.898
123.865
123.835
123.808
123.783
123.76
123.741
123.723
123.708
123.696
123.686
123.679
123.674
123.672
123.672
123.675
123.68
123.688
123.698
123.711
123.726
123.744
123.764
123.787
123.812
123.84
123.87
123.902
123.938
123.976
124.016
124.059
124.105
124.154
124.205
124.259
124.315
124.374
124.435
124.499
124.565
124.635
124.707
124.781
124.858
124.938
125.021
125.106
125.194
125.284
125.377
125.473
125.571
125.672
125.775
125.881
125.989
126.099
126.212
126.327
126.443
126.562
126.682
126.805
126.928
127.054
127.18
127.308
127.437
127.567
127.698
127.829
127.96
128.092
128.224
128.355
128.487
128.617
128.747
128.877
129.005
129.132
129.257
129.381
129.503
129.623
129.741
129.856
129.969
130.079
130.186
130.29
130.391
130.488
130.582
130.671
130.757
130.839
130.917
130.991
131.06
131.126
131.187
131.243
131.296
131.343
131.387
131.426
131.462
131.493
131.52
131.543
131.561
131.576
131.586
131.593
131.596
131.594
131.589
131.581
131.569
131.554
131.535
131.513
131.489
131.462
131.431
131.398
131.362
131.322
131.281
131.237
131.19
131.142
131.091
131.037
130.982
130.924
130.864
130.802
130.737
130.671
130.603
130.532
130.459
130.385
130.308
130.229
130.147
130.064
129.978
129.891
129.801
129.708
129.614
129.517
129.418
129.317
129.213
129.107
128.998
128.887
128.773
128.657
128.539
128.418
128.295
128.17
128.042
127.911
127.778
127.643
127.506
127.366
127.223
127.079
126.933
126.784
126.634
126.481
126.327
126.17
126.011
125.851
125.689
125.525
125.359
125.191
125.022
124.851
124.678
124.504
124.328
124.15
123.971
123.79
123.608
123.423
123.238
123.05
122.861
122.67
122.478
122.284
122.088
121.891
121.691
121.49
121.287
121.082
120.876
120.667
120.457
120.245
120.03
119.814
119.596
119.376
119.155
118.931
118.706
118.48
118.252
118.022
117.791
117.559
117.326
117.091
116.857
116.621
116.385
116.149
115.913
115.678
115.443
115.208
114.975
114.742
114.512
114.283
114.056
113.832
113.61
113.392
113.178
112.967
112.761
112.559
112.361
112.169
111.982
111.801
111.626
111.457
111.295
111.14
110.992
110.852
110.719
110.594
110.478
110.37
110.271
110.181
110.099
110.027
109.965
109.912
109.868
109.835
109.811
109.797
109.792
109.798
109.814
109.84
109.876
109.922
109.978
110.044
110.119
110.204
110.298
110.402
110.515
110.637
110.768
110.908
111.057
111.213
111.378
111.551
111.731
111.918
112.113
112.314
112.521
112.735
112.954
113.178
113.408
113.642
113.88
114.123
114.369
114.618
114.869
115.123
115.378
115.635
115.893
116.152
116.411
116.669
116.927
117.184
117.44
117.693
117.944
118.192
118.436
118.677
118.914
119.147
119.375
119.598
119.815
120.027
120.233
120.432
120.625
120.811
120.99
121.162
121.326
121.482
121.631
121.772
121.905
122.03
122.147
122.256
122.356
122.448
122.533
122.609
122.677
122.738
122.791
122.836
122.874
122.906
122.93
122.948
122.96
122.966
122.967
122.962
122.953
122.939
122.921
122.899
122.875
122.847
122.818
122.786
122.754
122.72
122.686
122.652
122.619
122.587
122.556
122.526
122.499
122.475
122.453
122.435
122.421
122.41
122.404
122.402
122.405
122.413
122.426
122.445
122.468
122.498
122.533
122.574
122.62
122.673
122.73
122.794
122.863
122.938
123.018
123.103
123.194
123.289
123.389
123.494
123.603
123.716
123.834
123.955
124.08
124.208
124.34
124.474
124.611
124.75
124.891
125.033
125.178
125.323
125.47
125.617
125.766
125.915
126.063
126.212
126.36
126.508
126.654
126.8
126.944
127.087
127.228
127.367
127.504
127.638
127.771
127.9
128.027
128.151
128.271
128.388
128.501
128.61
128.716
128.818
128.915
129.008
129.097
129.181
129.261
129.335
129.405
129.47
129.531
129.586
129.636
129.68
129.719
129.753
129.781
129.804
129.821
129.832
129.838
129.838
129.833
129.822
129.805
129.783
129.754
129.72
129.68
129.634
129.582
129.524
129.46
129.391
129.315
129.234
129.146
129.052
128.953
128.847
128.735
128.618
128.494
128.364
128.229
128.087
127.94
127.787
127.628
127.463
127.293
127.117
126.935
126.748
126.555
126.357
126.154
125.946
125.733
125.516
125.294
125.067
124.836
124.601
124.363
124.121
123.876
123.628
123.378
123.125
122.87
122.613
122.355
122.096
121.836
121.575
121.314
121.054
120.795
120.536
120.279
120.024
119.771
119.52
119.273
119.029
118.79
118.555
118.324
118.099
117.88
117.667
117.461
117.261
117.069
116.884
116.707
116.539
116.381
116.231
116.091
115.961
115.841
115.732
115.635
115.548
115.473
115.41
115.36
115.321
115.296
115.283
115.284
115.298
115.326
115.367
115.421
115.489
115.571
115.666
115.775
115.898
116.034
116.184
116.347
116.524
116.713
116.915
117.13
117.357
117.595
117.845
118.105
118.377
118.658
118.949
119.25
119.559
119.875
120.2
120.531
120.868
121.211
121.559
121.911
122.267
122.626
122.987
123.349
123.711
124.074
124.435
124.795
125.153
125.507
125.858
126.204
126.545
126.88
127.209
127.53
127.844
128.148
128.444
128.73
129.006
129.272
129.526
129.768
129.999
130.218
130.423
130.616
130.796
130.962
131.114
131.252
131.375
131.485
131.58
131.66
131.726
131.778
131.815
131.838
131.846
131.84
131.82
131.787
131.74
131.68
131.607
131.521
131.423
131.313
131.192
131.06
130.917
130.763
130.601
130.429
130.248
130.059
129.862
129.659
129.449
129.234
129.013
128.788
128.558
128.325
128.09
127.852
127.612
127.372
127.132
126.892
126.652
126.415
126.179
125.947
125.717
125.491
125.27
125.054
124.843
124.638
124.44
124.248
124.064
123.888
123.72
123.56
123.409
123.267
123.134
123.011
122.897
122.793
122.7
122.616
122.543
122.48
122.427
122.384
122.352
122.329
122.317
122.314
122.322
122.338
122.364
122.4
122.444
122.496
122.557
122.626
122.703
122.787
122.878
122.975
123.079
123.189
123.305
123.426
123.552
123.683
123.818
123.957
124.099
124.245
124.394
124.546
124.699
124.856
125.014
125.173
125.334
125.496
125.658
125.821
125.985
126.149
126.313
126.477
126.641
126.805
126.968
127.13
127.292
127.452
127.612
127.771
127.929
128.086
128.241
128.396
128.549
128.701
128.853
129.003
129.152
129.3
129.446
129.592
129.736
129.88
130.022
130.163
130.304
130.443
130.581
130.718
130.854
130.989
131.123
131.256
131.388
131.519
131.649
131.778
131.906
132.033
132.159
132.284
132.407
132.529
132.65
132.769
132.887
133.003
133.118
133.231
133.343
133.453
133.56
133.666
133.769
133.871
133.969
134.066
134.16
134.251
134.34
134.426
134.509
134.589
134.666
134.74
134.811
134.878
134.942
135.002
135.058
135.11
135.158
135.203
135.243
135.279
135.31
135.338
135.36
135.378
135.391
135.399
135.403
135.401
135.394
135.382
135.364
135.342
135.314
135.28
135.241
135.195
135.144
135.087
135.024
134.955
134.88
134.799
134.711
134.617
134.517
134.41
134.297
134.178
134.052
133.919
133.781
133.635
133.484
133.326
133.162
132.991
132.815
132.633
132.445
132.251
132.051
131.846
131.636
131.421
131.2
130.975
130.746
130.512
130.274
130.032
129.786
129.536
129.284
129.029
128.77
128.51
128.247
127.982
127.715
127.447
127.178
126.908
126.637
126.366
126.096
125.825
125.555
125.285
125.017
124.749
124.483
124.219
123.956
123.695
123.436
123.179
122.925
122.673
122.424
122.177
121.934
121.694
121.457
121.223
120.992
120.765
120.542
120.322
120.106
119.894
119.686
119.482
119.281
119.085
118.893
118.705
118.521
118.342
118.166
117.995
117.829
117.667
117.51
117.357
117.21
117.067
116.928
116.795
116.666
116.542
116.423
116.31
116.201
116.098
115.999
115.906
115.817
115.734
115.656
115.583
115.516
115.453
115.396
115.343
115.296
115.254
115.217
115.185
115.158
115.137
115.12
115.108
115.101
115.099
115.102
115.11
115.122
115.138
115.159
115.184
115.213
115.247
115.284
115.326
115.371
115.42
115.473
115.529
115.589
115.653
115.719
115.789
115.862
115.937
116.016
116.098
116.182
116.268
116.357
116.448
116.542
116.637
116.735
116.834
116.935
117.038
117.142
117.247
117.354
117.462
117.57
117.68
117.79
117.901
118.012
118.123
118.234
118.346
118.457
118.567
118.677
118.786
118.894
119.001
119.107
119.211
119.314
119.415
119.514
119.611
119.705
119.797
119.887
119.974
120.059
120.14
120.219
120.294
120.365
120.433
120.498
120.558
120.615
120.668
120.717
120.762
120.803
120.84
120.873
120.902
120.927
120.948
120.964
120.977
120.985
120.99
120.99
120.987
120.98
120.969
120.955
120.937
120.916
120.892
120.864
120.834
120.801
120.766
120.728
120.688
120.646
120.602
120.557
120.51
120.462
120.413
120.364
120.313
120.263
120.212
120.161
120.111
120.061
120.013
119.965
119.918
119.872
119.828
119.786
119.746
119.708
119.672
119.639
119.608
119.58
119.555
119.533
119.514
119.498
119.485
119.476
119.471
119.469
119.471
119.476
119.486
119.499
119.516
119.537
119.561
119.59
119.622
119.658
119.697
119.741
119.788
119.839
119.894
119.952
120.014
120.079
120.148
120.22
120.294
120.372
120.453
120.538
120.625
120.714
120.807
120.901
120.998
121.097
121.198
121.301
121.406
121.513
121.621
121.731
121.842
121.955
122.069
122.184
122.3
122.417
122.535
122.654
122.773
122.894
123.015
123.137
123.259
123.382
123.507
123.632
123.757
123.884
124.011
124.138
124.267
124.396
124.526
124.657
124.788
124.92
125.054
125.188
125.322
125.458
125.595
125.733
125.872
126.012
126.153
126.296
126.439
126.584
126.731
126.879
127.028
127.178
127.331
127.484
127.64
127.797
127.956
128.116
128.278
128.442
128.607
128.774
128.943
129.113
129.284
129.458
129.632
129.808
129.986
130.165
130.345
130.527
130.71
130.894
131.079
131.265
131.452
131.64
131.828
132.017
132.206
132.396
132.585
132.774
132.962
133.151
133.338
133.524
133.71
133.893
134.076
134.257
134.436
134.613
134.787
134.959
135.128
135.294
135.457
135.616
135.772
135.924
136.072
136.216
136.355
136.489
136.619
136.743
136.863
136.976
137.085
137.187
137.283
137.374
137.458
137.536
137.606
137.67
137.727
137.777
137.819
137.855
137.883
137.903
137.916
137.921
137.918
137.908
137.889
137.863
137.829
137.787
137.737
137.679
137.613
137.539
137.457
137.366
137.268
137.161
137.046
136.923
136.792
136.653
136.506
136.351
136.187
136.016
135.837
135.651
135.456
135.255
135.045
134.828
134.603
134.371
134.131
133.884
133.63
133.369
133.101
132.827
132.545
132.257
131.963
131.662
131.356
131.044
130.726
130.403
130.075
129.742
129.405
129.063
128.716
128.366
128.013
127.656
127.296
126.934
126.57
126.204
125.836
125.468
125.099
124.729
124.36
123.992
123.625
123.259
122.895
122.533
122.173
121.817
121.464
121.114
120.769
120.428
120.091
119.759
119.433
119.112
118.798
118.489
118.186
117.89
117.601
117.319
117.044
116.776
116.516
116.263
116.018
115.781
115.552
115.33
115.117
114.911
114.713
114.524
114.342
114.168
114.002
113.843
113.693
113.549
113.414
113.286
113.165
113.052
112.945
112.846
112.753
112.667
112.587
112.514
112.447
112.387
112.332
112.283
112.24
112.203
112.17
112.144
112.122
112.106
112.094
112.088
112.086
112.088
112.096
112.107
112.123
112.143
112.168
112.196
112.229
112.265
112.306
112.35
112.399
112.451
112.507
112.567
112.63
112.697
112.768
112.842
112.92
113.001
113.086
113.174
113.266
113.362
113.461
113.565
113.671
113.782
113.896
114.015
114.137
114.263
114.393
114.526
114.664
114.806
114.953
115.103
115.257
115.416
115.58
115.747
115.92
116.096
116.278
116.463
116.654
116.848
117.048
117.251
117.459
117.671
117.888
118.109
118.335
118.564
118.798
119.036
119.277
119.523
119.772
120.025
120.281
120.54
120.803
121.068
121.336
121.607
121.88
122.155
122.431
122.709
122.989
123.269
123.55
123.832
124.114
124.396
124.677
124.957
125.236
125.514
125.79
126.064
126.336
126.605
126.872
127.135
127.396
127.652
127.905
128.153
128.398
128.637
128.872
129.102
129.327
129.547
129.761
129.969
130.172
130.369
130.561
130.746
130.926
131.099
131.267
131.429
131.584
131.734
131.877
132.015
132.147
132.273
132.393
132.508
132.617
132.721
132.819
132.913
133.001
133.084
133.162
133.235
133.303
133.367
133.426
133.481
133.531
133.578
133.62
133.658
133.692
133.723
133.749
133.772
133.792
133.807
133.819
133.828
133.833
133.835
133.833
133.828
133.819
133.807
133.792
133.774
133.752
133.727
133.698
133.666
133.631
133.592
133.55
133.504
133.456
133.404
133.348
133.289
133.226
133.16
133.09
133.016
132.938
132.856
132.771
132.682
132.589
132.492
132.391
132.286
132.177
132.065
131.949
131.829
131.705
131.577
131.445
131.31
131.171
131.029
130.883
130.733
130.58
130.424
130.264
130.101
129.934
129.765
129.593
129.418
129.24
129.06
128.878
128.693
128.506
128.317
128.127
127.935
127.741
127.547
127.352
127.155
126.959
126.761
126.564
126.368
126.171
125.976
125.782
125.589
125.397
125.208
125.02
124.835
124.652
124.473
124.297
124.125
123.957
123.793
123.634
123.481
123.333
123.19
123.053
122.923
122.799
122.682
122.572
122.469
122.374
122.286
122.207
122.135
122.072
122.017
121.969
121.931
121.901
121.879
121.866
121.861
121.864
121.876
121.895
121.923
121.958
122
122.049
122.105
122.168
122.236
122.311
122.392
122.477
122.568
122.664
122.763
122.867
122.974
123.084
123.197
123.312
123.429
123.547
123.667
123.787
123.908
124.029
124.15
124.27
124.389
124.506
124.622
124.736
124.848
124.957
125.064
125.167
125.268
125.364
125.456
125.545
125.629
125.708
125.783
125.852
125.916
125.975
126.028
126.075
126.116
126.151
126.18
126.202
126.217
126.226
126.227
126.222
126.21
126.191
126.164
126.13
126.089
126.041
125.985
125.923
125.853
125.776
125.691
125.6
125.502
125.397
125.285
125.166
125.041
124.909
124.771
124.626
124.476
124.32
124.158
123.991
123.818
123.641
123.459
123.272
123.081
122.887
122.688
122.486
122.281
122.074
121.864
121.652
121.438
121.223
121.006
120.789
120.572
120.355
120.138
119.922
119.707
119.493
119.281
119.072
118.865
118.661
118.46
118.263
118.07
117.881
117.696
117.517
117.343
117.174
117.011
116.855
116.705
116.562
116.426
116.298
116.177
116.065
115.961
115.865
115.778
115.7
115.631
115.572
115.522
115.482
115.452
115.432
115.422
115.422
115.433
115.454
115.486
115.529
115.582
115.646
115.721
115.807
115.904
116.012
116.13
116.26
116.4
116.551
116.712
116.884
117.067
117.26
117.463
117.676
117.898
118.13
118.371
118.621
118.88
119.147
119.422
119.704
119.993
120.289
120.592
120.899
121.212
121.53
121.852
122.177
122.506
122.836
123.169
123.503
123.838
124.172
124.506
124.839
125.171
125.499
125.825
126.147
126.465
126.779
127.086
127.388
127.684
127.972
128.253
128.526
128.79
129.044
129.29
129.525
129.75
129.964
130.168
130.359
130.54
130.708
130.864
131.008
131.139
131.257
131.363
131.456
131.535
131.603
131.657
131.699
131.728
131.745
131.749
131.741
131.721
131.69
131.647
131.593
131.528
131.453
131.369
131.274
131.171
131.059
130.938
130.81
130.675
130.534
130.386
130.233
130.074
129.912
129.745
129.575
129.402
129.227
129.051
128.873
128.695
128.516
128.339
128.162
127.986
127.813
127.642
127.473
127.308
127.146
126.988
126.834
126.684
126.54
126.4
126.265
126.136
126.012
125.893
125.781
125.673
125.572
125.475
125.384
125.299
125.218
125.143
125.072
125.006
124.945
124.889
124.836
124.788
124.744
124.703
124.666
124.632
124.601
124.573
124.547
124.524
124.504
124.485
124.468
124.453
124.439
124.426
124.415
124.405
124.396
124.388
124.38
124.374
124.368
124.362
124.358
124.354
124.351
124.348
124.347
124.346
124.346
124.348
124.351
124.354
124.359
124.366
124.375
124.385
124.397
124.411
124.427
124.446
124.467
124.49
124.517
124.547
124.579
124.615
124.655
124.697
124.744
124.794
124.848
124.906
124.968
125.035
125.105
125.18
125.259
125.341
125.429
125.52
125.615
125.715
125.819
125.926
126.037
126.152
126.271
126.394
126.519
126.648
126.78
126.915
127.052
127.192
127.335
127.479
127.625
127.772
127.921
128.07
128.219
128.369
128.519
128.668
128.817
128.965
129.112
129.257
129.4
129.541
129.679
129.815
129.948
130.077
130.202
130.323
130.44
130.553
130.66
130.762
130.858
130.949
131.034
131.113
131.185
131.25
131.309
131.36
131.404
131.441
131.47
131.492
131.506
131.512
131.511
131.501
131.483
131.457
131.422
131.38
131.329
131.269
131.202
131.126
131.042
130.95
130.849
130.741
130.625
130.501
130.369
130.229
130.082
129.928
129.767
129.598
129.422
129.24
129.05
128.854
128.652
128.443
128.229
128.009
127.783
127.551
127.315
127.073
126.827
126.576
126.321
126.061
125.798
125.531
125.261
124.987
124.71
124.431
124.149
123.864
123.577
123.289
122.999
122.708
122.416
122.123
121.829
121.535
121.242
120.948
120.656
120.364
120.074
119.785
119.497
119.212
118.929
118.648
118.371
118.096
117.825
117.558
117.294
117.035
116.781
116.531
116.286
116.047
115.813
115.585
115.363
115.147
114.938
114.736
114.541
114.354
114.174
114.001
113.837
113.682
113.534
113.396
113.266
113.146
113.035
112.934
112.843
112.762
112.691
112.63
112.58
112.541
112.512
112.494
112.487
112.491
112.506
112.532
112.57
112.619
112.68
112.753
112.836
112.932
113.039
113.158
113.288
113.429
113.582
113.747
113.923
114.11
114.308
114.516
114.735
114.964
115.204
115.454
115.713
115.981
116.259
116.546
116.841
117.144
117.455
117.773
118.099
118.431
118.769
119.114
119.464
119.819
120.18
120.544
120.913
121.285
121.66
122.037
122.417
122.799
123.182
123.566
123.951
124.336
124.72
125.104
125.486
125.867
126.246
126.623
126.996
127.367
127.734
128.098
128.457
128.811
129.161
129.505
129.845
130.178
130.506
130.827
131.142
131.449
131.75
132.043
132.329
132.607
132.877
133.14
133.394
133.639
133.876
134.104
134.323
134.532
134.733
134.923
135.105
135.276
135.438
135.589
135.731
135.862
135.983
136.094
136.195
136.285
136.364
136.433
136.491
136.539
136.575
136.601
136.616
136.62
136.614
136.596
136.569
136.53
136.481
136.421
136.35
136.269
136.178
136.076
135.963
135.841
135.708
135.566
135.414
135.252
135.081
134.901
134.712
134.515
134.308
134.094
133.871
133.641
133.403
133.158
132.906
132.647
132.382
132.11
131.833
131.551
131.264
130.972
130.676
130.376
130.072
129.766
129.457
129.146
128.833
128.52
128.205
127.89
127.574
127.259
126.945
126.632
126.321
126.013
125.706
125.403
125.103
124.807
124.515
124.227
123.945
123.667
123.395
123.129
122.868
122.614
122.367
122.126
121.893
121.667
121.448
121.236
121.032
120.835
120.647
120.466
120.294
120.129
119.971
119.822
119.68
119.546
119.42
119.3
119.189
119.084
118.987
118.896
118.812
118.735
118.664
118.6
118.541
118.489
118.442
118.4
118.364
118.334
118.308
118.287
118.27
118.258
118.25
118.247
118.247
118.251
118.258
118.269
118.283
118.301
118.322
118.346
118.373
118.403
118.435
118.471
118.509
118.549
118.593
118.639
118.687
118.737
118.79
118.845
118.903
118.962
119.024
119.088
119.154
119.222
119.293
119.365
119.439
119.515
119.594
119.674
119.755
119.839
119.924
120.01
120.098
120.188
120.279
120.371
120.465
120.56
120.656
120.754
120.852
120.951
121.05
121.151
121.251
121.352
121.454
121.556
121.658
121.76
121.862
121.964
122.066
122.167
122.268
122.369
122.469
122.568
122.666
122.763
122.859
122.955
123.048
123.141
123.232
123.321
123.409
123.495
123.579
123.662
123.742
123.821
123.898
123.972
124.045
124.115
124.184
124.25
124.314
124.376
124.435
124.491
124.546
124.598
124.647
124.694
124.739
124.78
124.82
124.856
124.89
124.922
124.95
124.976
124.999
125.02
125.037
125.052
125.065
125.074
125.081
125.085
125.086
125.085
125.081
125.074
125.064
125.052
125.037
125.02
125
124.978
124.953
124.926
124.897
124.865
124.831
124.796
124.758
124.718
124.676
124.633
124.589
124.543
124.495
124.446
124.396
124.345
124.294
124.241
124.188
124.134
124.08
124.026
123.972
123.917
123.863
123.809
123.756
123.703
123.65
123.599
123.548
123.498
123.449
123.401
123.354
123.307
123.262
123.218
123.175
123.133
123.092
123.053
123.014
122.976
122.939
122.902
122.866
122.83
122.795
122.76
122.725
122.69
122.655
122.619
122.583
122.545
122.507
122.467
122.426
122.384
122.339
122.293
122.244
122.194
122.14
122.084
122.026
121.964
121.899
121.83
121.758
121.683
121.604
121.521
121.435
121.345
121.251
121.154
121.052
120.947
120.838
120.726
120.609
120.49
120.367
120.241
120.111
119.979
119.844
119.707
119.568
119.427
119.284
119.14
118.996
118.85
118.705
118.559
118.414
118.27
118.127
117.985
117.846
117.709
117.576
117.445
117.318
117.194
117.075
116.961
116.852
116.749
116.651
116.56
116.476
116.398
116.328
116.265
116.211
116.165
116.127
116.098
116.079
116.069
116.068
116.077
116.096
116.125
116.165
116.214
116.274
116.344
116.425
116.516
116.618
116.73
116.852
116.985
117.128
117.282
117.445
117.618
117.801
117.993
118.194
118.404
118.622
118.849
119.084
119.327
119.576
119.833
120.097
120.366
120.642
120.922
121.208
121.498
121.792
122.09
122.39
122.693
122.998
123.305
123.613
123.922
124.23
124.539
124.846
125.152
125.456
125.758
126.058
126.354
126.646
126.935
127.219
127.497
127.771
128.039
128.3
128.556
128.804
129.045
129.278
129.503
129.72
129.929
130.128
130.319
130.5
130.672
130.835
130.988
131.131
131.265
131.388
131.502
131.606
131.699
131.783
131.856
131.92
131.973
132.017
132.051
132.076
132.091
132.096
132.093
132.08
132.059
132.029
131.99
131.943
131.888
131.825
131.755
131.676
131.591
131.498
131.398
131.291
131.177
131.057
130.93
130.798
130.659
130.514
130.362
130.205
130.042
129.873
129.698
129.517
129.331
129.139
128.941
128.738
128.53
128.316
128.096
127.871
127.641
127.406
127.166
126.921
126.671
126.416
126.157
125.893
125.625
125.353
125.078
124.798
124.515
124.229
123.939
123.647
123.352
123.056
122.757
122.457
122.156
121.855
121.552
121.25
120.949
120.648
120.349
120.051
119.756
119.463
119.173
118.886
118.603
118.324
118.049
117.78
117.516
117.257
117.005
116.759
116.521
116.289
116.065
115.849
115.641
115.441
115.251
115.069
114.897
114.735
114.582
114.44
114.307
114.185
114.074
113.973
113.883
113.804
113.735
113.678
113.631
113.596
113.572
113.559
113.556
113.565
113.584
113.614
113.654
113.705
113.767
113.838
113.92
114.011
114.112
114.223
114.343
114.472
114.61
114.756
114.911
115.074
115.245
115.424
115.61
115.804
116.004
116.21
116.423
116.642
116.867
117.097
117.332
117.572
117.817
118.066
118.319
118.576
118.837
119.101
119.367
119.637
119.909
120.184
120.46
120.739
121.019
121.3
121.583
121.867
122.151
122.436
122.722
123.008
123.294
123.58
123.866
124.152
124.437
124.721
125.005
125.288
125.57
125.852
126.132
126.412
126.69
126.968
127.244
127.519
127.793
128.065
128.335
128.604
128.872
129.138
129.402
129.665
129.926
130.185
130.443
130.698
130.952
131.203
131.452
131.699
131.944
132.186
132.426
132.662
132.896
133.127
133.355
133.579
133.799
134.016
134.23
134.439
134.644
134.844
135.039
135.229
135.413
135.592
135.764
135.93
136.09
136.243
136.389
136.527
136.658
136.78
136.895
137
137.097
137.185
137.263
137.331
137.389
137.438
137.476
137.504
137.521
137.528
137.524
137.51
137.484
137.448
137.4
137.342
137.272
137.192
137.101
136.999
136.886
136.762
136.628
136.484
136.33
136.166
135.993
135.81
135.619
135.418
135.209
134.991
134.766
134.533
134.292
134.045
133.791
133.53
133.264
132.992
132.715
132.433
132.146
131.856
131.561
131.263
130.962
130.659
130.354
130.047
129.739
129.429
129.12
128.81
128.501
128.192
127.884
127.578
127.274
126.972
126.672
126.376
126.083
125.795
125.51
125.23
124.955
124.686
124.422
124.163
123.912
123.667
123.428
123.197
122.974
122.758
122.55
122.35
122.159
121.976
121.802
121.637
121.481
121.334
121.196
121.068
120.949
120.839
120.738
120.648
120.566
120.494
120.431
120.378
120.333
120.298
120.272
120.254
120.245
120.245
120.253
120.269
120.292
120.323
120.362
120.408
120.46
120.52
120.585
120.657
120.734
120.818
120.906
121
121.098
121.201
121.308
121.418
121.533
121.65
121.771
121.895
122.021
122.15
122.281
122.413
122.547
122.683
122.821
122.959
123.099
123.238
123.379
123.519
123.66
123.801
123.941
124.081
124.221
124.359
124.497
124.634
124.77
124.905
125.038
125.17
125.3
125.428
125.554
125.679
125.801
125.92
126.037
126.151
126.261
126.369
126.474
126.576
126.674
126.768
126.858
126.944
127.026
127.103
127.176
127.243
127.306
127.363
127.416
127.463
127.504
127.539
127.569
127.592
127.609
127.62
127.625
127.623
127.614
127.598
127.576
127.546
127.51
127.467
127.417
127.359
127.295
127.224
127.146
127.06
126.968
126.869
126.764
126.651
126.533
126.408
126.277
126.14
125.997
125.848
125.693
125.534
125.369
125.2
125.027
124.849
124.667
124.481
124.292
124.1
123.905
123.708
123.508
123.306
123.102
122.897
122.691
122.484
122.277
122.069
121.861
121.653
121.446
121.24
121.035
120.831
120.629
120.43
120.232
120.037
119.844
119.655
119.468
119.285
119.106
118.93
118.759
118.591
118.429
118.27
118.117
117.968
117.824
117.685
117.551
117.423
117.3
117.183
117.071
116.965
116.865
116.77
116.682
116.598
116.521
116.45
116.384
116.325
116.271
116.223
116.181
116.145
116.115
116.09
116.071
116.058
116.05
116.047
116.05
116.058
116.072
116.09
116.114
116.143
116.176
116.215
116.257
116.304
116.355
116.411
116.47
116.533
116.599
116.669
116.743
116.819
116.899
116.981
117.067
117.154
117.244
117.335
117.429
117.525
117.622
117.721
117.821
117.922
118.024
118.127
118.231
118.335
118.44
118.544
118.65
118.755
118.86
118.965
119.069
119.174
119.278
119.382
119.485
119.587
119.689
119.79
119.89
119.989
120.087
120.185
120.282
120.378
120.473
120.567
120.66
120.753
120.844
120.935
121.025
121.114
121.203
121.291
121.378
121.465
121.552
121.638
121.723
121.808
121.893
121.978
122.062
122.146
122.23
122.313
122.397
122.481
122.565
122.648
122.732
122.816
122.9
122.984
123.069
123.153
123.237
123.322
123.406
123.491
123.575
123.66
123.744
123.828
123.912
123.996
124.079
124.162
124.244
124.326
124.408
124.489
124.569
124.648
124.727
124.804
124.88
124.956
125.03
125.103
125.174
125.244
125.313
125.38
125.446
125.51
125.573
125.634
125.693
125.75
125.805
125.857
125.908
125.957
126.003
126.047
126.089
126.128
126.166
126.2
126.232
126.262
126.289
126.314
126.336
126.356
126.373
126.387
126.399
126.408
126.415
126.419
126.42
126.418
126.414
126.407
126.398
126.387
126.373
126.357
126.339
126.318
126.295
126.27
126.242
126.213
126.182
126.149
126.114
126.078
126.04
126
125.959
125.917
125.874
125.83
125.784
125.738
125.691
125.643
125.595
125.547
125.498
125.449
125.4
125.351
125.302
125.253
125.204
125.156
125.108
125.061
125.014
124.969
124.924
124.879
124.836
124.794
124.753
124.713
124.674
124.637
124.601
124.566
124.533
124.501
124.471
124.443
124.416
124.391
124.368
124.347
124.327
124.31
124.295
124.282
124.271
124.262
124.256
124.252
124.25
124.251
124.254
124.259
124.267
124.278
124.291
124.308
124.327
124.348
124.373
124.4
124.431
124.464
124.5
124.539
124.58
124.625
124.672
124.722
124.775
124.831
124.889
124.95
125.014
125.081
125.149
125.22
125.293
125.369
125.446
125.525
125.605
125.687
125.771
125.855
125.94
126.026
126.113
126.199
126.286
126.373
126.46
126.545
126.63
126.715
126.797
126.879
126.959
127.037
127.112
127.186
127.257
127.325
127.39
127.452
127.511
127.566
127.617
127.665
127.708
127.747
127.781
127.811
127.837
127.857
127.872
127.882
127.887
127.886
127.88
127.868
127.851
127.828
127.799
127.765
127.725
127.679
127.628
127.572
127.51
127.443
127.371
127.293
127.21
127.122
127.029
126.932
126.831
126.724
126.614
126.5
126.383
126.262
126.137
126.01
125.879
125.747
125.611
125.474
125.335
125.195
125.053
124.91
124.767
124.623
124.479
124.336
124.193
124.052
123.911
123.772
123.635
123.499
123.367
123.237
123.11
122.987
122.867
122.751
122.639
122.532
122.43
122.332
122.24
122.153
122.072
121.996
121.927
121.864
121.807
121.757
121.714
121.678
121.648
121.626
121.611
121.602
121.601
121.607
121.62
121.641
121.668
121.702
121.743
121.79
121.844
121.905
121.971
122.044
122.122
122.206
122.296
122.39
122.489
122.593
122.701
122.812
122.928
123.046
123.167
123.291
123.417
123.544
123.673
123.802
123.933
124.063
124.193
124.322
124.451
124.578
124.703
124.826
124.947
125.065
125.18
125.292
125.399
125.503
125.603
125.698
125.789
125.874
125.954
126.029
126.098
126.161
126.217
126.267
126.311
126.349
126.38
126.404
126.422
126.433
126.437
126.435
126.426
126.41
126.388
126.359
126.324
126.283
126.235
126.181
126.121
126.056
125.985
125.909
125.827
125.741
125.65
125.555
125.456
125.353
125.247
125.137
125.025
124.91
124.793
124.674
124.553
124.431
124.308
124.185
124.061
123.938
123.816
123.694
123.574
123.455
123.339
123.225
123.113
123.005
122.9
122.799
122.701
122.608
122.52
122.437
122.359
122.286
122.22
122.159
122.105
122.056
122.015
121.98
121.953
121.932
121.918
121.912
121.912
121.92
121.936
121.958
121.988
122.024
122.068
122.118
122.175
122.239
122.309
122.386
122.469
122.557
122.651
122.75
122.854
122.963
123.077
123.194
123.315
123.44
123.568
123.698
123.831
123.966
124.103
124.241
124.38
124.521
124.661
124.802
124.943
125.083
125.222
125.361
125.498
125.634
125.768
125.9
126.03
126.157
126.282
126.405
126.524
126.641
126.754
126.864
126.971
127.075
127.175
127.271
127.364
127.454
127.54
127.623
127.702
127.778
127.85
127.919
127.984
128.046
128.105
128.161
128.213
128.263
128.309
128.352
128.393
128.43
128.465
128.496
128.525
128.552
128.576
128.598
128.617
128.634
128.649
128.662
128.672
128.681
128.688
128.692
128.695
128.695
128.694
128.691
128.686
128.679
128.671
128.66
128.648
128.634
128.618
128.601
128.581
128.56
128.537
128.512
128.485
128.456
128.425
128.393
128.358
128.321
128.282
128.241
128.198
128.152
128.104
128.054
128.002
127.947
127.89
127.83
127.768
127.704
127.637
127.567
127.495
127.42
127.342
127.262
127.179
127.093
127.005
126.914
126.82
126.724
126.625
126.524
126.42
126.313
126.203
126.091
125.976
125.858
125.738
125.615
125.49
125.362
125.232
125.099
124.964
124.826
124.686
124.544
124.4
124.253
124.105
123.954
123.802
123.648
123.492
123.334
123.175
123.015
122.853
122.69
122.526
122.361
122.194
122.027
121.86
121.691
121.522
121.353
121.184
121.015
120.845
120.676
120.508
120.34
120.173
120.006
119.841
119.677
119.515
119.354
119.196
119.038
118.884
118.731
118.58
118.433
118.288
118.146
118.008
117.873
117.742
117.614
117.49
117.37
117.255
117.144
117.037
116.935
116.837
116.745
116.657
116.575
116.498
116.426
116.359
116.299
116.243
116.193
116.149
116.11
116.077
116.05
116.028
116.011
116
115.994
115.994
115.999
116.009
116.025
116.045
116.07
116.099
116.133
116.171
116.213
116.259
116.309
116.362
116.418
116.478
116.54
116.605
116.673
116.742
116.814
116.887
116.962
117.038
117.115
117.193
117.272
117.35
117.429
117.507
117.585
117.662
117.739
117.814
117.888
117.96
118.031
118.1
118.166
118.231
118.293
118.353
118.41
118.464
118.515
118.564
118.609
118.651
118.69
118.726
118.758
118.786
118.812
118.833
118.851
118.866
118.877
118.885
118.89
118.891
118.89
118.885
118.877
118.866
118.853
118.837
118.818
118.797
118.774
118.75
118.723
118.695
118.665
118.635
118.603
118.571
118.538
118.506
118.473
118.441
118.41
118.38
118.351
118.323
118.298
118.274
118.252
118.234
118.218
118.206
118.198
118.193
118.192
118.196
118.205
118.219
118.238
118.262
118.292
118.328
118.371
118.42
118.475
118.538
118.607
118.684
118.767
118.859
118.958
119.064
119.178
119.299
119.429
119.565
119.71
119.862
120.021
120.188
120.361
120.542
120.73
120.925
121.126
121.333
121.546
121.764
121.988
122.217
122.45
122.688
122.93
123.175
123.423
123.675
123.929
124.184
124.442
124.701
124.961
125.221
125.482
125.742
126.001
126.26
126.517
126.772
127.026
127.276
127.524
127.768
128.009
128.246
128.479
128.707
128.93
129.148
129.361
129.569
129.77
129.966
130.155
130.338
130.514
130.684
130.847
131.003
131.152
131.294
131.428
131.555
131.675
131.787
131.892
131.99
132.079
132.161
132.236
132.303
132.362
132.414
132.459
132.496
132.526
132.549
132.564
132.573
132.574
132.569
132.557
132.539
132.514
132.483
132.446
132.404
132.356
132.302
132.243
132.179
132.11
132.036
131.959
131.876
131.79
131.7
131.607
131.51
131.411
131.308
131.203
131.095
130.985
130.873
130.76
130.646
130.531
130.414
130.297
130.179
130.062
129.944
129.826
129.709
129.592
129.475
129.359
129.243
129.129
129.016
128.904
128.794
128.685
128.577
128.471
128.366
128.264
128.162
128.063
127.965
127.869
127.774
127.681
127.589
127.499
127.411
127.323
127.237
127.152
127.068
126.985
126.902
126.821
126.74
126.659
126.579
126.499
126.419
126.339
126.259
126.179
126.098
126.016
125.934
125.852
125.768
125.684
125.599
125.512
125.425
125.337
125.248
125.157
125.066
124.973
124.879
124.784
124.688
124.591
124.493
124.394
124.295
124.195
124.095
123.994
123.893
123.792
123.692
123.591
123.491
123.392
123.293
123.194
123.097
123.001
122.906
122.812
122.72
122.63
122.541
122.454
122.368
122.285
122.203
122.124
122.047
121.972
121.899
121.828
121.76
121.693
121.629
121.567
121.507
121.449
121.393
121.34
121.288
121.239
121.193
121.148
121.105
121.064
121.025
120.989
120.954
120.923
120.893
120.866
120.841
120.819
120.799
120.782
120.768
120.757
120.749
120.744
120.743
120.745
120.75
120.759
120.772
120.789
120.81
120.835
120.865
120.9
120.939
120.983
121.032
121.086
121.145
121.209
121.279
121.354
121.435
121.521
121.613
121.711
121.814
121.923
122.038
122.158
122.283
122.414
122.551
122.693
122.84
122.992
123.149
123.312
123.479
123.65
123.826
124.007
124.191
124.379
124.571
124.766
124.965
125.166
125.371
125.578
125.788
126
126.214
126.43
126.648
126.867
127.087
127.309
127.531
127.754
127.977
128.201
128.425
128.65
128.874
129.098
129.321
129.545
129.767
129.989
130.21
130.431
130.651
130.869
131.087
131.303
131.518
131.731
131.943
132.154
132.362
132.569
132.775
132.978
133.179
133.377
133.574
133.768
133.959
134.148
134.334
134.518
134.698
134.876
135.051
135.222
135.39
135.555
135.715
135.873
136.026
136.175
136.319
136.46
136.597
136.729
136.855
136.977
137.093
137.204
137.309
137.409
137.503
137.59
137.672
137.747
137.815
137.877
137.932
137.98
138.021
138.054
138.08
138.098
138.109
138.112
138.107
138.095
138.074
138.044
138.007
137.961
137.907
137.844
137.772
137.692
137.604
137.507
137.401
137.287
137.164
137.033
136.894
136.747
136.591
136.428
136.257
136.079
135.892
135.698
135.498
135.29
135.075
134.854
134.627
134.394
134.155
133.912
133.663
133.409
133.152
132.891
132.626
132.358
132.087
131.815
131.54
131.264
130.987
130.709
130.431
130.152
129.875
129.598
129.323
129.05
128.779
128.51
128.244
127.982
127.723
127.468
127.217
126.969
126.727
126.489
126.255
126.027
125.804
125.587
125.375
125.168
124.967
124.772
124.582
124.399
124.221
124.048
123.882
123.72
123.565
123.414
123.269
123.128
122.993
122.863
122.738
122.617
122.5
122.388
122.279
122.174
122.074
121.976
121.883
121.792
121.704
121.619
121.537
121.457
121.38
121.306
121.233
121.163
121.094
121.028
120.964
120.901
120.84
120.78
120.722
120.666
120.61
120.556
120.503
120.451
120.4
120.349
120.3
120.251
120.202
120.154
120.107
120.059
120.012
119.964
119.917
119.869
119.82
119.771
119.721
119.67
119.617
119.563
119.507
119.449
119.389
119.327
119.263
119.195
119.125
119.052
118.976
118.897
118.815
118.729
118.64
118.548
118.451
118.352
118.248
118.141
118.03
117.916
117.798
117.676
117.552
117.424
117.293
117.16
117.023
116.885
116.744
116.601
116.457
116.311
116.165
116.017
115.87
115.722
115.574
115.427
115.281
115.136
114.993
114.852
114.713
114.578
114.445
114.316
114.192
114.071
113.956
113.845
113.741
113.642
113.549
113.463
113.384
113.312
113.247
113.19
113.141
113.099
113.066
113.041
113.025
113.017
113.019
113.029
113.048
113.076
113.113
113.159
113.214
113.278
113.351
113.432
113.523
113.621
113.728
113.843
113.965
114.096
114.234
114.379
114.532
114.69
114.856
115.027
115.204
115.386
115.574
115.767
115.963
116.164
116.369
116.577
116.787
117.001
117.217
117.435
117.654
117.875
118.096
118.318
118.54
118.761
118.982
119.202
119.421
119.638
119.852
120.065
120.275
120.483
120.687
120.888
121.086
121.279
121.468
121.653
121.834
122.009
122.18
122.345
122.505
122.659
122.807
122.949
123.084
123.214
123.337
123.454
123.564
123.667
123.763
123.853
123.936
124.011
124.08
124.142
124.197
124.246
124.287
124.322
124.349
124.371
124.385
