-0.187996   0.222183   0.419237
0.406706   -0.330507   0.302447
-0.485304   -0.145   -0.331597
0.333425   0.40139   -0.0491259
0.409689   0.186625   0.261464
-0.231674   -0.0272745   -0.411685
0.276338   -0.23347   0.463576
-0.125523   0.160969   -0.33367
0.260543   -0.424927   0.0579454
-0.378601   0.153623   0.303935
0.497958   -0.107441   0.037272
0.0470789   0.0725257   -0.252551
0.34459   0.184149   -0.0303397
0.159942   0.422471   0.464113
0.370224   -0.0601798   -0.415892
0.120903   -0.243564   -0.120848
0.0975573   0.128978   -0.0467837
-0.323312   -0.227816   0.387865
-0.399403   0.196232   -0.460538
-0.034013   -0.112502   -0.0716255
0.0818786   0.445498   0.187232
-0.042666   -0.337666   -0.445771
0.344122   -0.317169   -0.269409
-0.498071   0.0645452   0.148914
-0.00278085   0.335566   0.35959
0.177055   0.065854   0.266359
-0.393969   -0.0279131   0.481429
-0.421688   0.132382   -0.10275
0.233686   0.284859   0.323129
-0.083629   -0.152578   0.475924
-0.0902666   0.471407   -0.121706
-0.274818   0.232065   -0.209468
0.346982   0.0172815   0.3807
-0.399812   -0.445965   -0.132279
-0.36062   -0.460927   -0.458217
0.429585   -0.300719   0.108467
0.308363   0.0167503   0.0802946
0.196504   -0.429731   -0.435166
-0.0250415   -0.408098   0.0775229
-0.243148   -0.250921   -0.41857
0.272002   -0.481893   0.295795
0.0155739   -0.0784167   0.296792
0.0997092   0.437186   -0.236657
-0.17374   0.257731   0.1965
0.419367   0.42672   0.369955
0.120626   -0.341923   0.210058
0.0434291   -0.461497   0.35686
-0.181679   0.44001   0.425217
-0.387571   -0.247825   -0.0880238
-0.397268   -0.456149   0.311327
-0.299431   0.104556   0.0838867
-0.176339   0.0224117   -0.184262
-0.0885027   -0.16902   -0.246683
0.146349   -0.270142   -0.330956
-0.195843   -0.459506   -0.3652
0.205774   -0.0957397   -0.259885
0.33592   0.182667   -0.453591
-0.368196   -0.334291   0.104431
0.113816   0.491459   -0.0266422
-0.271387   0.297068   -0.00258007
0.484082   -0.195628   0.474576
0.462369   0.360024   -0.448025
-0.454692   -0.347389   -0.306813
0.416866   -0.399717   -0.0742313
-0.406601   0.422535   -0.308686
0.0302898   0.252144   0.171362
-0.0259347   0.445847   -0.405835
-0.240197   -0.323983   -0.209876
-0.125071   0.454282   0.224368
0.424246   -0.12192   0.240581
0.228404   -0.420144   -0.138065
0.491753   0.457107   0.0999229
-0.264311   0.353996   -0.410731
-0.0712731   0.0949782   0.08394
-0.3251   -0.128271   0.220178
-0.215336   0.0348362   0.358926
-0.447324   0.371379   -0.0960881
0.408113   0.450488   -0.234174
-0.131922   -0.199268   0.205091
0.455586   0.218682   -0.281888
0.410718   -0.432442   -0.44686
-0.389206   0.0524613   -0.282981
0.322364   0.302405   0.139803
-0.38248   0.366285   0.421998
-0.172668   -0.298318   0.00305856
0.16669   0.312273   0.024446
0.28532   -0.183236   0.0316641
-0.0668389   0.203019   -0.142612
0.239304   -0.178186   0.268504
-0.314099   -0.126701   -0.231408
-0.251207   -0.494806   0.0706961
0.414099   0.0115465   -0.203726
0.0894185   -0.0247566   0.0898893
0.390469   -0.181509   -0.142407
0.264962   0.384239   -0.366912
-0.215987   -0.080513   0.0355422
0.180103   -0.058771   0.46438
0.0575997   0.269985   -0.366214
-0.356416   0.361002   0.19369
-0.047984   0.322116   0.0232589
0.107899   0.177723   0.464749
-0.149317   -0.366826   0.347888
0.0321679   -0.223086   0.0681365
-0.499668   0.260149   0.0678982
0.222891   0.167193   -0.229461
-0.0463649   0.0345832   -0.486914
0.0761206   -0.258583   0.40092
-0.0214893   -0.380373   -0.241768
