108.625
108.573
108.521
108.467
108.412
108.356
108.299
108.241
108.182
108.121
108.06
107.997
107.933
107.868
107.802
107.735
107.667
107.598
107.528
107.458
107.386
107.314
107.241
107.167
107.093
107.018
106.943
106.867
106.79
106.713
106.636
106.558
106.48
106.402
106.323
106.245
106.166
106.087
106.008
105.929
105.85
105.771
105.692
105.614
105.535
105.457
105.379
105.301
105.224
105.147
105.071
104.996
104.921
104.848
104.775
104.704
104.633
104.565
104.498
104.433
104.37
104.309
104.25
104.195
104.142
104.092
104.046
104.004
103.965
103.931
103.902
103.877
103.858
103.843
103.835
103.833
103.837
103.848
103.865
103.89
103.922
103.962
104.01
104.066
104.129
104.202
104.282
104.372
104.47
104.576
104.691
104.815
104.947
105.088
105.237
105.394
105.559
105.732
105.912
106.1
106.294
106.495
106.702
106.916
107.134
107.358
107.586
107.819
108.056
108.296
108.539
108.784
109.032
109.281
109.532
109.783
110.035
110.286
110.538
110.788
111.037
111.285
111.531
111.774
112.015
112.253
112.488
112.719
112.946
113.17
113.389
113.603
113.813
114.017
114.217
114.411
114.6
114.782
114.959
115.13
115.294
115.453
115.604
115.749
115.888
116.019
116.144
116.262
116.372
116.476
116.573
116.662
116.744
116.819
116.887
116.947
117
117.046
117.084
117.115
117.139
117.155
117.165
117.167
117.162
117.15
117.13
117.104
117.071
117.031
116.985
116.931
116.872
116.805
116.733
116.654
116.57
116.479
116.383
116.281
116.174
116.061
115.944
115.822
115.695
115.563
115.427
115.288
115.144
114.996
114.845
114.691
114.534
114.374
114.211
114.046
113.879
113.71
113.539
113.367
113.193
113.019
112.843
112.667
112.49
112.313
112.136
111.959
111.782
111.605
111.429
111.254
111.079
110.905
110.732
110.56
110.389
110.219
110.051
109.884
109.718
109.554
109.39
109.229
109.068
108.909
108.752
108.595
108.44
108.287
108.134
107.983
107.833
107.684
107.536
107.389
107.243
107.098
106.954
106.81
106.667
106.525
106.383
106.241
106.1
105.96
105.819
105.679
105.539
105.399
105.259
105.12
104.98
104.841
104.702
104.563
104.423
104.284
104.145
104.006
103.868
103.729
103.591
103.452
103.315
103.177
103.04
102.904
102.768
102.633
102.499
102.366
102.235
102.104
101.975
101.848
101.722
101.598
101.475
101.355
101.237
101.121
101.008
100.898
100.79
100.685
100.583
100.484
100.389
100.297
100.208
100.123
100.042
99.9641
99.8904
99.8206
99.7547
99.6927
99.6347
99.5807
99.5306
99.4844
99.4422
99.4038
99.3691
99.3382
99.3109
99.2872
99.2669
99.25
99.2362
99.2255
99.2177
99.2126
99.2103
99.2104
99.2127
99.2171
99.2234
99.2315
99.2411
99.2522
99.2644
99.2776
99.2916
99.3063
99.3215
99.3371
99.3528
99.3686
99.3843
99.3997
99.4148
99.4294
99.4434
99.4568
99.4695
99.4814
99.4925
99.5026
99.5119
99.5202
99.5276
99.5341
99.5396
99.5442
99.5479
99.5507
99.5528
99.554
99.5545
99.5543
99.5535
99.5522
99.5505
99.5485
99.5462
99.5437
99.5412
99.5389
99.5367
99.5348
99.5333
99.5324
99.5321
99.5325
99.5338
99.536
99.5393
99.5438
99.5495
99.5567
99.5653
99.5754
99.5872
99.6006
99.6159
99.6331
99.6522
99.6734
99.6966
99.722
99.7495
99.7792
99.8113
99.8456
99.8823
99.9214
99.9629
100.007
100.053
100.102
100.154
100.207
100.264
100.323
100.384
100.448
100.514
100.583
100.654
100.728
100.804
100.882
100.962
101.045
101.13
101.217
101.306
101.397
101.49
101.584
101.681
101.779
101.879
101.981
102.084
102.188
102.294
102.401
102.509
102.619
102.729
102.84
102.952
103.065
103.179
103.294
103.409
103.524
103.641
103.757
103.874
103.992
104.11
104.228
104.346
104.465
104.584
104.704
104.824
104.944
105.064
105.185
105.306
105.427
105.549
105.672
105.795
105.918
106.043
106.168
106.294
106.421
106.55
106.679
106.809
106.941
107.075
107.209
107.346
107.484
107.623
107.765
107.908
108.053
108.2
108.349
108.5
108.653
108.809
108.966
109.125
109.287
109.45
109.615
109.782
109.951
110.122
110.294
110.468
110.643
110.82
110.997
111.176
111.355
111.536
111.716
111.897
112.078
112.26
112.441
112.621
112.801
112.98
113.158
113.334
113.51
113.683
113.855
114.024
114.192
114.357
114.519
114.678
114.835
114.988
115.138
115.284
115.427
115.566
115.701
115.831
115.958
116.081
116.199
116.312
116.421
116.525
116.624
116.719
116.808
116.892
116.972
117.046
117.115
117.179
117.237
117.291
117.339
117.382
117.42
117.452
117.479
117.501
117.518
117.529
117.535
117.537
117.533
117.524
117.51
117.491
117.467
117.439
117.406
117.368
117.325
117.279
117.228
117.172
117.113
117.049
116.981
116.91
116.835
116.756
116.674
116.589
116.5
116.409
116.314
116.217
116.117
116.015
115.91
115.804
115.695
115.585
115.472
115.359
115.244
115.127
115.01
114.892
114.772
114.653
114.533
114.412
114.292
114.171
114.051
113.931
113.811
113.692
113.574
113.457
113.34
113.224
113.11
112.997
112.886
112.776
112.667
112.561
112.456
112.353
112.252
112.154
112.057
111.963
111.87
111.78
111.693
111.608
111.525
111.444
111.366
111.29
111.217
111.146
111.077
111.011
110.948
110.887
110.828
110.772
110.718
110.667
110.617
110.571
110.526
110.484
110.444
110.406
110.37
110.336
110.304
110.275
110.247
110.221
110.197
110.175
110.155
110.136
110.12
110.105
110.091
110.079
110.069
110.06
110.053
110.047
110.043
110.04
110.038
110.038
110.039
110.042
110.045
110.05
110.056
110.063
110.071
110.079
110.089
110.1
110.111
110.123
110.136
110.15
110.164
110.179
110.195
110.21
110.227
110.243
110.26
110.277
110.295
110.312
110.329
110.347
110.364
110.381
110.397
110.414
110.43
110.446
110.461
110.475
110.489
110.503
110.515
110.527
110.538
110.548
110.557
110.566
110.573
110.579
110.584
110.588
110.591
110.593
110.593
110.592
110.59
110.587
110.583
110.577
110.57
110.562
110.553
110.542
110.53
110.517
110.503
110.488
110.472
110.454
110.436
110.416
110.396
110.374
110.352
110.329
110.305
110.281
110.256
110.23
110.204
110.177
110.15
110.122
110.095
110.067
110.039
110.01
109.982
109.954
109.926
109.898
109.87
109.843
109.816
109.79
109.764
109.739
109.714
109.69
109.667
109.645
109.624
109.604
109.585
109.568
109.551
109.536
109.523
109.511
109.5
109.491
109.484
109.478
109.475
109.473
109.473
109.475
109.479
109.485
109.493
109.503
109.515
109.53
109.547
109.566
109.588
109.611
109.638
109.666
109.697
109.731
109.766
109.805
109.845
109.888
109.934
109.981
110.031
110.084
110.138
110.195
110.253
110.314
110.376
110.441
110.507
110.575
110.644
110.715
110.787
110.86
110.935
111.011
111.087
111.164
111.242
111.32
111.398
111.476
111.555
111.632
111.71
111.787
111.863
111.938
112.012
112.085
112.156
112.225
112.293
112.359
112.422
112.483
112.541
112.597
112.65
112.7
112.747
112.791
112.831
112.868
112.902
112.932
112.958
112.981
112.999
113.014
113.025
113.033
113.036
113.036
113.032
113.024
113.013
112.998
112.979
112.957
112.932
112.904
112.872
112.838
112.801
112.762
112.72
112.676
112.63
112.583
112.535
112.485
112.434
112.383
112.331
112.279
112.228
112.176
112.126
112.076
112.027
111.98
111.935
111.891
111.85
111.811
111.775
111.742
111.712
111.685
111.662
111.642
111.626
111.615
111.607
111.604
111.605
111.61
111.62
111.635
111.654
111.678
111.707
111.741
111.779
111.823
111.871
111.923
111.981
112.042
112.109
112.18
112.255
112.335
112.419
112.507
112.599
112.696
112.795
112.899
113.006
113.117
113.231
113.348
113.468
113.591
113.717
113.845
113.976
114.109
114.244
114.381
114.519
114.66
114.802
114.946
115.09
115.236
115.382
115.53
115.678
115.826
115.975
116.124
116.273
116.421
116.57
116.717
116.865
117.011
117.157
117.301
117.444
117.586
117.727
117.865
118.002
118.138
118.271
118.402
118.53
118.657
118.781
118.902
119.02
119.135
119.247
119.356
119.462
119.564
119.663
119.758
119.849
119.936
120.02
120.099
120.173
120.244
120.31
120.371
120.428
120.479
120.526
120.568
120.605
120.637
120.663
120.684
120.699
120.709
120.714
120.712
120.705
120.692
120.673
120.648
120.618
120.581
120.537
120.488
120.433
120.371
120.304
120.23
120.15
120.064
119.972
119.874
119.77
119.66
119.544
119.423
119.296
119.164
119.027
118.885
118.738
118.586
118.43
118.269
118.105
117.937
117.766
117.592
117.416
117.236
117.055
116.873
116.689
116.504
116.318
116.132
115.947
115.762
115.578
115.396
115.215
115.037
114.861
114.688
114.518
114.352
114.189
114.031
113.877
113.727
113.582
113.443
113.308
113.179
113.056
112.938
112.826
112.719
112.619
112.524
112.434
112.35
112.272
112.199
112.132
112.069
112.012
111.959
111.911
111.867
111.827
111.791
111.759
111.729
111.703
111.68
111.659
111.641
111.624
111.609
111.595
111.582
111.571
111.559
111.548
111.537
111.526
111.515
111.502
111.489
111.475
111.46
111.443
111.424
111.404
111.382
111.358
111.332
111.304
111.273
111.24
111.204
111.166
111.126
111.083
111.037
110.989
110.938
110.884
110.828
110.769
110.708
110.645
110.579
110.51
110.44
110.367
110.292
110.215
110.135
110.054
109.971
109.887
109.8
109.712
109.623
109.532
109.439
109.346
109.251
109.155
109.057
108.959
108.86
108.76
108.659
108.557
108.454
108.35
108.246
108.141
108.035
107.928
107.821
107.713
107.604
107.495
107.385
107.274
107.162
107.05
106.937
106.823
106.709
106.594
106.478
106.361
106.244
106.126
106.007
105.888
105.768
105.648
105.526
105.405
105.283
105.16
105.037
104.914
104.79
104.666
104.542
104.418
104.293
104.169
104.045
103.921
103.797
103.674
103.551
103.429
103.308
103.187
103.067
102.948
102.83
102.714
102.599
102.485
102.372
102.262
102.153
102.046
101.941
101.838
101.737
101.638
101.542
101.448
101.356
101.268
101.182
101.098
101.018
100.94
100.865
100.794
100.725
100.66
100.597
100.538
100.482
100.429
100.379
100.332
100.289
100.249
100.211
100.177
100.146
100.118
100.093
100.071
100.052
100.035
100.021
100.01
100.001
99.9941
99.9897
99.9875
99.9874
99.9892
99.9928
99.9982
100.005
100.013
100.023
100.034
100.046
100.059
100.073
100.088
100.103
100.119
100.135
100.151
100.168
100.184
100.2
100.217
100.233
100.248
100.264
100.278
100.293
100.306
100.319
100.331
100.342
100.353
100.363
100.371
100.379
100.386
100.392
100.396
100.4
100.403
100.405
100.406
100.406
100.404
100.402
100.399
100.395
100.39
100.384
100.378
100.37
100.362
100.353
100.343
100.332
100.32
100.308
100.295
100.281
100.267
100.252
100.237
100.221
100.205
100.188
100.171
100.154
100.136
100.117
100.099
100.08
100.061
100.042
100.023
100.003
99.984
99.9648
99.9457
99.9268
99.9081
99.8898
99.8717
99.8541
99.837
99.8205
99.8047
99.7897
99.7754
99.7621
99.7497
99.7384
99.7283
99.7193
99.7117
99.7054
99.7006
99.6974
99.6958
99.696
99.698
99.7019
99.708
99.7161
99.7264
99.739
99.754
99.7714
99.7913
99.8138
99.839
99.867
99.8979
99.9316
99.9682
100.008
100.051
100.096
100.145
100.197
100.252
100.31
100.372
100.436
100.504
100.575
100.65
100.727
100.807
100.891
100.977
101.067
101.159
101.255
101.353
101.453
101.556
101.662
101.77
101.88
101.992
102.107
102.223
102.34
102.46
102.58
102.702
102.825
102.948
103.072
103.197
103.321
103.446
103.571
103.695
103.818
103.941
104.062
104.183
104.301
104.418
104.534
104.646
104.757
104.865
104.97
105.071
105.17
105.265
105.356
105.444
105.527
105.606
105.68
105.75
105.814
105.874
105.928
105.977
106.021
106.058
106.09
106.116
106.136
106.149
106.156
106.157
106.151
106.139
106.12
106.094
106.062
106.022
105.976
105.923
105.864
105.797
105.724
105.644
105.557
105.463
105.364
105.257
105.144
105.025
104.9
104.769
104.631
104.488
104.339
104.185
104.025
103.86
103.691
103.516
103.337
103.154
102.966
102.774
102.579
102.381
102.179
101.974
101.767
101.557
101.345
101.131
100.915
100.698
100.479
100.26
100.04
99.82
99.5999
99.3799
99.1604
98.9417
98.724
98.5077
98.2928
98.0799
97.8691
97.6606
97.4548
97.2518
97.052
96.8555
96.6626
96.4736
96.2886
96.108
95.9318
95.7605
95.5942
95.4331
95.2774
95.1273
94.9831
94.8448
94.7127
94.5871
94.4679
94.3555
94.2499
94.1514
94.06
93.9759
93.8993
93.8303
93.769
93.7156
93.67
93.6326
93.6032
93.5821
93.5692
93.5648
93.5688
93.5811
93.6019
93.6312
93.669
93.7152
93.7699
93.8331
93.9046
93.9844
94.0726
94.169
94.2736
94.3862
94.5068
94.6352
94.7713
94.9151
95.0663
95.2248
95.3904
95.5629
95.7421
95.9278
96.1198
96.3178
96.5216
96.7311
96.9458
97.1657
97.3904
97.6196
97.8531
98.0905
98.3316
98.5761
98.8238
99.0742
99.3271
99.582
99.8388
100.097
100.357
100.617
100.878
101.139
101.4
101.661
101.92
102.179
102.437
102.692
102.946
103.198
103.447
103.693
103.937
104.177
104.413
104.646
104.874
105.099
105.319
105.534
105.744
105.949
106.149
106.344
106.533
106.716
106.894
107.066
107.232
107.392
107.546
107.693
107.835
107.97
108.099
108.221
108.338
108.448
108.552
108.65
108.741
108.827
108.906
108.98
109.048
109.111
109.167
109.219
109.265
109.306
109.342
109.373
109.399
109.421
109.439
109.452
109.462
109.467
109.469
109.468
109.464
109.456
109.446
109.433
109.417
109.399
109.378
109.356
109.332
109.306
109.279
109.249
109.219
109.187
109.155
109.121
109.086
109.05
109.014
108.977
108.939
108.901
108.863
108.824
108.785
108.745
108.705
108.665
108.625
108.584
108.544
108.503
108.463
108.423
108.382
108.342
108.302
108.263
108.224
108.185
108.147
108.109
108.072
108.035
108
107.965
107.932
107.899
107.868
107.839
107.81
107.784
107.759
107.736
107.715
107.696
107.679
107.665
107.653
107.644
107.637
107.633
107.632
107.634
107.64
107.648
107.659
107.674
107.692
107.714
107.739
107.767
107.798
107.834
107.872
107.914
107.959
108.008
108.06
108.115
108.173
108.234
108.298
108.364
108.434
108.506
108.58
108.657
108.735
108.815
108.898
108.981
109.066
109.151
109.238
109.325
109.413
109.501
109.589
109.676
109.763
109.85
109.935
110.019
110.102
110.184
110.264
110.341
110.417
110.49
110.56
110.628
110.692
110.754
110.812
110.867
110.919
110.967
111.011
111.051
111.088
111.121
111.15
111.174
111.195
111.212
111.224
111.233
111.238
111.239
111.236
111.23
111.22
111.206
111.189
111.169
111.146
111.12
111.091
111.06
111.027
110.991
110.954
110.914
110.874
110.832
110.789
110.745
110.701
110.657
110.612
110.567
110.523
110.479
110.435
110.392
110.351
110.31
110.27
110.231
110.194
110.158
110.123
110.09
110.059
110.028
109.999
109.972
109.946
109.921
109.897
109.874
109.852
109.831
109.811
109.791
109.771
109.752
109.733
109.714
109.695
109.676
109.656
109.636
109.615
109.593
109.57
109.546
109.521
109.495
109.468
109.439
109.408
109.377
109.343
109.308
109.272
109.234
109.194
109.153
109.11
109.066
109.02
108.973
108.925
108.875
108.824
108.773
108.72
108.666
108.611
108.555
108.499
108.442
108.385
108.328
108.27
108.212
108.154
108.096
108.039
107.982
107.925
107.869
107.813
107.759
107.705
107.652
107.6
107.549
107.5
107.451
107.404
107.358
107.314
107.271
107.23
107.19
107.152
107.116
107.081
107.048
107.017
106.987
106.96
106.934
106.91
106.888
106.868
106.849
106.833
106.818
106.805
106.793
106.784
106.776
106.77
106.766
106.763
106.762
106.763
106.765
106.768
106.773
106.779
106.787
106.795
106.805
106.817
106.829
106.842
106.856
106.871
106.887
106.904
106.922
106.94
106.958
106.977
106.997
107.016
107.036
107.056
107.076
107.096
107.116
107.135
107.154
107.173
107.191
107.208
107.225
107.241
107.256
107.269
107.282
107.293
107.303
107.312
107.319
107.324
107.328
107.33
107.33
107.328
107.324
107.318
107.31
107.299
107.287
107.272
107.255
107.236
107.214
107.19
107.163
107.134
107.102
107.068
107.032
106.993
106.952
106.909
106.863
106.814
106.764
106.712
106.657
106.6
106.541
106.481
106.418
106.354
106.288
106.221
106.153
106.083
106.012
105.94
105.867
105.793
105.719
105.644
105.569
105.494
105.419
105.344
105.269
105.195
105.122
105.05
104.978
104.908
104.839
104.772
104.707
104.643
104.582
104.523
104.466
104.412
104.361
104.312
104.267
104.224
104.185
104.15
104.118
104.09
104.065
104.045
104.029
104.016
104.008
104.004
104.005
104.01
104.019
104.033
104.052
104.075
104.103
104.136
104.173
104.215
104.261
104.313
104.368
104.429
104.494
104.563
104.636
104.714
104.797
104.883
104.974
105.068
105.166
105.269
105.374
105.484
105.597
105.713
105.832
105.954
106.08
106.208
106.338
106.471
106.607
106.744
106.884
107.025
107.168
107.312
107.458
107.605
107.753
107.902
108.051
108.202
108.352
108.503
108.654
108.805
108.956
109.107
109.257
109.406
109.555
109.703
109.85
109.996
110.141
110.284
110.426
110.566
110.704
110.841
110.976
111.109
111.239
111.368
111.494
111.618
111.74
111.859
111.975
112.089
112.2
112.309
112.415
112.518
112.617
112.714
112.808
112.899
112.986
113.071
113.152
113.229
113.304
113.375
113.443
113.507
113.568
113.625
113.678
113.728
113.775
113.817
113.856
113.891
113.923
113.951
113.974
113.994
114.01
114.023
114.031
114.035
114.035
114.031
114.022
114.01
113.993
113.972
113.947
113.917
113.883
113.845
113.802
113.754
113.702
113.645
113.584
113.518
113.447
113.371
113.291
113.205
113.115
113.019
112.918
112.813
112.702
112.585
112.464
112.337
112.205
112.068
111.925
111.777
111.624
111.465
111.301
111.132
110.958
110.778
110.594
110.405
110.211
110.012
109.81
109.603
109.392
109.177
108.959
108.738
108.514
108.288
108.06
107.83
107.599
107.367
107.135
106.904
106.673
106.444
106.217
105.992
105.771
105.553
105.34
105.132
104.929
104.733
104.545
104.363
104.19
104.026
103.871
103.726
103.592
103.468
103.356
103.255
103.167
103.091
103.027
102.977
102.939
102.914
102.902
102.903
102.916
102.942
102.98
103.031
103.092
103.165
103.249
103.343
103.447
103.56
103.681
103.81
103.947
104.09
104.239
104.393
104.552
104.714
104.88
105.048
105.218
105.389
105.561
105.732
105.903
106.072
106.24
106.405
106.567
106.726
106.881
107.032
107.178
107.32
107.456
107.586
107.711
107.829
107.941
108.046
108.145
108.236
108.321
108.398
108.469
108.532
108.587
108.635
108.676
108.709
108.734
108.753
108.763
108.767
108.763
108.751
108.733
108.707
108.674
108.634
108.587
108.532
108.471
108.403
108.329
108.247
108.159
108.065
107.964
107.856
107.743
107.623
107.498
107.366
107.229
107.087
106.939
106.786
106.628
106.465
106.297
106.125
105.949
105.769
105.586
105.399
105.209
105.017
104.822
104.625
104.427
104.228
104.027
103.826
103.625
103.425
103.225
103.026
102.829
102.634
102.442
102.252
102.066
101.884
101.705
101.531
101.362
101.198
101.039
100.887
100.74
100.599
100.465
100.338
100.217
100.104
99.9974
99.898
99.8058
99.7206
99.6426
99.5716
99.5076
99.4504
99.3998
99.3557
99.3178
99.2859
99.2598
99.2392
99.2238
99.2134
99.2075
99.2058
99.208
99.2136
99.2224
99.2339
99.2478
99.2637
99.2811
99.2999
99.3194
99.3394
99.3595
99.3793
99.3985
99.4167
99.4336
99.4489
99.4624
99.4736
99.4822
99.4881
99.4909
99.4906
99.4867
99.4792
99.4679
99.4526
99.4331
99.4094
99.3813
99.3488
99.3117
99.2701
99.2238
99.173
99.1176
99.0577
98.9933
98.9245
98.8515
98.7743
98.6932
98.6082
98.5195
98.4274
98.332
98.2336
98.1325
98.0289
97.9231
97.8155
97.7063
97.5959
97.4846
97.3728
97.2608
97.1489
97.0376
96.9272
96.8182
96.7109
96.6057
96.5031
96.4033
96.3068
96.2139
96.1251
96.0408
95.9613
95.887
95.8182
95.7551
95.6983
95.648
95.6045
95.5681
95.5391
95.5179
95.5046
95.4994
95.5025
95.5142
95.5345
95.5637
95.6019
95.6493
95.7058
95.7716
95.8467
95.9312
96.0251
96.1283
96.2409
96.3628
96.4939
96.6342
96.7835
96.9416
97.1086
97.2841
97.468
97.6603
97.8605
98.0684
98.284
98.5068
98.7366
98.9732
99.2162
99.4654
99.7203
99.9807
100.246
100.516
100.791
101.07
101.353
101.639
101.928
102.219
102.513
102.809
103.107
103.406
103.705
104.006
104.306
104.607
104.907
105.206
105.504
105.8
106.095
106.388
106.679
106.967
107.253
107.535
107.814
108.09
108.362
108.63
108.894
109.154
109.409
109.659
109.905
110.146
110.381
110.612
110.837
111.057
111.271
111.479
111.682
111.879
112.07
112.255
112.433
112.606
112.773
112.933
113.088
113.236
113.377
113.513
113.642
113.765
113.882
113.992
114.096
114.194
114.285
114.37
114.449
114.521
114.588
114.647
114.701
114.749
114.79
114.825
114.854
114.877
114.893
114.904
114.909
114.908
114.901
114.888
114.869
114.845
114.815
114.78
114.739
114.693
114.641
114.584
114.523
114.456
114.384
114.307
114.226
114.14
114.049
113.954
113.855
113.752
113.645
113.534
113.419
113.301
113.18
113.056
112.929
112.799
112.666
112.531
112.394
112.256
112.115
111.973
111.83
111.686
111.54
111.395
111.248
111.102
110.956
110.81
110.664
110.519
110.375
110.232
110.091
109.95
109.812
109.675
109.54
109.406
109.275
109.147
109.02
108.896
108.774
108.655
108.538
108.424
108.313
108.204
108.098
107.994
107.893
107.795
107.698
107.605
107.513
107.424
107.336
107.251
107.168
107.086
107.007
106.928
106.852
106.777
106.703
106.631
106.559
106.489
106.421
106.353
106.286
106.22
106.156
106.092
106.029
105.967
105.906
105.846
105.787
105.729
105.673
105.617
105.562
105.509
105.457
105.407
105.357
105.31
105.264
105.219
105.177
105.136
105.097
105.06
105.025
104.991
104.96
104.931
104.904
104.88
104.857
104.836
104.817
104.801
104.786
104.774
104.763
104.755
104.748
104.742
104.739
104.737
104.736
104.736
104.738
104.741
104.745
104.75
104.755
104.761
104.768
104.775
104.782
104.789
104.797
104.805
104.812
104.82
104.828
104.835
104.842
104.849
104.855
104.861
104.867
104.872
104.877
104.882
104.886
104.89
104.893
104.897
104.9
104.903
104.906
104.908
104.911
104.914
104.917
104.92
104.923
104.927
104.931
104.935
104.941
104.946
104.953
104.961
104.97
104.979
104.99
105.002
105.016
105.031
105.047
105.065
105.085
105.106
105.13
105.155
105.183
105.213
105.245
105.279
105.316
105.356
105.398
105.443
105.491
105.541
105.595
105.651
105.711
105.774
105.839
105.908
105.98
106.056
106.135
106.216
106.302
106.39
106.482
106.577
106.675
106.776
106.88
106.988
107.098
107.211
107.327
107.446
107.568
107.692
107.818
107.947
108.079
108.212
108.347
108.484
108.623
108.764
108.905
109.048
109.192
109.337
109.483
109.629
109.776
109.923
110.069
110.216
110.362
110.508
110.653
110.798
110.941
111.083
111.224
111.364
111.501
111.637
111.771
111.902
112.032
112.159
112.283
112.404
112.523
112.638
112.751
112.86
112.965
113.067
113.166
113.26
113.351
113.437
113.52
113.598
113.672
113.741
113.806
113.866
113.922
113.972
114.018
114.059
114.095
114.126
114.151
114.172
114.187
114.197
114.201
114.201
114.195
114.183
114.166
114.143
114.115
114.082
114.043
113.999
113.949
113.893
113.833
113.766
113.695
113.618
113.536
113.449
113.356
113.259
113.157
113.05
112.938
112.822
112.701
112.576
112.447
112.314
112.177
112.036
111.892
111.745
111.595
111.442
111.286
111.128
110.967
110.805
110.641
110.476
110.309
110.142
109.974
109.805
109.637
109.468
109.3
109.133
108.967
108.802
108.638
108.476
108.316
108.158
108.003
107.851
107.701
107.555
107.412
107.273
107.138
107.007
106.88
106.758
106.64
106.527
106.419
106.315
106.217
106.124
106.036
105.954
105.876
105.804
105.738
105.676
105.621
105.57
105.525
105.485
105.449
105.419
105.394
105.374
105.358
105.347
105.341
105.339
105.341
105.347
105.356
105.37
105.386
105.406
105.43
105.456
105.485
105.516
105.55
105.586
105.624
105.663
105.704
105.747
105.791
105.836
105.882
105.929
105.976
106.023
106.071
106.119
106.167
106.215
106.263
106.31
106.357
106.403
106.448
106.492
106.536
106.579
106.62
106.66
106.7
106.737
106.774
106.809
106.842
106.875
106.905
106.934
106.962
106.988
107.013
107.036
107.057
107.077
107.096
107.112
107.128
107.142
107.154
107.165
107.174
107.182
107.189
107.194
107.197
107.2
107.201
107.201
107.199
107.196
107.192
107.187
107.181
107.174
107.166
107.156
107.146
107.134
107.121
107.108
107.093
107.077
107.061
107.043
107.024
107.005
106.984
106.963
106.94
106.916
106.891
106.866
106.839
106.811
106.782
106.752
106.721
106.689
106.655
106.621
106.585
106.547
106.508
106.468
106.426
106.383
106.338
106.292
106.244
106.194
106.143
106.089
106.034
105.977
105.918
105.858
105.795
105.729
105.662
105.593
105.521
105.447
105.371
105.292
105.211
105.127
105.041
104.953
104.862
104.768
104.672
104.573
104.472
104.368
104.262
104.153
104.042
103.928
103.812
103.693
103.572
103.449
103.324
103.197
103.068
102.936
102.803
102.668
102.531
102.393
102.254
102.113
101.971
101.827
101.683
101.539
101.393
101.247
101.101
100.955
100.808
100.662
100.516
100.371
100.227
100.083
99.9408
99.7996
99.6598
99.5217
99.3853
99.251
99.1188
98.9889
98.8615
98.7366
98.6146
98.4955
98.3796
98.267
98.1578
98.0522
97.9502
97.8521
97.758
97.6679
97.5821
97.5006
97.4236
97.3511
97.2833
97.2203
97.1621
97.1089
97.0607
97.0178
96.98
96.9476
96.9204
96.8987
96.8825
96.8718
96.8668
96.8675
96.8739
96.8861
96.904
96.9278
96.9574
96.9928
97.034
97.081
97.1338
97.1924
97.2569
97.327
97.4029
97.4843
97.5713
97.6639
97.7618
97.865
97.9735
98.087
98.2056
98.3289
98.4569
98.5894
98.7264
98.8675
99.0127
99.1618
99.3144
99.4705
99.6299
99.7922
99.9574
100.125
100.295
100.467
100.641
100.817
100.993
101.171
101.35
101.53
101.709
101.889
102.069
102.248
102.426
102.604
102.78
102.955
103.128
103.299
103.469
103.635
103.8
103.961
104.12
104.275
104.428
104.576
104.721
104.862
105
105.133
105.262
105.387
105.507
105.623
105.735
105.841
105.944
106.041
106.134
106.222
106.306
106.385
106.459
106.528
106.593
106.654
106.71
106.762
106.809
106.853
106.892
106.927
106.959
106.987
107.012
107.033
107.051
107.065
107.077
107.087
107.093
107.098
107.1
107.1
107.098
107.095
107.09
107.084
107.077
107.069
107.06
107.05
107.04
107.029
107.019
107.008
106.998
106.987
106.978
106.969
106.96
106.953
106.946
106.941
106.937
106.934
106.932
106.932
106.933
106.936
106.941
106.948
106.956
106.966
106.979
106.993
107.009
107.028
107.048
107.071
107.096
107.124
107.154
107.186
107.22
107.256
107.295
107.336
107.379
107.425
107.472
107.522
107.574
107.628
107.685
107.743
107.804
107.866
107.931
107.997
108.065
108.135
108.206
108.28
108.354
108.431
108.508
108.587
108.668
108.749
108.832
108.916
109
109.086
109.172
109.259
109.347
109.435
109.523
109.612
109.7
109.789
109.878
109.967
110.055
110.143
110.23
110.317
110.404
110.489
110.574
110.657
110.74
110.821
110.901
110.979
111.056
111.131
111.205
111.276
111.346
111.413
111.479
111.542
111.602
111.66
111.716
111.768
111.818
111.865
111.909
111.95
111.988
112.023
112.055
112.083
112.107
112.128
112.146
112.159
112.17
112.176
112.179
112.178
112.173
112.164
112.151
112.135
112.115
112.09
112.062
112.03
111.994
111.954
111.911
111.863
111.812
111.757
111.698
111.636
111.571
111.502
111.429
111.354
111.275
111.194
111.109
111.022
110.932
110.839
110.744
110.647
110.548
110.447
110.344
110.24
110.134
110.027
109.919
109.809
109.7
109.589
109.479
109.368
109.257
109.146
109.036
108.927
108.818
108.711
108.605
108.5
108.396
108.295
108.196
108.098
108.003
107.91
107.82
107.733
107.648
107.567
107.488
107.413
107.341
107.273
107.208
107.147
107.089
107.035
106.986
106.94
106.898
106.86
106.826
106.796
106.77
106.748
106.73
106.716
106.706
106.699
106.697
106.698
106.702
106.71
106.722
106.737
106.755
106.776
106.8
106.827
106.856
106.888
106.923
106.959
106.997
107.038
107.079
107.123
107.167
107.212
107.259
107.305
107.353
107.4
107.447
107.494
107.541
107.587
107.631
107.675
107.717
107.758
107.797
107.833
107.868
107.9
107.929
107.955
107.978
107.998
108.015
108.027
108.036
108.041
108.042
108.039
108.031
108.018
108.001
107.979
107.953
107.921
107.885
107.844
107.798
107.748
107.692
107.633
107.568
107.499
107.426
107.349
107.268
107.184
107.096
107.005
106.912
106.816
106.718
106.619
106.519
106.418
106.317
106.216
106.116
106.017
105.919
105.824
105.732
105.643
105.557
105.476
105.399
105.327
105.26
105.199
105.144
105.096
105.054
105.019
104.991
104.971
104.957
104.951
104.952
104.961
104.976
104.999
105.028
105.064
105.107
105.155
105.209
105.269
105.333
105.402
105.476
105.553
105.634
105.718
105.804
105.892
105.982
106.073
106.165
106.257
106.349
106.441
106.532
106.622
106.71
106.796
106.881
106.963
107.042
107.119
107.192
107.262
107.329
107.392
107.452
107.507
107.559
107.606
107.65
107.689
107.725
107.756
107.782
107.805
107.824
107.838
107.849
107.855
107.858
107.857
107.852
107.844
107.832
107.817
107.799
107.778
107.754
107.727
107.697
107.665
107.63
107.593
107.554
107.513
107.471
107.427
107.381
107.334
107.286
107.237
107.188
107.137
107.086
107.035
106.983
106.932
106.88
106.829
106.778
106.727
106.677
106.627
106.578
106.53
106.482
106.436
106.39
106.345
106.302
106.26
106.219
106.179
106.14
106.103
106.067
106.033
106
105.968
105.938
105.909
105.882
105.856
105.831
105.808
105.786
105.766
105.746
105.728
105.712
105.696
105.682
105.669
105.657
105.647
105.637
105.629
105.622
105.616
105.611
105.607
105.605
105.603
105.603
105.604
105.606
105.61
105.614
105.62
105.627
105.636
105.646
105.658
105.671
105.686
105.702
105.721
105.741
105.763
105.788
105.814
105.843
105.874
105.908
105.945
105.984
106.026
106.071
106.119
106.171
106.226
106.284
106.346
106.411
106.481
106.554
106.631
106.712
106.797
106.886
106.979
107.077
107.178
107.284
107.394
107.508
107.625
107.747
107.873
108.003
108.136
108.274
108.414
108.558
108.706
108.856
109.009
109.165
109.324
109.485
109.649
109.814
109.98
110.149
110.318
110.489
110.66
110.831
111.003
111.175
111.346
111.517
111.687
111.856
112.023
112.189
112.352
112.514
112.673
112.829
112.983
113.133
113.28
113.424
113.563
113.699
113.83
113.956
114.078
114.196
114.308
114.414
114.516
114.612
114.702
114.787
114.865
114.938
115.005
115.066
115.12
115.168
115.21
115.245
115.274
115.296
115.312
115.321
115.324
115.32
115.31
115.293
115.27
115.241
115.205
115.162
115.114
115.059
114.999
114.932
114.86
114.782
114.698
114.609
114.515
114.415
114.311
114.202
114.088
113.97
113.848
113.721
113.591
113.458
113.321
113.182
113.039
112.894
112.748
112.599
112.448
112.296
112.144
111.99
111.837
111.683
111.529
111.376
111.224
111.074
110.925
110.777
110.632
110.49
110.35
110.214
110.08
109.951
109.825
109.704
109.587
109.475
109.368
109.267
109.17
109.079
108.994
108.915
108.842
108.775
108.714
108.66
108.612
108.57
108.535
108.507
108.485
108.469
108.46
108.458
108.461
108.471
108.488
108.51
108.538
108.572
108.612
108.658
108.709
108.765
108.827
108.893
108.965
109.041
109.121
109.206
109.294
109.386
109.482
109.582
109.684
109.789
109.898
110.008
110.121
110.237
110.354
110.472
110.593
110.714
110.837
110.96
111.084
111.208
111.333
111.457
111.581
111.704
111.827
111.95
112.071
112.191
112.309
112.426
112.541
112.653
112.764
112.872
112.978
113.081
113.181
113.277
113.371
113.461
113.547
113.63
113.708
113.783
113.853
113.919
113.98
114.036
114.087
114.134
114.175
114.211
114.241
114.266
114.285
114.298
114.305
114.306
114.301
114.289
114.271
114.247
114.217
114.179
114.136
114.085
114.028
113.964
113.893
113.815
113.731
113.64
113.542
113.437
113.326
113.208
113.084
112.953
112.816
112.673
112.524
112.369
112.209
112.043
111.871
111.695
111.514
111.328
111.138
110.944
110.746
110.545
110.34
110.133
109.923
109.711
109.497
109.282
109.066
108.848
108.631
108.413
108.195
107.978
107.761
107.546
107.333
107.121
106.911
106.703
106.498
106.296
106.097
105.901
105.709
105.52
105.335
105.154
104.978
104.805
104.637
104.473
104.314
104.159
104.009
103.863
103.722
103.585
103.453
103.325
103.201
103.082
102.967
102.856
102.749
102.646
102.547
102.452
102.361
102.273
102.188
102.107
102.03
101.955
101.883
101.814
101.748
101.684
101.623
101.564
101.508
101.453
101.401
101.35
101.301
101.254
101.208
101.163
101.12
101.077
101.036
100.996
100.956
100.918
100.88
100.842
100.805
100.768
100.732
100.696
100.66
100.625
100.589
100.554
100.519
100.484
100.449
100.415
100.381
100.347
100.313
100.279
100.246
100.214
100.182
100.151
100.121
100.092
100.064
100.037
100.011
99.9872
99.965
99.9447
99.9264
99.9105
99.8969
99.8859
99.8776
99.8722
99.8699
99.8709
99.8754
99.8835
99.8952
99.9109
99.9307
99.9545
99.9826
100.015
100.052
100.093
100.14
100.19
100.246
100.306
100.372
100.442
100.517
100.597
100.681
100.77
100.864
100.963
101.066
101.173
101.284
101.4
101.52
101.644
101.771
101.902
102.037
102.174
102.315
102.459
102.605
102.754
102.906
103.059
103.215
103.372
103.531
103.692
103.853
104.016
104.179
104.344
104.508
104.674
104.839
105.004
105.17
105.335
105.499
105.663
105.827
105.989
106.151
106.311
106.471
106.629
106.785
106.941
107.094
107.246
107.396
107.544
107.69
107.834
107.975
108.115
108.252
108.387
108.52
108.65
108.778
108.903
109.026
109.147
109.265
109.38
109.493
109.603
109.711
109.816
109.919
110.019
110.116
110.212
110.305
110.395
110.484
110.57
110.653
110.735
110.815
110.893
110.968
111.042
111.115
111.185
111.254
111.321
111.387
111.452
111.515
111.577
111.638
111.698
111.758
111.816
111.874
111.931
111.987
112.043
112.098
112.153
112.208
112.263
112.318
112.373
112.427
112.482
112.537
112.593
112.648
112.704
112.76
112.817
112.874
112.932
112.99
113.049
113.108
113.168
113.228
113.289
113.35
113.412
113.474
113.537
113.6
113.664
113.728
113.792
113.857
113.922
113.987
114.052
114.117
114.183
114.248
114.313
114.378
114.443
114.508
114.572
114.635
114.698
114.76
114.821
114.882
114.941
115
115.057
115.112
115.167
115.22
115.271
115.32
115.368
115.413
115.457
115.498
115.537
115.574
115.608
115.64
115.669
115.695
115.719
115.739
115.756
115.77
115.781
115.788
115.792
115.792
115.789
115.781
115.77
115.755
115.735
115.711
115.683
115.651
115.614
115.573
115.527
115.476
115.421
115.36
115.295
115.225
115.15
115.069
114.984
114.893
114.797
114.696
114.589
114.477
114.36
114.238
114.111
113.978
113.84
113.698
113.55
113.397
113.24
113.079
112.913
112.743
112.569
112.392
112.211
112.028
111.843
111.655
111.465
111.275
111.084
110.893
110.702
110.512
110.324
110.138
109.954
109.774
109.598
109.427
109.262
109.102
108.949
108.803
108.664
108.534
108.413
108.3
108.197
108.104
108.02
107.947
107.884
107.831
107.789
107.756
107.734
107.721
107.718
107.724
107.738
107.761
107.791
107.828
107.872
107.921
107.976
108.035
108.098
108.164
108.233
108.303
108.375
108.447
108.519
108.59
108.66
108.729
108.795
108.859
108.919
108.976
109.03
109.079
109.124
109.165
109.201
109.232
109.258
109.279
109.295
109.306
109.312
109.313
109.309
109.3
109.287
109.269
109.246
109.219
109.188
109.153
109.114
109.071
109.025
108.976
108.924
108.869
108.811
108.751
108.689
108.625
108.559
108.492
108.423
108.353
108.283
108.212
108.14
108.067
107.995
107.923
107.85
107.778
107.707
107.636
107.566
107.496
107.428
107.361
107.295
107.23
107.167
107.105
107.045
106.987
106.931
106.876
106.823
106.773
106.724
106.678
106.634
106.592
106.552
106.515
106.48
106.447
106.416
106.388
106.363
106.339
106.318
106.299
106.282
106.268
106.256
106.246
106.238
106.232
106.228
106.226
106.226
106.227
106.23
106.234
106.24
106.247
106.255
106.265
106.275
106.286
106.297
106.309
106.321
106.334
106.347
106.359
106.372
106.384
106.396
106.407
106.417
106.427
106.436
106.444
106.451
106.457
106.462
106.465
106.467
106.468
106.467
106.465
106.462
106.456
106.45
106.441
106.432
106.42
106.407
106.393
106.377
106.359
106.34
106.32
106.298
106.275
106.251
106.226
106.199
106.171
106.142
106.113
106.082
106.05
106.018
105.985
105.951
105.917
105.882
105.847
105.81
105.774
105.737
105.7
105.663
105.625
105.587
105.549
105.51
105.472
105.433
105.394
105.355
105.316
105.277
105.237
105.198
105.158
105.119
105.079
105.039
104.999
104.959
104.919
104.879
104.839
104.798
104.758
104.717
104.676
104.635
104.594
104.553
104.512
104.47
104.429
104.387
104.346
104.304
104.262
104.221
104.18
104.138
104.097
104.056
104.016
103.976
103.936
103.896
103.857
103.819
103.782
103.745
103.709
103.674
103.64
103.607
103.575
103.545
103.516
103.488
103.462
103.438
103.416
103.395
103.376
103.359
103.345
103.332
103.322
103.314
103.308
103.305
103.304
103.305
103.309
103.316
103.325
103.336
103.351
103.367
103.386
103.408
103.432
103.458
103.486
103.517
103.55
103.585
103.622
103.661
103.702
103.745
103.789
103.835
103.882
103.93
103.98
104.03
104.081
104.133
104.185
104.237
104.29
104.342
104.395
104.447
104.499
104.55
104.6
104.65
104.698
104.745
104.79
104.834
104.876
104.917
104.955
104.991
105.025
105.057
105.086
105.112
105.136
105.157
105.176
105.191
105.203
105.212
105.219
105.221
105.221
105.217
105.21
105.2
105.187
105.17
105.149
105.126
105.099
105.069
105.035
104.999
104.959
104.916
104.869
104.82
104.768
104.712
104.654
104.593
104.529
104.463
104.394
104.322
104.249
104.173
104.095
104.016
103.934
103.851
103.767
103.681
103.595
103.507
103.419
103.331
103.242
103.154
103.065
102.977
102.89
102.803
102.717
102.633
102.551
102.47
102.392
102.316
102.242
102.171
102.104
102.04
101.979
101.922
101.869
101.82
101.776
101.735
101.7
101.669
101.644
101.623
101.608
101.597
101.593
101.593
101.599
101.61
101.627
101.65
101.677
101.711
101.749
101.793
101.842
101.897
101.956
102.021
102.09
102.164
102.243
102.326
102.414
102.506
102.602
102.703
102.807
102.914
103.025
103.14
103.258
103.379
103.502
103.629
103.758
103.89
104.024
104.16
104.298
104.439
104.581
104.724
104.869
105.016
105.164
105.313
105.463
105.614
105.766
105.919
106.072
106.226
106.381
106.535
106.69
106.845
107
107.155
107.31
107.464
107.618
107.771
107.924
108.076
108.227
108.377
108.526
108.674
108.821
108.966
109.109
109.251
109.391
109.528
109.664
109.798
109.929
110.057
110.183
110.306
110.426
110.543
110.657
110.768
110.875
110.979
111.079
111.176
111.269
111.357
111.442
111.523
111.6
111.673
111.741
111.805
111.865
111.921
111.972
112.018
112.061
112.098
112.132
112.161
112.185
112.206
112.222
112.234
112.242
112.246
112.245
112.241
112.233
112.222
112.207
112.188
112.166
112.141
112.113
112.082
112.048
112.012
111.973
111.932
111.889
111.844
111.798
111.749
111.7
111.649
111.597
111.544
111.49
111.436
111.382
111.328
111.273
111.219
111.165
111.112
111.06
111.008
110.958
110.909
110.861
110.815
110.771
110.728
110.688
110.649
110.613
110.579
110.547
110.518
110.491
110.467
110.446
110.428
110.412
110.399
110.389
110.383
110.379
110.378
110.38
110.384
110.392
110.403
110.416
110.432
110.451
110.472
110.496
110.523
110.551
110.582
110.615
110.65
110.687
110.725
110.765
110.807
110.849
110.893
110.938
110.984
111.03
111.077
111.124
111.171
111.218
111.265
111.312
111.358
111.404
111.449
111.493
111.536
111.578
111.619
111.658
111.696
111.732
111.766
111.798
111.829
111.857
111.883
111.907
111.929
111.948
111.965
111.979
111.991
112
112.006
112.009
112.01
112.008
112.003
111.995
111.985
111.971
111.954
111.934
111.912
111.886
111.858
111.826
111.791
111.753
111.712
111.668
111.621
111.571
111.518
111.462
111.403
111.34
111.275
111.207
111.136
111.062
110.985
110.905
110.823
110.738
110.65
110.559
110.465
110.37
110.271
110.17
110.066
109.96
109.852
109.742
109.629
109.514
109.397
109.278
109.157
109.035
108.91
108.784
108.656
108.527
108.397
108.264
108.131
107.997
107.861
107.724
107.587
107.448
107.309
107.168
107.028
106.886
106.744
106.601
106.458
106.314
106.17
106.026
105.881
105.736
105.59
105.445
105.299
105.153
105.007
104.861
104.715
104.569
104.423
104.276
104.13
103.984
103.838
103.692
103.546
103.4
103.255
103.109
102.964
102.819
102.675
102.531
102.387
102.244
102.101
101.959
101.817
101.676
101.536
101.396
101.257
101.12
100.983
100.847
100.712
100.579
100.446
100.316
100.186
100.058
99.9317
99.8068
99.6836
99.562
99.4422
99.3242
99.208
99.0937
98.9813
98.8709
98.7624
98.656
98.5516
98.4492
98.3489
98.2506
98.1544
98.0603
97.9681
97.8779
97.7897
97.7034
97.619
97.5365
97.4559
97.3771
97.3002
97.225
97.1514
97.0796
97.0094
96.9407
96.8735
96.8079
96.7437
96.6809
96.6195
96.5594
96.5006
96.4431
96.3869
96.3318
96.278
96.2253
96.1739
96.1235
96.0742
96.026
95.9789
95.9329
95.8879
95.844
95.8011
95.7592
95.7183
95.6785
95.6397
95.6018
95.565
95.5293
95.4946
95.461
95.4284
95.397
95.3667
95.3375
95.3095
95.2827
95.2571
95.2328
95.2097
95.1881
95.1678
95.1489
95.1314
95.1154
95.101
95.0881
95.0769
95.0674
95.0596
95.0537
95.0496
95.0476
95.0475
95.0495
95.0537
95.0602
95.069
95.0803
95.0941
95.1105
95.1296
95.1515
95.1763
95.204
95.2348
95.2688
95.306
95.3464
95.3903
95.4377
95.4886
95.5432
95.6015
95.6636
95.7296
95.7995
95.8734
95.9514
96.0336
96.1198
96.2103
96.305
96.4041
96.5074
96.6151
96.7271
96.8434
96.9641
97.089
97.2182
97.3517
97.4893
97.6311
97.777
97.9269
98.0807
98.2384
98.3999
98.5651
98.7338
98.906
99.0815
99.2603
99.4422
99.627
99.8146
100.005
100.197
100.392
100.589
100.789
100.989
101.192
101.396
101.6
101.806
102.013
102.22
102.428
102.636
102.844
103.051
103.259
103.465
103.671
103.876
104.079
104.282
104.482
104.681
104.878
105.073
105.266
105.456
105.643
105.828
106.01
106.189
106.364
106.536
106.705
106.87
107.031
107.189
107.342
107.491
107.636
107.777
107.914
108.046
108.173
108.296
108.414
108.528
108.636
108.74
108.839
108.933
109.022
109.106
109.185
109.259
109.328
109.392
109.451
109.505
109.554
109.599
109.638
109.672
109.702
109.727
109.747
109.763
109.775
109.782
109.784
109.782
109.777
109.767
109.753
109.736
109.714
109.69
109.662
109.631
109.597
109.56
109.52
109.478
109.434
109.387
109.339
109.288
109.236
109.183
109.129
109.074
109.018
108.961
108.904
108.847
108.789
108.732
108.676
108.62
108.564
108.51
108.457
108.406
108.356
108.307
108.261
108.216
108.174
108.134
108.096
108.061
108.028
107.999
107.972
107.948
107.928
107.911
107.897
107.886
107.879
107.875
107.875
107.879
107.886
107.896
107.91
107.928
107.949
107.973
108.001
108.032
108.066
108.103
108.143
108.186
108.232
108.28
108.331
108.384
108.439
108.496
108.556
108.617
108.679
108.743
108.808
108.874
108.941
109.008
109.076
109.144
109.212
109.28
109.348
109.416
109.482
109.548
109.613
109.678
109.74
109.802
109.862
109.921
109.977
110.033
110.086
110.137
110.186
110.234
110.279
110.322
110.362
110.401
110.438
110.472
110.504
110.534
110.562
110.588
110.612
110.634
110.655
110.673
110.69
110.705
110.719
110.732
110.744
110.755
110.764
110.774
110.782
110.79
110.798
110.806
110.814
110.822
110.83
110.839
110.849
110.86
110.871
110.884
110.898
110.913
110.93
110.949
110.969
110.991
111.016
111.042
111.071
111.101
111.134
111.17
111.207
111.247
111.289
111.334
111.381
111.43
111.481
111.535
111.59
111.648
111.708
111.769
111.832
111.897
111.963
112.031
112.1
112.17
112.241
112.313
112.386
112.46
112.533
112.607
112.681
112.756
112.83
112.903
112.977
113.05
113.122
113.193
113.263
113.333
113.401
113.468
113.534
113.598
113.661
113.723
113.782
113.84
113.897
113.952
114.005
114.056
114.105
114.153
114.198
114.242
114.284
114.324
114.362
114.399
114.433
114.466
114.497
114.527
114.555
114.581
114.606
114.629
114.651
114.671
114.69
114.708
114.725
114.74
114.755
114.768
114.78
114.792
114.802
114.812
114.821
114.83
114.837
114.844
114.851
114.857
114.863
114.868
114.873
114.877
114.881
114.885
114.889
114.892
114.895
114.898
114.9
114.902
114.904
114.906
114.908
114.909
114.91
114.911
114.912
114.912
114.911
114.91
114.909
114.906
114.904
114.9
114.896
114.89
114.884
114.877
114.868
114.859
114.848
114.836
114.822
114.807
114.791
114.772
114.752
114.73
114.706
114.681
114.653
114.623
114.59
114.556
114.519
114.48
114.438
114.394
114.347
114.298
114.247
114.192
114.135
114.076
114.013
113.948
113.881
113.811
113.738
113.662
113.585
113.504
113.422
113.337
113.249
113.16
113.068
112.975
112.879
112.782
112.683
112.583
112.481
112.377
112.272
112.166
112.059
111.951
111.841
111.731
111.621
111.509
111.397
111.285
111.172
111.058
110.945
110.831
110.716
110.602
110.487
110.372
110.256
110.141
110.025
109.909
109.793
109.676
109.559
109.442
109.324
109.205
109.086
108.966
108.845
108.724
108.602
108.479
108.355
108.23
108.104
107.977
107.849
107.72
107.59
107.459
107.328
107.195
107.061
106.926
106.791
106.655
106.519
106.382
106.245
106.108
105.971
105.835
105.699
105.563
105.429
105.295
105.163
105.033
104.904
104.778
104.654
104.533
104.415
104.3
104.189
104.082
103.979
103.88
103.786
103.697
103.613
103.534
103.461
103.394
103.334
103.279
103.232
103.191
103.156
103.13
103.11
103.097
103.092
103.095
103.105
103.123
103.149
103.182
103.224
103.273
103.331
103.396
103.47
103.551
103.64
103.738
103.843
103.956
104.076
104.204
104.34
104.483
104.634
104.792
104.957
105.128
105.307
105.492
105.684
105.882
106.086
106.295
106.511
106.731
106.957
107.187
107.423
107.662
107.906
108.153
108.404
108.658
108.915
109.175
109.437
109.701
109.967
110.234
110.503
110.772
111.042
111.312
111.582
111.852
112.121
112.389
112.656
112.922
113.186
113.448
113.708
113.966
114.221
114.474
114.723
114.969
115.211
115.451
115.686
115.917
116.144
116.367
116.585
116.799
117.008
117.212
117.411
117.605
117.794
117.977
118.155
118.327
118.494
118.655
118.809
118.958
119.101
119.237
119.367
119.491
119.608
119.719
119.824
119.921
120.012
120.097
120.174
120.244
120.308
120.364
120.414
120.456
120.491
120.519
120.54
120.554
120.56
120.559
120.551
120.535
120.512
120.482
120.444
120.399
120.347
120.287
120.22
120.146
120.064
119.976
119.88
119.777
119.667
119.549
119.425
119.294
119.156
119.012
118.86
118.702
118.538
118.367
118.19
118.007
117.818
117.623
117.422
117.216
117.004
116.787
116.565
116.337
116.105
115.868
115.627
115.382
115.132
114.879
114.621
114.361
114.097
113.83
113.56
113.288
113.013
112.736
112.458
112.178
111.896
111.614
111.33
111.046
110.762
110.478
110.194
109.911
109.628
109.347
109.066
108.788
108.511
108.237
107.965
107.696
107.429
107.166
106.906
106.651
106.399
106.151
105.908
105.669
105.435
105.207
104.984
104.766
104.554
104.348
104.148
103.955
103.767
103.587
103.413
103.245
103.085
102.931
102.785
102.645
102.513
102.388
102.269
102.158
102.054
101.957
101.867
101.785
101.709
101.639
101.577
101.521
101.472
101.429
101.392
101.362
101.337
101.318
101.304
101.296
101.293
101.295
101.302
101.313
101.328
101.348
101.372
101.399
101.429
101.463
101.499
101.539
101.581
101.625
101.671
101.72
101.769
101.821
101.873
101.927
101.982
102.037
102.093
102.15
102.206
102.263
102.319
102.376
102.432
102.488
102.544
102.599
102.653
102.707
102.76
102.813
102.864
102.915
102.965
103.015
103.064
103.112
103.159
103.206
103.252
103.297
103.342
103.387
103.431
103.474
103.518
103.561
103.603
103.646
103.689
103.732
103.774
103.817
103.86
103.904
103.947
103.991
104.035
104.08
104.126
104.172
104.218
104.265
104.313
104.361
104.41
104.459
104.51
104.56
104.612
104.664
104.717
104.77
104.824
104.879
104.933
104.989
105.045
105.101
105.158
105.215
105.272
105.33
105.387
105.445
105.502
105.56
105.617
105.674
105.731
105.788
105.844
105.899
105.954
106.008
106.062
106.115
106.166
106.217
106.267
106.316
106.363
106.41
106.455
106.499
106.542
106.583
106.623
106.662
106.699
106.735
106.77
106.802
106.834
106.864
106.892
106.919
106.944
106.968
106.99
107.01
107.029
107.046
107.062
107.076
107.088
107.099
107.108
107.116
107.122
107.126
107.129
107.131
107.13
107.129
107.126
107.121
107.115
107.108
107.099
107.088
107.076
107.063
107.048
107.032
107.015
106.996
106.976
106.955
106.933
106.909
106.885
106.859
106.833
106.805
106.776
106.746
106.716
106.684
106.652
106.619
106.585
106.55
106.515
106.479
106.443
106.406
106.368
106.33
106.291
106.252
106.212
106.173
106.132
106.091
106.05
106.008
105.966
105.924
105.881
105.838
105.795
105.751
105.707
105.662
105.617
105.572
105.526
105.48
105.434
105.387
105.34
105.293
105.246
105.198
105.15
105.101
105.053
105.003
104.954
104.905
104.855
104.805
104.755
104.706
104.656
104.606
104.556
104.506
104.457
104.408
104.36
104.312
104.264
104.217
104.171
104.125
104.08
104.036
103.993
103.951
103.91
103.871
103.832
103.795
103.759
103.724
103.691
103.659
103.629
103.6
103.572
103.546
103.521
103.498
103.476
103.455
103.436
103.418
103.402
103.387
103.373
103.36
103.348
103.337
103.328
103.319
103.311
103.304
103.297
103.291
103.286
103.281
103.276
103.272
103.267
103.264
103.26
103.256
103.253
103.249
103.245
103.241
103.238
103.234
103.229
103.225
103.221
103.217
103.212
103.208
103.203
103.198
103.194
103.189
103.184
103.18
103.176
103.171
103.167
103.164
103.161
103.158
103.156
103.155
103.154
103.154
103.154
103.156
103.158
103.162
103.166
103.171
103.178
103.186
103.195
103.205
103.217
103.23
103.244
103.26
103.277
103.295
103.315
103.336
103.359
103.383
103.408
103.435
103.463
103.492
103.522
103.553
103.586
103.619
103.653
103.688
103.724
103.761
103.798
103.835
103.873
103.912
103.95
103.989
104.028
104.067
104.106
104.144
104.182
104.219
104.256
104.292
104.328
104.362
104.396
104.429
104.46
104.491
104.52
104.547
104.574
104.599
104.622
104.644
104.664
104.682
104.699
104.714
104.727
104.738
104.747
104.754
104.76
104.763
104.764
104.764
104.761
104.757
104.75
104.742
104.732
104.72
104.706
104.69
104.673
104.654
104.633
104.611
104.587
104.562
104.536
104.508
104.479
104.45
104.419
104.387
104.354
104.321
104.287
104.253
104.218
104.183
104.148
104.112
104.076
104.041
104.006
103.971
103.936
103.902
103.869
103.836
103.804
103.773
103.743
103.714
103.686
103.659
103.634
103.61
103.588
103.567
103.548
103.53
103.515
103.501
103.489
103.478
103.47
103.463
103.458
103.455
103.454
103.455
103.458
103.462
103.469
103.477
103.487
103.499
103.513
103.528
103.545
103.563
103.583
103.605
103.628
103.652
103.678
103.705
103.733
103.763
103.793
103.824
103.857
103.89
103.924
103.958
103.993
104.029
104.065
104.101
104.138
104.175
104.212
104.25
104.287
104.325
104.362
104.4
104.437
104.474
104.511
104.548
104.585
104.621
104.657
104.693
104.728
104.763
104.798
104.832
104.866
104.9
104.933
104.966
104.999
105.031
105.063
105.095
105.127
105.159
105.19
105.222
105.253
105.284
105.316
105.348
105.379
105.411
105.444
105.476
105.509
105.543
105.577
105.611
105.646
105.682
105.719
105.756
105.794
105.833
105.873
105.914
105.956
105.999
106.043
106.088
106.134
106.182
106.23
106.28
106.33
106.382
106.435
106.489
106.545
106.601
106.658
106.716
106.775
106.835
106.896
106.958
107.02
107.084
107.147
107.212
107.276
107.341
107.407
107.473
107.539
107.605
107.671
107.737
107.803
107.869
107.935
108.001
108.067
108.132
108.197
108.261
108.326
108.39
108.453
108.516
108.579
108.642
108.704
108.766
108.828
108.89
108.951
109.013
109.074
109.135
109.197
109.259
109.321
109.383
109.446
109.509
109.573
109.637
109.702
109.767
109.833
109.899
109.966
110.034
110.102
110.171
110.24
110.31
110.381
110.451
110.522
110.594
110.665
110.737
110.808
110.879
110.95
111.021
111.091
111.16
111.228
111.296
111.362
111.426
111.49
111.551
111.611
111.668
111.723
111.776
111.827
111.874
111.919
111.961
112
112.036
112.069
112.098
112.124
112.146
112.165
112.18
112.192
112.199
112.203
112.203
112.2
112.192
112.181
112.166
112.148
112.125
112.1
112.07
112.037
112.001
111.961
111.919
111.872
111.823
111.771
111.716
111.658
111.598
111.535
111.469
111.402
111.332
111.261
111.187
111.112
111.035
110.957
110.877
110.796
110.714
110.631
110.547
110.463
110.378
110.292
110.206
110.12
110.034
109.947
109.861
109.775
109.689
109.604
109.519
109.434
109.35
109.267
109.185
109.103
109.023
108.944
108.866
108.788
108.713
108.638
108.565
108.493
108.423
108.354
108.287
108.222
108.158
108.096
108.036
107.977
107.921
107.866
107.813
107.762
107.713
107.666
107.621
107.578
107.538
107.499
107.462
107.428
107.396
107.365
107.337
107.311
107.287
107.265
107.246
107.228
107.213
107.2
107.189
107.18
107.173
107.168
107.165
107.164
107.165
107.167
107.172
107.179
107.187
107.198
107.21
107.224
107.24
107.257
107.276
107.297
107.32
107.344
107.37
107.397
107.426
107.456
107.488
107.521
107.556
107.592
107.629
107.668
107.708
107.749
107.792
107.836
107.88
107.926
107.974
108.022
108.071
108.121
108.173
108.225
108.278
108.332
108.387
108.443
108.5
108.557
108.615
108.674
108.733
108.793
108.853
108.914
108.975
109.037
109.099
109.161
109.223
109.286
109.349
109.412
109.474
109.537
109.6
109.662
109.724
109.786
109.847
109.908
109.969
110.029
110.088
110.147
110.205
110.262
110.318
110.374
110.428
110.481
110.534
110.585
110.635
110.684
110.732
110.779
110.824
110.868
110.911
110.953
110.994
111.033
111.072
111.109
111.145
111.18
111.215
111.248
111.281
111.313
111.344
111.375
111.405
111.436
111.466
111.496
111.526
111.556
111.587
111.618
111.65
111.683
111.717
111.752
111.789
111.827
111.866
111.908
111.951
111.996
112.043
112.093
112.145
112.199
112.255
112.314
112.375
112.439
112.505
112.573
112.644
112.717
112.792
112.869
112.947
113.028
113.109
113.193
113.277
113.362
113.448
113.534
113.62
113.706
113.792
113.877
113.961
114.043
114.124
114.202
114.278
114.352
114.423
114.49
114.554
114.614
114.671
114.723
114.77
114.813
114.851
114.884
114.911
114.934
114.951
114.962
114.967
114.967
114.961
114.95
114.933
114.91
114.881
114.847
114.807
114.763
114.713
114.658
114.598
114.534
114.465
114.393
114.316
114.236
114.153
114.067
113.979
113.888
113.795
113.701
113.606
113.509
113.413
113.316
113.219
113.122
113.027
112.933
112.839
112.748
112.658
112.571
112.486
112.404
112.324
112.248
112.174
112.104
112.037
111.973
111.913
111.856
111.803
111.753
111.706
111.663
111.623
111.585
111.551
111.52
111.492
111.466
111.442
111.421
111.402
111.385
111.37
111.356
111.344
111.333
111.324
111.315
111.307
111.3
111.294
111.288
111.283
111.278
111.273
111.269
111.264
111.26
111.256
111.251
111.247
111.243
111.239
111.235
111.231
111.227
111.223
111.22
111.217
111.214
111.212
111.21
111.209
111.208
111.208
111.209
111.211
111.213
111.217
111.221
111.227
111.235
111.243
111.253
111.264
111.277
111.291
111.307
111.324
111.342
111.362
111.383
111.406
111.43
111.455
111.481
111.508
111.537
111.566
111.595
111.626
111.657
111.688
111.719
111.75
111.781
111.811
111.84
111.869
111.897
111.924
111.949
111.973
111.995
112.015
112.032
112.047
112.06
112.07
112.076
112.08
112.08
112.077
112.07
112.06
112.045
112.026
112.004
111.977
111.945
111.909
111.869
111.824
111.775
111.721
111.662
111.599
111.53
111.458
111.38
111.298
111.211
111.12
111.024
110.924
110.82
110.711
110.598
110.481
110.36
110.236
110.107
109.975
109.84
109.701
109.559
109.414
109.266
109.116
108.963
108.808
108.651
108.492
108.331
108.169
108.006
107.842
107.677
107.511
107.345
107.179
107.014
106.848
106.684
106.52
106.357
106.196
106.036
105.878
105.722
105.568
105.417
105.268
105.123
104.98
104.841
104.705
104.574
104.446
104.322
104.203
104.088
103.977
103.872
103.771
103.675
103.584
103.499
103.418
103.343
103.273
103.209
103.149
103.096
103.047
103.004
102.966
102.933
102.905
102.882
102.864
102.85
102.842
102.837
102.837
102.841
102.849
102.861
102.876
102.895
102.917
102.941
102.969
102.998
103.03
103.064
103.099
103.136
103.175
103.214
103.254
103.294
103.335
103.376
103.417
103.457
103.498
103.537
103.576
103.613
103.65
103.685
103.719
103.752
103.782
103.812
103.839
103.865
103.889
103.911
103.932
103.95
103.967
103.982
103.995
104.006
104.016
104.024
104.031
104.036
104.039
104.042
104.042
104.042
104.041
104.038
104.035
104.03
104.025
104.019
104.013
104.005
103.997
103.989
103.98
103.97
103.96
103.95
103.939
103.928
103.917
103.905
103.892
103.88
103.866
103.853
103.839
103.825
103.81
103.796
103.78
103.765
103.749
103.733
103.716
103.699
103.682
103.664
103.647
103.629
103.611
103.593
103.575
103.557
103.54
103.522
103.505
103.489
103.473
103.458
103.444
103.43
103.418
103.406
103.396
103.386
103.379
103.372
103.367
103.364
103.363
103.363
103.365
103.369
103.375
103.384
103.394
103.407
103.421
103.438
103.457
103.479
103.503
103.529
103.557
103.588
103.621
103.656
103.693
103.732
103.774
103.818
103.863
103.911
103.961
104.012
104.065
104.12
104.176
104.233
104.292
104.353
104.414
104.477
104.54
104.604
104.669
104.735
104.802
104.869
104.936
105.004
105.072
105.14
105.208
105.276
105.344
105.412
105.479
105.546
105.613
105.678
105.744
105.808
105.872
105.935
105.997
106.058
106.118
106.177
106.235
106.291
106.347
106.401
106.454
106.505
106.555
106.604
106.651
106.696
106.74
106.782
106.823
106.862
106.9
106.936
106.97
107.002
107.032
107.061
107.088
107.113
107.136
107.158
107.177
107.195
107.21
107.224
107.236
107.246
107.253
107.259
107.263
107.265
107.264
107.262
107.258
107.252
107.243
107.233
107.221
107.207
107.192
107.174
107.155
107.134
107.111
107.087
107.061
107.034
107.006
106.976
106.945
106.913
106.881
106.847
106.813
106.779
106.744
106.709
106.673
106.638
106.604
106.569
106.536
106.503
106.471
106.44
106.411
106.383
106.357
106.333
106.311
106.291
106.273
106.258
106.245
106.235
106.227
106.222
106.22
106.221
106.225
106.232
106.241
106.254
106.269
106.287
106.308
106.332
106.358
106.386
106.416
106.449
106.483
106.52
106.557
106.597
106.637
106.678
106.72
106.762
106.805
106.848
106.891
106.934
106.976
107.018
107.058
107.098
107.137
107.174
107.21
107.244
107.276
107.307
107.336
107.363
107.387
107.41
107.431
107.449
107.466
107.48
107.493
107.503
107.511
107.518
107.522
107.525
107.526
107.525
107.523
107.52
107.515
107.509
107.502
107.495
107.486
107.477
107.468
107.458
107.449
107.439
107.43
107.42
107.412
107.404
107.397
107.39
107.385
107.381
107.378
107.377
107.378
107.38
107.384
107.39
107.399
107.409
107.422
107.437
107.455
107.475
107.498
107.524
107.552
107.583
107.617
107.653
107.693
107.735
107.781
107.829
107.88
107.934
107.99
108.05
108.112
108.177
108.244
108.315
108.387
108.462
108.539
108.619
108.701
108.785
108.87
108.958
109.048
109.139
109.232
109.326
109.422
109.519
109.617
109.715
109.815
109.916
110.017
110.118
110.22
110.322
110.424
110.525
110.627
110.728
110.829
110.929
111.028
111.126
111.223
111.319
111.413
111.505
111.596
111.685
111.772
111.856
111.939
112.018
112.095
112.169
112.24
112.307
112.371
112.432
112.489
112.542
112.59
112.635
112.675
112.711
112.742
112.768
112.789
112.805
112.815
112.821
112.82
112.814
112.802
112.784
112.761
112.731
112.695
112.652
112.603
112.547
112.485
112.416
112.34
112.258
112.169
112.073
111.97
111.86
111.744
111.621
111.491
111.355
111.212
111.063
110.908
110.746
110.578
110.404
110.225
110.04
109.849
109.654
109.453
109.249
109.04
108.827
108.61
108.39
108.167
107.942
107.715
107.486
107.256
107.024
106.793
106.562
106.331
106.101
105.873
105.647
105.424
105.203
104.986
104.774
104.566
104.363
104.165
103.974
103.789
103.612
103.442
103.279
103.126
102.98
102.844
102.718
102.601
102.494
102.398
102.312
102.237
102.173
102.12
102.078
102.048
102.028
102.02
102.024
102.038
102.064
102.101
102.149
102.207
102.276
102.356
102.445
102.545
102.654
102.773
102.9
103.037
103.182
103.335
103.497
103.665
103.841
104.024
104.214
104.409
104.611
104.818
105.03
105.248
105.47
105.697
105.928
106.162
106.4
106.642
106.886
107.133
107.383
107.635
107.889
108.145
108.403
108.662
108.922
109.183
109.445
109.708
109.971
110.235
110.498
110.762
111.025
111.287
111.549
111.81
112.071
112.33
112.587
112.844
113.098
113.351
113.602
113.851
114.098
114.342
114.583
114.822
115.058
115.291
115.52
115.747
115.969
116.188
116.404
116.615
116.823
117.026
117.225
117.42
117.61
117.795
117.975
118.151
118.321
118.487
118.647
118.802
118.952
119.096
119.235
119.368
119.496
119.618
119.734
119.844
119.949
120.048
120.141
120.228
120.309
120.384
120.453
120.517
120.574
120.626
120.672
120.713
120.747
120.776
120.799
120.817
120.83
120.836
120.838
120.834
120.826
120.812
120.793
120.769
120.741
120.708
120.67
120.628
120.582
120.532
120.477
120.419
120.357
120.291
120.222
120.149
120.073
119.994
119.912
119.827
119.739
119.649
119.555
119.46
119.362
119.262
119.16
119.056
118.95
118.842
118.732
118.621
118.508
118.393
118.278
118.16
118.042
117.922
117.801
117.679
117.555
117.431
117.305
117.179
117.051
116.923
116.793
116.663
116.531
116.398
116.265
116.13
115.995
115.858
115.72
115.581
115.442
115.301
115.159
115.015
114.871
114.725
114.579
114.431
114.281
114.131
113.979
113.825
113.67
113.514
113.356
113.197
113.036
112.874
112.711
112.546
112.379
112.211
112.042
111.871
111.698
111.525
111.35
111.173
110.996
110.817
110.638
110.457
110.276
110.093
109.91
109.727
109.543
109.359
109.175
108.991
108.807
108.623
108.44
108.258
108.076
107.896
107.717
107.539
107.363
107.189
107.017
106.847
106.679
106.514
106.352
106.193
106.037
105.884
105.735
105.59
105.448
105.31
105.177
105.048
104.923
104.803
104.687
104.576
104.47
104.369
104.273
104.182
104.096
104.015
103.939
103.868
103.802
103.741
103.685
103.634
103.588
103.547
103.511
103.48
103.453
103.431
103.413
103.4
103.391
103.386
103.386
103.389
103.397
103.408
103.423
103.442
103.464
103.49
103.519
103.552
103.587
103.626
103.668
103.713
103.761
103.812
103.865
103.921
103.98
104.041
104.104
104.169
104.237
104.307
104.379
104.452
104.527
104.604
104.682
104.761
104.841
104.922
105.004
105.086
105.169
105.252
105.335
105.417
105.499
105.581
105.661
105.74
105.818
105.895
105.969
106.041
106.111
106.179
106.244
106.306
106.365
106.42
106.472
106.52
106.565
106.605
106.642
106.674
106.701
106.724
106.742
106.756
106.765
106.769
106.767
106.761
106.75
106.734
106.713
106.687
106.656
106.62
106.579
106.534
106.483
106.428
106.369
106.305
106.237
106.164
106.088
106.007
105.922
105.834
105.742
105.647
105.548
105.446
105.341
105.233
105.123
105.01
104.894
104.776
104.657
104.535
104.411
104.286
104.159
104.031
103.902
103.771
103.64
103.508
103.375
103.241
103.107
102.973
102.838
102.704
102.569
102.434
102.3
102.165
102.031
101.898
101.765
101.633
101.501
101.37
101.239
101.11
100.981
100.853
100.727
100.601
100.476
100.352
100.229
100.108
99.9871
99.8675
99.7491
99.6318
99.5156
99.4005
99.2866
99.1737
99.0621
98.9515
98.8421
98.7337
98.6265
98.5203
98.4152
98.3112
98.2083
98.1066
98.0061
97.9068
97.8087
97.7117
97.6161
97.5216
97.4286
97.3369
97.2466
97.1578
97.0705
96.9848
96.9008
96.8185
96.7382
96.6598
96.5834
96.5092
96.4373
96.3678
96.3007
96.2363
96.1746
96.1158
96.06
96.0072
95.9577
95.9115
95.8687
95.8295
95.7939
95.7621
95.7341
95.7101
95.6902
95.6743
95.6626
95.655
95.6518
95.6528
95.6581
95.6678
95.6818
95.7003
95.723
95.7501
95.7815
95.8172
95.8571
95.9012
95.9494
96.0017
96.0579
96.118
96.182
96.2498
96.3213
96.3964
96.4752
96.5574
96.643
96.732
96.8243
96.9197
97.0181
97.1197
97.2241
97.3314
97.4415
97.5544
97.67
97.7882
97.909
98.0323
98.1581
98.2863
98.4168
98.5496
98.6845
98.8217
98.9609
99.1021
99.2453
99.3905
99.5375
99.6862
99.8367
99.9888
100.142
100.297
100.454
100.611
100.77
100.929
101.09
101.251
101.413
101.575
101.738
101.901
102.064
102.227
102.389
102.552
102.714
102.875
103.035
103.194
103.352
103.509
103.664
103.817
103.969
104.119
104.266
104.412
104.555
104.695
104.833
104.968
105.1
105.229
105.356
105.479
105.598
105.715
105.827
105.937
106.043
106.145
106.243
106.338
106.429
106.516
106.599
106.679
106.755
106.826
106.895
106.959
107.02
107.076
107.13
107.179
107.225
107.267
107.306
107.342
107.374
107.402
107.428
107.45
107.469
107.485
107.498
107.507
107.514
107.519
107.52
107.519
107.515
107.508
107.5
107.488
107.475
107.459
107.441
107.421
107.398
107.374
107.348
107.32
107.29
107.259
107.226
107.191
107.154
107.116
107.077
107.036
106.994
106.95
106.905
106.859
106.811
106.763
106.713
106.662
106.611
106.558
106.504
106.449
106.393
106.336
106.279
106.22
106.161
106.101
106.04
105.978
105.916
105.853
105.789
105.724
105.659
105.594
105.527
105.461
105.393
105.326
105.257
105.189
105.12
105.05
104.98
104.91
104.839
104.768
104.697
104.626
104.554
104.482
104.409
104.337
104.264
104.191
104.118
104.045
103.972
103.899
103.826
103.753
103.68
103.606
103.533
103.461
103.388
103.316
103.243
103.172
103.1
103.03
102.959
102.889
102.82
102.751
102.684
102.617
102.551
102.486
102.422
102.359
102.297
102.237
102.178
102.121
102.065
102.011
101.959
101.909
101.861
101.815
101.772
101.73
101.692
101.656
101.622
101.591
101.563
101.538
101.516
101.497
101.482
101.469
101.46
101.454
101.452
101.453
101.458
101.466
101.477
101.493
101.512
101.534
101.56
101.59
101.623
101.66
101.7
101.744
101.791
101.842
101.896
101.952
102.012
102.075
102.141
102.209
102.281
102.354
102.43
102.509
102.589
102.671
102.756
102.841
102.929
103.018
103.107
103.198
103.29
103.382
103.475
103.568
103.662
103.755
103.848
103.941
104.034
104.125
104.216
104.306
104.395
104.483
104.569
104.653
104.736
104.817
104.896
104.972
105.047
105.119
105.188
105.255
105.319
105.38
105.438
105.493
105.544
105.593
105.638
105.679
105.717
105.752
105.782
105.809
105.832
105.852
105.867
105.878
105.886
105.889
105.888
105.884
105.875
105.862
105.845
105.824
105.799
105.77
105.736
105.699
105.657
105.612
105.562
105.509
105.452
105.391
105.326
105.258
105.186
105.111
105.032
104.949
104.864
104.775
104.683
104.588
104.49
104.389
104.286
104.18
104.071
103.96
103.847
103.732
103.615
103.496
103.376
103.254
103.131
103.007
102.883
102.757
102.631
102.505
102.378
102.252
102.126
102
101.876
101.752
101.629
101.507
101.387
101.269
101.153
101.04
100.928
100.819
100.713
100.611
100.511
100.415
100.323
100.234
100.15
100.069
99.9932
99.9217
99.855
99.793
99.736
99.684
99.6371
99.5956
99.5594
99.5286
99.5034
99.4837
99.4697
99.4613
99.4586
99.4616
99.4702
99.4844
99.5043
99.5298
99.5607
99.5972
99.639
99.6861
99.7385
99.796
99.8585
99.9259
99.9981
100.075
100.156
100.242
100.331
100.425
100.522
100.623
100.728
100.835
100.946
101.059
101.175
101.294
101.414
101.537
101.661
101.786
101.913
102.042
102.171
102.301
102.431
102.561
102.692
102.822
102.953
103.082
103.211
103.339
103.466
103.592
103.717
103.84
103.962
104.081
104.199
104.315
104.428
104.54
104.648
104.755
104.859
104.96
105.058
105.154
105.247
105.337
105.424
105.508
105.59
105.668
105.743
105.816
105.885
105.952
106.015
106.076
106.134
106.189
106.241
106.291
106.338
106.382
106.424
106.463
106.5
106.535
106.567
106.597
106.625
106.651
106.675
106.697
106.717
106.735
106.751
106.766
106.779
106.791
106.801
106.81
106.817
106.824
106.829
106.832
106.835
106.836
106.837
106.836
106.834
106.831
106.827
106.822
106.817
106.81
106.802
106.794
106.784
106.773
106.762
106.75
106.736
106.722
106.706
106.69
106.672
106.653
106.634
106.613
106.591
106.567
106.543
106.517
106.491
106.463
106.434
106.403
106.372
106.339
106.304
106.269
106.233
106.195
106.156
106.116
106.075
106.032
105.989
105.944
105.898
105.851
105.804
105.755
105.705
105.654
105.603
105.551
105.498
105.444
105.39
105.335
105.279
105.224
105.167
105.111
105.054
104.996
104.939
104.882
104.824
104.766
104.709
104.651
104.593
104.536
104.478
104.421
104.364
104.307
104.251
104.194
104.138
104.083
104.027
103.972
103.917
103.863
103.809
103.755
103.702
103.648
103.595
103.543
103.49
103.438
103.386
103.335
103.283
103.232
103.181
103.13
103.08
103.029
102.979
102.93
102.88
102.831
102.782
102.733
102.684
102.636
102.588
102.541
102.494
102.447
102.401
102.355
102.31
102.265
102.221
102.178
102.135
102.093
102.052
102.011
101.972
101.933
101.895
101.858
101.822
101.787
101.754
101.721
101.689
101.658
101.629
101.601
101.573
101.547
101.522
101.499
101.476
101.455
101.435
101.416
101.398
101.381
101.365
101.351
101.338
101.325
101.314
101.304
101.295
101.287
101.28
101.274
101.27
101.266
101.263
101.262
101.261
101.262
101.263
101.266
101.269
101.274
101.28
101.286
101.294
101.304
101.314
101.326
101.338
101.353
101.368
101.385
101.404
101.424
101.445
101.468
101.493
101.52
101.548
101.579
101.612
101.646
101.683
101.722
101.764
101.807
101.854
101.903
101.954
102.009
102.066
102.126
102.189
102.255
102.324
102.396
102.471
102.55
102.631
102.715
102.803
102.893
102.987
103.083
103.183
103.285
103.39
103.498
103.608
103.72
103.834
103.951
104.069
104.189
104.31
104.433
104.557
104.681
104.806
104.931
105.056
105.181
105.305
105.429
105.551
105.673
105.793
105.911
106.027
106.14
106.252
106.36
106.466
106.569
106.668
106.764
106.856
106.944
107.029
107.109
107.184
107.256
107.322
107.385
107.442
107.494
107.542
107.584
107.622
107.654
107.682
107.704
107.721
107.733
107.74
107.742
107.739
107.731
107.717
107.7
107.677
107.649
107.617
107.581
107.54
107.494
107.445
107.392
107.334
107.273
107.208
107.14
107.068
106.993
106.915
106.835
106.751
106.666
106.578
106.488
106.396
106.302
106.207
106.111
106.013
105.915
105.816
105.716
105.617
105.517
105.417
105.318
105.22
105.122
105.025
104.929
104.834
104.741
104.65
104.56
104.473
104.388
104.305
104.224
104.147
104.072
104
103.931
103.865
103.802
103.743
103.687
103.634
103.585
103.54
103.498
103.46
103.426
103.395
103.368
103.345
103.326
103.31
103.297
103.289
103.284
103.282
103.283
103.288
103.296
103.308
103.322
103.339
103.359
103.382
103.407
103.434
103.464
103.496
103.53
103.566
103.604
103.643
103.684
103.726
103.769
103.813
103.858
103.904
103.95
103.997
104.043
104.09
104.136
104.183
104.228
104.274
104.318
104.362
104.405
104.447
104.487
104.527
104.564
104.601
104.636
104.669
104.7
104.729
104.756
104.781
104.804
104.825
104.843
104.859
104.873
104.884
104.893
104.899
104.902
104.903
104.901
104.897
104.889
104.879
104.867
104.851
104.833
104.812
104.788
104.762
104.733
104.701
104.667
104.63
104.591
104.549
104.505
104.458
104.41
104.359
104.305
104.25
104.193
104.134
104.073
104.01
103.946
103.88
103.812
103.744
103.674
103.603
103.532
103.459
103.386
103.312
103.238
103.164
103.09
103.015
102.941
102.867
102.794
102.721
102.649
102.578
102.509
102.44
102.372
102.306
102.241
102.178
102.117
102.058
102.001
101.946
101.893
101.842
101.793
101.748
101.704
101.663
101.625
101.59
101.557
101.527
101.499
101.475
101.453
101.434
101.418
101.405
101.394
101.386
101.381
101.378
101.379
101.381
101.387
101.394
101.405
101.417
101.432
101.449
101.468
101.49
101.513
101.539
101.566
101.595
101.626
101.659
101.693
101.728
101.765
101.803
101.843
101.883
101.925
101.967
102.011
102.055
102.1
102.145
102.191
102.237
102.284
102.331
102.378
102.425
102.472
102.519
102.566
102.612
102.659
102.704
102.749
102.794
102.838
102.881
102.924
102.965
103.006
103.046
103.084
103.122
103.158
103.194
103.228
103.26
103.291
103.321
103.35
103.376
103.402
103.425
103.448
103.468
103.487
103.505
103.52
103.534
103.547
103.557
103.566
103.573
103.579
103.582
103.584
103.585
103.583
103.58
103.575
103.569
103.561
103.551
103.54
103.527
103.512
103.496
103.478
103.459
103.438
103.416
103.392
103.367
103.341
103.313
103.283
103.252
103.22
103.187
103.152
103.116
103.078
103.04
103
102.959
102.916
102.873
102.828
102.783
102.736
102.688
102.639
102.59
102.539
102.487
102.434
102.381
102.327
102.271
102.216
102.159
102.102
102.044
101.986
101.927
101.868
101.808
101.748
101.688
101.627
101.567
101.506
101.445
101.384
101.323
101.263
101.202
101.142
101.082
101.022
100.963
100.904
100.846
100.788
100.73
100.673
100.617
100.561
100.505
100.451
100.397
100.343
100.291
100.238
100.187
100.136
100.086
100.037
99.9881
99.94
99.8927
99.8461
99.8003
99.7553
99.7112
99.6681
99.6259
99.5848
99.5449
99.5063
99.4689
99.4331
99.3988
99.3662
99.3355
99.3067
99.2801
99.2557
99.2339
99.2146
99.198
99.1844
99.174
99.1669
99.1634
99.1635
99.1674
99.1753
99.1874
99.2037
99.2245
99.2499
99.2799
99.3146
99.3543
99.3988
99.4484
99.5031
99.5629
99.6277
99.6977
99.7727
99.8528
99.938
100.028
100.123
100.223
100.328
100.437
100.551
100.669
100.791
100.918
101.048
101.182
101.321
101.462
101.607
101.756
101.907
102.062
102.219
102.379
102.542
102.707
102.875
103.044
103.216
103.39
103.566
103.743
103.922
104.103
104.285
104.468
104.653
104.838
105.025
105.213
105.402
105.592
105.782
105.974
106.166
106.358
106.551
106.745
106.939
107.133
107.327
107.522
107.717
107.912
108.107
108.303
108.498
108.693
108.888
109.082
109.276
109.47
109.663
109.856
110.048
110.24
110.43
110.62
110.809
110.997
111.184
111.369
111.553
111.736
111.918
112.098
112.276
112.452
112.627
112.799
112.97
113.138
113.304
113.468
113.629
113.787
113.943
114.097
114.247
114.395
114.539
114.68
114.818
114.953
115.085
115.212
115.337
115.457
115.574
115.688
115.797
115.902
116.003
116.1
116.193
116.282
116.367
116.447
116.523
116.594
116.661
116.723
116.781
116.834
116.883
116.927
116.966
117.001
117.031
117.056
117.077
117.093
117.104
117.11
117.111
117.108
117.1
117.087
117.069
117.046
117.019
116.987
116.951
116.909
116.863
116.813
116.758
116.698
116.634
116.566
116.493
116.416
116.335
116.249
116.16
116.066
115.969
115.868
115.763
115.654
115.542
115.426
115.307
115.185
115.059
114.931
114.799
114.664
114.527
114.388
114.245
114.101
113.954
113.805
113.655
113.502
113.348
113.192
113.035
112.877
112.718
112.558
112.397
112.236
112.074
111.912
111.75
111.588
111.426
111.264
111.103
110.943
110.783
110.624
110.466
110.31
110.154
110
109.848
109.697
109.548
109.401
109.256
109.114
108.973
108.835
108.699
108.566
108.435
108.307
108.182
108.06
107.941
107.824
107.711
107.601
107.494
107.39
107.29
107.193
107.099
107.009
106.923
106.84
106.761
106.685
106.614
106.546
106.482
106.421
106.365
106.313
106.265
106.221
106.181
106.145
106.113
106.086
106.063
106.044
106.03
106.02
106.014
106.013
106.016
106.024
106.036
106.053
106.074
106.1
106.13
106.164
106.203
106.246
106.293
106.345
106.401
106.46
106.524
106.592
106.664
106.739
106.818
106.9
106.986
107.075
107.168
107.263
107.361
107.462
107.565
107.671
107.778
107.888
108
108.114
108.229
108.346
108.464
108.583
108.703
108.823
108.945
109.067
109.189
109.311
109.433
109.555
109.676
109.798
109.918
110.038
110.157
110.275
110.392
110.508
110.622
110.735
110.847
110.956
111.064
111.171
111.275
111.377
111.477
111.575
111.671
111.765
111.856
111.946
112.032
112.116
112.198
112.277
112.354
112.428
112.5
112.569
112.636
112.7
112.761
112.82
112.876
112.929
112.98
113.029
113.075
113.118
113.159
113.198
113.234
113.267
113.299
113.328
113.355
113.379
113.401
113.422
113.44
113.456
113.47
113.482
113.493
113.501
113.508
113.513
113.517
113.519
113.519
113.518
113.516
113.512
113.506
113.5
113.492
113.483
113.473
113.462
113.45
113.437
113.423
113.408
113.392
113.375
113.357
113.339
113.32
113.3
113.28
113.259
113.237
113.215
113.193
113.17
113.146
113.122
113.098
113.074
113.049
113.024
112.998
112.973
112.947
112.921
112.895
112.868
112.842
112.816
112.79
112.764
112.738
112.712
112.687
112.662
112.638
112.614
112.591
112.569
112.547
112.526
112.507
112.488
112.471
112.455
112.44
112.427
112.416
112.406
112.399
112.393
112.39
112.389
112.39
112.393
112.4
112.408
112.42
112.435
112.452
112.473
112.497
112.524
112.554
112.588
112.626
112.667
112.712
112.76
112.813
112.869
112.929
112.993
113.062
113.134
113.21
113.29
113.375
113.463
113.556
113.652
113.753
113.858
113.966
114.079
114.196
114.316
114.441
114.569
114.701
114.837
114.976
115.119
115.266
115.416
115.569
115.725
115.885
116.048
116.214
116.382
116.554
116.728
116.905
117.085
117.266
117.45
117.636
117.824
118.014
118.205
118.398
118.592
118.787
118.984
119.181
119.38
119.578
119.778
119.977
120.176
120.376
120.575
120.774
120.972
121.169
121.365
121.56
121.753
121.945
122.134
122.322
122.508
122.691
122.871
123.049
123.223
123.395
123.563
123.727
123.888
124.044
124.197
124.345
124.488
124.627
124.762
124.891
125.016
125.135
125.249
125.357
125.46
125.558
125.649
125.735
125.815
125.888
125.956
126.018
126.073
126.122
126.165
126.202
126.232
126.256
126.274
126.286
126.291
126.29
126.282
126.269
126.249
126.224
126.192
126.154
126.111
126.061
126.006
125.946
125.879
125.808
125.731
125.649
125.562
125.47
125.373
125.272
125.166
125.055
124.941
124.822
124.7
124.574
124.444
124.311
124.175
124.036
123.893
123.748
123.601
123.451
123.299
123.145
122.989
122.831
122.672
122.512
122.35
122.188
122.024
121.861
121.697
121.532
121.368
121.204
121.04
120.877
120.715
120.553
120.392
120.232
120.074
119.917
119.762
119.608
119.456
119.307
119.159
119.014
118.871
118.731
118.593
118.458
118.326
118.197
118.072
117.949
117.829
117.713
117.6
117.49
117.384
117.282
117.183
117.087
116.995
116.907
116.822
116.741
116.663
116.588
116.518
116.45
116.386
116.325
116.267
116.213
116.162
116.113
116.068
116.025
115.985
115.948
115.913
115.88
115.849
115.821
115.794
115.769
115.746
115.724
115.703
115.684
115.665
115.647
115.63
115.613
115.596
115.58
115.563
115.546
115.529
115.511
115.492
115.472
115.452
115.43
115.406
115.381
115.355
115.326
115.296
115.264
115.229
115.193
115.154
115.112
115.068
115.022
114.973
114.921
114.866
114.808
114.748
114.684
114.618
114.549
114.477
114.401
114.323
114.242
114.158
114.07
113.98
113.887
113.791
113.693
113.591
113.487
113.38
113.27
113.158
113.044
112.927
112.808
112.687
112.564
112.439
112.312
112.183
112.053
111.921
111.788
111.653
111.518
111.381
111.244
111.106
110.967
110.827
110.688
110.548
110.408
110.269
110.129
109.991
109.852
109.715
109.578
109.442
109.308
109.175
109.043
108.912
108.784
108.658
108.533
108.411
108.291
108.173
108.058
107.946
107.836
107.73
107.627
107.526
107.429
107.336
107.246
107.159
107.076
106.997
106.921
106.85
106.782
106.718
106.659
106.603
106.551
106.504
106.461
106.421
106.386
106.355
106.329
106.306
106.287
106.273
106.262
106.256
106.253
106.254
106.259
106.268
106.28
106.296
106.315
106.338
106.364
106.393
106.425
106.46
106.498
106.539
106.582
106.628
106.677
106.728
106.781
106.836
106.893
106.952
107.014
107.076
107.141
107.207
107.274
107.343
107.412
107.484
107.556
107.629
107.703
107.778
107.854
107.93
108.007
108.086
108.164
108.244
108.324
108.405
108.486
108.568
108.651
108.734
108.818
108.903
108.989
109.076
109.163
109.251
109.34
109.431
109.522
109.614
109.708
109.803
109.899
109.997
110.095
110.196
110.298
110.401
110.506
110.613
110.721
110.832
110.944
111.057
111.173
111.29
111.409
111.53
111.652
111.777
111.902
112.03
112.159
112.29
112.421
112.555
112.689
112.825
112.962
113.099
113.237
113.376
113.515
113.654
113.794
113.933
114.072
114.211
114.349
114.486
114.623
114.758
114.891
115.023
115.153
115.282
115.408
115.531
115.652
115.77
115.885
115.997
116.106
116.211
116.312
116.409
116.503
116.592
116.677
116.757
116.833
116.903
116.969
117.03
117.086
117.137
117.182
117.222
117.257
117.286
117.309
117.326
117.338
117.344
117.345
117.339
117.328
117.311
117.288
117.259
117.224
117.184
117.137
117.085
117.027
116.964
116.895
116.82
116.74
116.655
116.564
116.468
116.367
116.26
116.15
116.034
115.913
115.789
115.659
115.526
115.389
115.247
115.102
114.954
114.802
114.646
114.488
114.327
114.163
113.997
113.828
113.658
113.485
113.311
113.135
112.958
112.78
112.601
112.421
112.241
112.06
111.879
111.698
111.518
111.338
111.159
110.98
110.802
110.626
110.451
110.278
110.106
109.936
109.769
109.603
109.44
109.279
109.121
108.965
108.813
108.663
108.517
108.374
108.234
108.098
107.965
107.836
107.711
107.589
107.471
107.357
107.248
107.142
107.04
106.943
106.849
106.76
106.675
106.595
106.518
106.446
106.379
106.315
106.256
106.201
106.151
106.104
106.062
106.024
105.99
105.96
105.934
105.912
105.895
105.881
105.871
105.865
105.863
105.865
105.87
105.88
105.892
105.909
105.929
105.952
105.979
106.009
106.043
106.079
106.119
106.162
106.208
106.257
106.308
106.363
106.42
106.481
106.543
106.609
106.677
106.747
106.82
106.896
106.973
107.053
107.135
107.22
107.306
107.395
107.485
107.578
107.672
107.768
107.866
107.965
108.067
108.169
108.273
108.379
108.486
108.594
108.703
108.813
108.924
109.036
109.149
109.263
109.377
109.492
109.607
109.723
109.839
109.955
110.072
110.188
110.304
110.42
110.536
110.651
110.766
110.879
110.992
111.105
111.216
111.326
111.435
111.542
111.648
111.752
111.855
111.955
112.054
112.15
112.244
112.336
112.425
112.511
112.595
112.676
112.754
112.829
112.901
112.969
113.034
113.096
113.154
113.209
113.259
113.306
113.349
113.389
113.423
113.454
113.481
113.503
113.521
113.534
113.543
113.547
113.546
113.541
113.531
113.516
113.497
113.472
113.443
113.408
113.369
113.324
113.274
113.219
113.159
113.094
113.023
112.947
112.866
112.779
112.687
112.59
112.487
112.379
112.265
112.146
112.021
111.891
111.756
111.615
111.468
111.317
111.16
110.997
110.83
110.657
110.479
110.296
110.109
109.916
109.718
109.516
109.309
109.098
108.882
108.663
108.439
108.211
107.979
107.744
107.505
107.264
107.019
106.771
106.52
106.268
106.013
105.756
105.498
105.238
104.977
104.715
104.453
104.191
