-5.04027
-5.03802
-5.03558
-5.03313
-5.03095
-5.02831
-5.0258
-5.02298
-5.02092
-5.01854
-5.01618
-5.01336
-5.01071
-5.00807
-5.00545
-5.00345
-5.00148
-4.99939
-4.99732
-4.99499
-4.993
-4.9909
-4.98869
-4.98653
-4.98486
-4.98295
-4.98123
-4.97927
-4.97721
-4.97535
-4.97371
-4.97212
-4.97075
-4.96943
-4.96787
-4.96653
-4.96524
-4.96402
-4.96271
-4.96176
-4.96073
-4.9596
-4.95839
-4.95754
-4.95676
-4.95603
-4.95522
-4.95416
-4.95317
-4.95285
-4.95213
-4.95223
-4.95164
-4.95126
-4.95125
-4.951
-4.95081
-4.95084
-4.95063
-4.95078
-4.951
-4.95159
-4.95195
-4.95222
-4.95271
-4.95282
-4.95329
-4.95399
-4.9546
-4.95528
-4.95648
-4.95775
-4.95864
-4.95974
-4.96076
-4.962
-4.96345
-4.96496
-4.96563
-4.96727
-4.96897
-4.97057
-4.97253
-4.97409
-4.97601
-4.97797
-4.97983
-4.98143
-4.98352
-4.9852
-4.98722
-4.98927
-4.99121
-4.99332
-4.9956
-4.99761
-5.0001
-5.00245
-5.00467
-5.0069
-5.00899
-5.01109
-5.01365
-5.01577
-5.01804
-5.02017
-5.02244
-5.02487
-5.02715
-5.02943
-5.03185
-5.03382
-5.03624
-5.0385
-5.04106
-5.04332
-5.04541
-5.04765
-5.04988
-5.05255
-5.05477
-5.05697
-5.05916
-5.06164
-5.0635
-5.0655
-5.06764
-5.07006
-5.07202
-5.07425
-5.07647
-5.07881
-5.08083
-5.08297
-5.08463
-5.08687
-5.08877
-5.09048
-5.09262
-5.09441
-5.09631
-5.09832
-5.10029
-5.10175
-5.10331
-5.10498
-5.10643
-5.10813
-5.10947
-5.11059
-5.11195
-5.11324
-5.11446
-5.11531
-5.11608
-5.11692
-5.11769
-5.11838
-5.11899
-5.11936
-5.11994
-5.12044
-5.1207
-5.12088
-5.12081
-5.1208
-5.12039
-5.12005
-5.11976
-5.11908
-5.118
-5.11759
-5.11709
-5.11649
-5.1158
-5.11503
-5.11431
-5.11335
-5.11185
-5.11027
-5.1089
-5.10745
-5.10622
-5.10475
-5.10336
-5.10174
-5.09974
-5.09782
-5.09583
-5.09362
-5.09149
-5.08945
-5.08751
-5.0852
-5.08238
-5.07967
-5.0772
-5.07484
-5.07213
-5.06938
-5.06628
-5.06376
-5.0612
-5.05845
-5.05568
-5.05319
-5.05051
-5.04767
-5.04481
-5.04177
-5.03918
-5.03597
-5.0329
-5.03012
-5.02718
-5.02394
-5.02084
-5.01789
-5.01494
-5.01184
-5.00889
-5.00579
-5.00284
-5.00019
-4.9971
-4.99432
-4.99139
-4.98831
-4.98554
-4.98263
-4.98002
-4.97697
-4.97393
-4.9712
-4.96848
-4.96561
-4.96276
-4.95916
-4.95648
-4.95397
-4.95102
-4.94823
-4.9453
-4.94285
-4.93966
-4.9368
-4.93411
-4.9319
-4.92926
-4.9268
-4.92438
-4.92199
-4.91948
-4.91717
-4.91475
-4.91237
-4.9099
-4.90762
-4.90556
-4.90325
-4.9013
-4.89942
-4.89776
-4.89572
-4.89406
-4.89217
-4.89052
-4.8891
-4.88762
-4.88638
-4.88538
-4.88448
-4.88338
-4.88222
-4.88132
-4.88097
-4.88042
-4.87968
-4.87904
-4.87851
-4.87794
-4.87777
-4.87726
-4.87761
-4.87746
-4.87742
-4.87778
-4.87824
-4.8788
-4.87961
-4.88037
-4.88107
-4.88216
-4.88319
-4.88415
-4.88489
-4.88662
-4.88812
-4.88939
-4.89058
-4.89214
-4.89421
-4.89573
-4.8973
-4.89893
-4.9009
-4.90231
-4.90437
-4.90631
-4.90828
-4.91042
-4.91244
-4.91464
-4.917
-4.91968
-4.92192
-4.92401
-4.92627
-4.92852
-4.93048
-4.93258
-4.93483
-4.93708
-4.93932
-4.94124
-4.94361
-4.94582
-4.94786
-4.95003
-4.9522
-4.95404
-4.95586
-4.95782
-4.95961
-4.96169
-4.96359
-4.96532
-4.96734
-4.96903
-4.97101
-4.97297
-4.97475
-4.97682
-4.97842
-4.98
-4.98156
-4.98326
-4.98479
-4.98645
-4.9881
-4.98973
-4.9918
-4.99355
-4.99513
-4.99671
-4.99826
-4.99981
-5.00149
-5.00286
-5.00422
-5.00571
-5.0075
-5.00912
-5.01043
-5.01173
-5.01287
-5.01445
-5.01617
-5.01758
-5.01943
-5.02097
-5.02235
-5.02357
-5.02478
-5.02644
-5.02778
-5.02912
-5.03029
-5.03146
-5.03247
-5.03362
-5.03492
-5.03635
-5.03763
-5.03921
-5.04002
-5.04143
-5.04299
-5.04438
-5.04562
-5.04715
-5.04838
-5.04944
-5.05066
-5.05171
-5.05306
-5.05425
-5.05544
-5.05646
-5.05733
-5.05804
-5.05874
-5.06019
-5.06163
-5.06291
-5.06403
-5.06514
-5.06639
-5.06748
-5.06871
-5.06977
-5.07066
-5.0717
-5.07241
-5.07341
-5.07455
-5.07552
-5.07616
-5.07694
-5.078
-5.07859
-5.0793
-5.08029
-5.08096
-5.08145
-5.08237
-5.08311
-5.08383
-5.08421
-5.08472
-5.08551
-5.08596
-5.08638
-5.08692
-5.08714
-5.08747
-5.08823
-5.0888
-5.08905
-5.08911
-5.0896
-5.0896
-5.09003
-5.09058
-5.09125
-5.09145
-5.09146
-5.09144
-5.09155
-5.09179
-5.09215
-5.09218
-5.09249
-5.09232
-5.09228
-5.09207
-5.09214
-5.09203
-5.09176
-5.09161
-5.0919
-5.09157
-5.09168
-5.09146
-5.09168
-5.09174
-5.09132
-5.09089
-5.09075
-5.09075
-5.09044
-5.09026
-5.08962
-5.08896
-5.08875
-5.08808
-5.0877
-5.08731
-5.08706
-5.08635
-5.08579
-5.08521
-5.08478
-5.08435
-5.08375
-5.08346
-5.0827
-5.08209
-5.08133
-5.08086
-5.08009
-5.07977
-5.07914
-5.07851
-5.07789
-5.07756
-5.07678
-5.0763
-5.07583
-5.0749
-5.07427
-5.07365
-5.07318
-5.07271
-5.07224
-5.07178
-5.07117
-5.07072
-5.07012
-5.06937
-5.06878
-5.06835
-5.06792
-5.06764
-5.06707
-5.06681
-5.0664
-5.06615
-5.06576
-5.06552
-5.06513
-5.06475
-5.06453
-5.06446
-5.06409
-5.06358
-5.06276
-5.06225
-5.06205
-5.06139
-5.06104
-5.06038
-5.06003
-5.05952
-5.05932
-5.05896
-5.05844
-5.05807
-5.0577
-5.05732
-5.05678
-5.05653
-5.05643
-5.05586
-5.05559
-5.05515
-5.0544
-5.05348
-5.053
-5.0525
-5.05214
-5.05146
-5.05076
-5.05004
-5.04945
-5.04899
-5.04837
-5.04757
-5.04675
-5.04621
-5.04565
-5.04476
-5.04416
-5.04323
-5.04243
-5.04175
-5.04076
-5.03959
-5.03856
-5.0375
-5.03613
-5.03489
-5.03408
-5.03296
-5.03213
-5.03128
-5.03027
-5.02895
-5.02823
-5.0272
-5.02616
-5.02512
-5.02407
-5.02303
-5.02214
-5.02096
-5.01978
-5.01861
-5.01761
-5.01677
-5.0161
-5.01515
-5.01453
-5.01362
-5.01305
-5.01236
-5.01155
-5.01077
-5.00989
-5.00919
-5.00838
-5.00762
-5.00705
-5.00683
-5.0062
-5.00563
-5.00525
-5.00493
-5.0048
-5.00489
-5.00472
-5.00476
-5.00469
-5.00483
-5.00532
-5.00541
-5.00555
-5.00527
-5.00565
-5.00607
-5.00638
-5.00658
-5.00651
-5.00708
-5.00738
-5.00771
-5.00821
-5.00873
-5.00973
-5.01028
-5.011
-5.01142
-5.01185
-5.01243
-5.01346
-5.01372
-5.01443
-5.01498
-5.01551
-5.01617
-5.01666
-5.01682
-5.01725
-5.0175
-5.01771
-5.01805
-5.01819
-5.01829
-5.01895
-5.01927
-5.01985
-5.01962
-5.01965
-5.01963
-5.02001
-5.02019
-5.02002
-5.01996
-5.01983
-5.01966
-5.01929
-5.01856
-5.01793
-5.01726
-5.01653
-5.01591
-5.01554
-5.01497
-5.01406
-5.01295
-5.0121
-5.01152
-5.01074
-5.00992
-5.00891
-5.00772
-5.0068
-5.006
-5.00457
-5.00355
-5.00267
-5.00145
-5.00037
-4.99941
-4.99814
-4.99669
-4.99523
-4.99375
-4.99241
-4.9909
-4.98954
-4.98802
-4.98634
-4.98526
-4.98388
-4.98295
-4.98141
-4.97987
-4.97834
-4.97772
-4.9765
-4.97483
-4.97333
-4.97214
-4.97081
-4.96964
-4.96834
-4.96705
-4.96608
-4.96514
-4.96391
-4.96286
-4.96199
-4.96099
-4.95987
-4.95862
-4.95756
-4.95624
-4.9554
-4.9543
-4.95338
-4.95221
-4.95138
-4.95045
-4.95001
-4.94932
-4.94883
-4.94794
-4.9474
-4.94691
-4.94662
-4.94624
-4.94591
-4.94519
-4.94482
-4.94451
-4.94455
-4.94481
-4.94496
-4.94487
-4.94498
-4.94529
-4.94535
-4.94591
-4.94606
-4.9464
-4.94664
-4.94721
-4.94737
-4.94786
-4.94868
-4.94937
-4.95009
-4.95022
-4.95081
-4.95127
-4.95218
-4.9531
-4.95371
-4.95401
-4.95491
-4.95534
-4.95575
-4.95614
-4.9565
-4.95683
-4.95713
-4.95769
-4.95791
-4.95854
-4.95867
-4.95875
-4.95922
-4.95935
-4.95941
-4.95972
-4.95936
-4.95909
-4.95891
-4.95882
-4.95835
-4.95797
-4.95768
-4.95717
-4.95613
-4.95548
-4.95492
-4.95428
-4.95343
-4.95267
-4.95139
-4.9502
-4.94924
-4.94808
-4.94701
-4.94543
-4.94424
-4.94285
-4.94142
-4.93963
-4.93809
-4.93652
-4.93459
-4.93309
-4.93139
-4.92967
-4.92791
-4.92598
-4.92448
-4.92265
-4.92081
-4.91896
-4.91695
-4.91493
-4.91322
-4.9115
-4.90995
-4.90795
-4.90581
-4.90415
-4.90237
-4.9006
-4.89903
-4.89763
-4.89613
-4.89482
-4.89341
-4.89174
-4.89043
-4.88904
-4.8877
-4.88658
-4.88538
-4.8844
-4.88381
-4.88344
-4.88271
-4.88131
-4.8806
-4.87968
-4.87931
-4.87903
-4.87855
-4.87848
-4.87821
-4.87819
-4.87842
-4.87877
-4.87937
-4.87978
-4.8803
-4.88093
-4.88151
-4.88206
-4.88316
-4.88407
-4.88509
-4.88652
-4.8879
-4.88938
-4.89112
-4.8928
-4.89413
-4.89616
-4.89828
-4.90034
-4.90248
-4.90486
-4.90731
-4.9103
-4.91276
-4.91558
-4.91817
-4.92067
-4.92337
-4.92613
-4.92908
-4.93193
-4.93451
-4.93728
-4.93978
-4.94291
-4.9459
-4.94877
-4.95179
-4.95513
-4.95816
-4.96089
-4.96406
-4.96708
-4.97007
-4.97275
-4.97601
-4.97894
-4.98213
-4.985
-4.98737
-4.99
-4.99289
-4.99543
-4.99792
-5.00051
-5.0032
-5.00582
-5.00838
-5.01103
-5.01317
-5.01554
-5.01754
-5.01947
-5.02133
-5.02341
-5.02513
-5.02677
-5.02833
-5.03028
-5.03169
-5.03304
-5.0343
-5.03564
-5.03691
-5.0381
-5.03922
-5.03951
-5.04063
-5.04153
-5.04251
-5.04312
-5.04366
-5.04412
-5.04483
-5.04546
-5.04543
-5.04593
-5.04592
-5.04585
-5.04586
-5.04567
-5.04587
-5.04617
-5.04595
-5.04583
-5.04551
-5.04498
-5.04455
-5.04438
-5.04385
-5.04373
-5.04296
-5.04184
-5.04127
-5.04067
-5.04001
-5.03917
-5.03843
-5.03735
-5.03622
-5.03521
-5.03447
-5.03338
-5.0324
-5.03169
-5.03064
-5.02956
-5.02844
-5.02728
-5.02609
-5.02516
-5.0242
-5.02321
-5.02218
-5.02083
-5.01944
-5.01786
-5.01641
-5.01462
-5.01326
-5.01126
-5.00984
-5.0084
-5.00647
-5.00452
-5.00299
-5.00129
-4.99941
-4.99782
-4.9959
-4.99441
-4.9926
-4.99077
-4.98908
-4.98722
-4.98534
-4.98331
-4.98156
-4.97966
-4.97775
-4.97583
-4.97391
-4.97244
-4.97052
-4.96876
-4.96716
-4.96541
-4.96352
-4.9615
-4.95965
-4.95797
-4.95616
-4.95437
-4.95277
-4.9509
-4.94937
-4.94803
-4.94658
-4.94487
-4.94337
-4.94176
-4.94021
-4.93887
-4.93775
-4.93653
-4.93554
-4.93461
-4.93346
-4.93237
-4.93182
-4.93105
-4.93036
-4.92974
-4.92907
-4.92877
-4.92842
-4.92845
-4.92841
-4.92862
-4.92846
-4.92854
-4.92886
-4.92881
-4.92945
-4.93002
-4.93037
-4.93096
-4.93162
-4.93236
-4.93348
-4.93437
-4.93549
-4.93652
-4.93746
-4.93847
-4.9397
-4.94143
-4.94292
-4.94417
-4.94561
-4.94726
-4.9488
-4.95038
-4.952
-4.95366
-4.95551
-4.95709
-4.9587
-4.96018
-4.962
-4.96399
-4.96585
-4.96772
-4.96962
-4.97168
-4.97376
-4.9757
-4.9778
-4.97975
-4.98171
-4.98398
-4.98564
-4.98776
-4.98958
-4.99139
-4.99335
-4.99515
-4.9968
-4.99889
-5.00097
-5.00288
-5.00448
-5.00607
-5.00794
-5.00964
-5.01178
-5.01375
-5.01569
-5.01746
-5.01936
-5.02123
-5.02262
-5.02444
-5.02622
-5.02767
-5.02924
-5.03063
-5.03213
-5.03359
-5.03487
-5.03626
-5.03761
-5.03892
-5.04019
-5.04142
-5.0426
-5.04419
-5.04544
-5.04649
-5.04719
-5.04829
-5.04935
-5.0502
-5.05071
-5.05131
-5.05141
-5.05191
-5.05221
-5.05275
-5.05309
-5.05323
-5.05317
-5.05335
-5.05362
-5.05385
-5.05401
-5.05412
-5.05418
-5.05388
-5.05412
-5.05401
-5.05354
-5.05316
-5.05288
-5.05254
-5.05214
-5.05168
-5.05117
-5.05105
-5.05027
-5.04958
-5.04899
-5.04804
-5.04733
-5.04641
-5.04544
-5.04426
-5.04302
-5.04234
-5.04099
-5.03973
-5.03843
-5.03752
-5.0361
-5.03448
-5.03281
-5.03123
-5.02976
-5.02779
-5.02637
-5.02445
-5.02263
-5.02092
-5.01916
-5.01691
-5.01492
-5.01259
-5.01067
-5.00887
-5.00673
-5.00486
-5.00281
-5.00073
-4.99847
-4.99619
-4.99403
-4.9914
-4.98891
-4.9867
-4.98417
-4.98163
-4.97939
-4.97684
-4.97474
-4.97218
-4.97023
-4.96753
-4.96514
-4.9626
-4.96022
-4.95801
-4.95551
-4.95303
-4.95087
-4.94874
-4.94663
-4.94469
-4.94279
-4.94062
-4.93848
-4.93623
-4.93431
-4.93214
-4.93015
-4.92852
-4.92693
-4.92539
-4.92344
-4.922
-4.92061
-4.91882
-4.91708
-4.9157
-4.91423
-4.91312
-4.91191
-4.91062
-4.90953
-4.9085
-4.90769
-4.90648
-4.90564
-4.90501
-4.90444
-4.90362
-4.90302
-4.90263
-4.90185
-4.90112
-4.9006
-4.89998
-4.89972
-4.89966
-4.89949
-4.89907
-4.89885
-4.89912
-4.89883
-4.89872
-4.89865
-4.89875
-4.89889
-4.89904
-4.89862
-4.89866
-4.89902
-4.89879
-4.89872
-4.89851
-4.89889
-4.89883
-4.89906
-4.89884
-4.89875
-4.89881
-4.89885
-4.89887
-4.89919
-4.89918
-4.899
-4.89865
-4.89843
-4.8982
-4.89809
-4.89781
-4.89767
-4.8972
-4.89717
-4.89652
-4.89661
-4.89624
-4.89586
-4.89578
-4.89553
-4.89544
-4.8949
-4.89482
-4.89444
-4.89437
-4.89417
-4.89384
-4.89384
-4.89325
-4.89345
-4.89323
-4.89305
-4.89291
-4.89311
-4.89336
-4.89351
-4.89371
-4.89397
-4.89428
-4.8942
-4.89463
-4.89497
-4.89553
-4.89645
-4.89699
-4.89774
-4.89841
-4.89944
-4.90024
-4.90155
-4.90247
-4.90376
-4.90481
-4.90606
-4.90767
-4.90903
-4.9109
-4.91236
-4.91341
-4.91511
-4.91685
-4.91816
-4.91981
-4.92164
-4.92334
-4.92505
-4.92633
-4.92822
-4.92997
-4.93172
-4.93361
-4.9355
-4.93707
-4.93908
-4.94137
-4.94304
-4.94452
-4.94597
-4.94739
-4.94876
-4.95055
-4.95198
-4.95352
-4.95485
-4.95598
-4.95704
-4.9582
-4.95929
-4.96002
-4.96113
-4.96217
-4.96315
-4.9639
-4.96458
-4.96519
-4.96618
-4.9665
-4.96675
-4.96723
-4.96764
-4.96769
-4.96782
-4.96804
-4.9679
-4.96846
-4.96822
-4.96807
-4.96773
-4.96734
-4.96707
-4.96676
-4.96642
-4.9662
-4.96551
-4.96525
-4.96483
-4.96394
-4.96381
-4.96322
-4.96294
-4.96251
-4.96209
-4.96169
-4.96101
-4.96095
-4.96047
-4.96016
-4.95989
-4.95981
-4.95961
-4.95931
-4.95919
-4.95912
-4.9594
-4.95958
-4.95996
-4.96023
-4.9604
-4.96078
-4.9609
-4.96123
-4.96145
-4.96187
-4.96235
-4.96317
-4.96359
-4.9642
-4.96471
-4.96556
-4.9663
-4.96693
-4.96775
-4.96875
-4.96933
-4.97039
-4.97133
-4.972
-4.97299
-4.97445
-4.97548
-4.97668
-4.97774
-4.97851
-4.97989
-4.98067
-4.98191
-4.98285
-4.98409
-4.98532
-4.98655
-4.98731
-4.98837
-4.98956
-4.99059
-4.9916
-4.99274
-4.99401
-4.99465
-4.99572
-4.99662
-4.99718
-4.99817
-4.99898
-4.9996
-5.0005
-5.00136
-5.00234
-5.00313
-5.00373
-5.0043
-5.00438
-5.00503
-5.00548
-5.00606
-5.00644
-5.00664
-5.0068
-5.00692
-5.00731
-5.00752
-5.00769
-5.00783
-5.00793
-5.00786
-5.00835
-5.00852
-5.00836
-5.00832
-5.00826
-5.00878
-5.00867
-5.00869
-5.00839
-5.00837
-5.00804
-5.00814
-5.00823
-5.00786
-5.00793
-5.00769
-5.00744
-5.00704
-5.00693
-5.00652
-5.00626
-5.006
-5.00559
-5.00533
-5.00538
-5.00528
-5.00489
-5.00435
-5.00397
-5.0036
-5.00354
-5.00334
-5.00285
-5.00267
-5.00266
-5.0025
-5.00267
-5.00284
-5.00303
-5.00294
-5.00286
-5.00234
-5.00259
-5.00226
-5.0024
-5.00255
-5.00257
-5.00276
-5.00267
-5.0029
-5.0027
-5.00268
-5.00282
-5.00284
-5.00288
-5.0025
-5.00274
-5.00301
-5.00331
-5.00349
-5.0037
-5.00425
-5.00437
-5.00468
-5.00533
-5.00586
-5.00628
-5.00658
-5.00708
-5.00777
-5.00835
-5.00927
-5.00978
-5.01079
-5.01184
-5.01324
-5.01423
-5.01526
-5.01618
-5.01715
-5.01846
-5.01951
-5.02046
-5.02174
-5.02291
-5.02457
-5.02596
-5.02739
-5.0287
-5.03034
-5.03186
-5.0331
-5.03482
-5.03641
-5.03771
-5.03979
-5.04173
-5.04339
-5.04504
-5.04686
-5.04853
-5.05005
-5.05202
-5.05339
-5.0552
-5.057
-5.0588
-5.06073
-5.06234
-5.06379
-5.06552
-5.06723
-5.06907
-5.07058
-5.07191
-5.07322
-5.07465
-5.07559
-5.07711
-5.07844
-5.07958
-5.08099
-5.08236
-5.08323
-5.08422
-5.08502
-5.08577
-5.08663
-5.0876
-5.08852
-5.08939
-5.09022
-5.09069
-5.09172
-5.09224
-5.09287
-5.09344
-5.09396
-5.09442
-5.09437
-5.09473
-5.09487
-5.09511
-5.09529
-5.09542
-5.09563
-5.09564
-5.09558
-5.09592
-5.0956
-5.09521
-5.09507
-5.09472
-5.09446
-5.09398
-5.09345
-5.09315
-5.0922
-5.09148
-5.09026
-5.08943
-5.08854
-5.08745
-5.08676
-5.08571
-5.08446
-5.08285
-5.0815
-5.08025
-5.07896
-5.07747
-5.07639
-5.07498
-5.07352
-5.07188
-5.07052
-5.06852
-5.06695
-5.06535
-5.06389
-5.06212
-5.06033
-5.05868
-5.05704
-5.05569
-5.0539
-5.05242
-5.0508
-5.0492
-5.04778
-5.04653
-5.04487
-5.04339
-5.04196
-5.04041
-5.03923
-5.0378
-5.03672
-5.03572
-5.03463
-5.03407
-5.03268
-5.03152
-5.03106
-5.03007
-5.02963
-5.02914
-5.02889
-5.02845
-5.02825
-5.02831
-5.02833
-5.0283
-5.02854
-5.02858
-5.02903
-5.02974
-5.03026
-5.03135
-5.03224
-5.03339
-5.03435
-5.03541
-5.03688
-5.0383
-5.03967
-5.04099
-5.0421
-5.04392
-5.04552
-5.04751
-5.04974
-5.05145
-5.05354
-5.05601
-5.0584
-5.06117
-5.06386
-5.06631
-5.06897
-5.072
-5.07433
-5.07701
-5.08021
-5.083
-5.08583
-5.08887
-5.0921
-5.09521
-5.09807
-5.10156
-5.10463
-5.10774
-5.11056
-5.11372
-5.11705
-5.12025
-5.12362
-5.12746
-5.13085
-5.13426
-5.13798
-5.14109
-5.14436
-5.14808
-5.15119
-5.15445
-5.1577
-5.16183
-5.1652
-5.16869
-5.17171
-5.17485
-5.17826
-5.18133
-5.18406
-5.1872
-5.19014
-5.19348
-5.19677
-5.19954
-5.20241
-5.2052
-5.20793
-5.21043
-5.21301
-5.21565
-5.21806
-5.22053
-5.22261
-5.22474
-5.22708
-5.22901
-5.23053
-5.2324
-5.23401
-5.23536
-5.23643
-5.23769
-5.23868
-5.23969
-5.24119
-5.24195
-5.24243
-5.24308
-5.24359
-5.24398
-5.24362
-5.24373
-5.2434
-5.24308
-5.24231
-5.24141
-5.24067
-5.23964
-5.23877
-5.23761
-5.23615
-5.23471
-5.23313
-5.23141
-5.22925
-5.22725
-5.22512
-5.2224
-5.21986
-5.21733
-5.21438
-5.21145
-5.20885
-5.20568
-5.20346
-5.20021
-5.19685
-5.19339
-5.18997
-5.18615
-5.18239
-5.17838
-5.17429
-5.17057
-5.16663
-5.1626
-5.15821
-5.15421
-5.1497
-5.14574
-5.14143
-5.13707
-5.13253
-5.12766
-5.12305
-5.11843
-5.11349
-5.10883
-5.10432
-5.10012
-5.09546
-5.09095
-5.08646
-5.08169
-5.07693
-5.07235
-5.06779
-5.06326
-5.05847
-5.05416
-5.04959
-5.0449
-5.04072
-5.03657
-5.03217
-5.02812
-5.02411
-5.02015
-5.01609
-5.01207
-5.00811
-5.00419
-5.00032
-4.99664
-4.99316
-4.98928
-4.98514
-4.98164
-4.97758
-4.97371
-4.97019
-4.9667
-4.96295
-4.95953
-4.9563
-4.9531
-4.94964
-4.94636
-4.94311
-4.93973
-4.9364
-4.93309
-4.92951
-4.92627
-4.92306
-4.92018
-4.91704
-4.91409
-4.91117
-4.90844
-4.90561
-4.90312
-4.90052
-4.89783
-4.89518
-4.89229
-4.8893
-4.88683
-4.88488
-4.88269
-4.88012
-4.87793
-4.87596
-4.87393
-4.87198
-4.86997
-4.8679
-4.86623
-4.86466
-4.86304
-4.86182
-4.86056
-4.85956
-4.85868
-4.8576
-4.8568
-4.85597
-4.85571
-4.85557
-4.8554
-4.85536
-4.85499
-4.85505
-4.85523
-4.85539
-4.85567
-4.85653
-4.85705
-4.85785
-4.85892
-4.86011
-4.86157
-4.86298
-4.86421
-4.8657
-4.86729
-4.86883
-4.87077
-4.87266
-4.87479
-4.87671
-4.87872
-4.88095
-4.88342
-4.88565
-4.88841
-4.89093
-4.89351
-4.89644
-4.89959
-4.90233
-4.90511
-4.90808
-4.91094
-4.91398
-4.91645
-4.91939
-4.9222
-4.92518
-4.92817
-4.93132
-4.93417
-4.93733
-4.94018
-4.94317
-4.94631
-4.94898
-4.95224
-4.95518
-4.9581
-4.96069
-4.9634
-4.96608
-4.96873
-4.9718
-4.97453
-4.97676
-4.97926
-4.98201
-4.98457
-4.98723
-4.98969
-4.99179
-4.9943
-4.9963
-4.99855
-5.00059
-5.00318
-5.00541
-5.00759
-5.0094
-5.01131
-5.01315
-5.01478
-5.0162
-5.01756
-5.01947
-5.02116
-5.02234
-5.02391
-5.02542
-5.02672
-5.02766
-5.02884
-5.02997
-5.03119
-5.0322
-5.03331
-5.03376
-5.03431
-5.03526
-5.03601
-5.03671
-5.03736
-5.03811
-5.03882
-5.03918
-5.03964
-5.03977
-5.0403
-5.04094
-5.0414
-5.04152
-5.0416
-5.04164
-5.04181
-5.04209
-5.04294
-5.04316
-5.0432
-5.04322
-5.04351
-5.04347
-5.04341
-5.04332
-5.04337
-5.04294
-5.04264
-5.04262
-5.04274
-5.043
-5.04278
-5.04256
-5.04277
-5.04237
-5.04211
-5.04184
-5.04157
-5.04098
-5.04024
-5.03995
-5.03982
-5.03937
-5.03908
-5.0388
-5.03851
-5.03839
-5.03781
-5.0377
-5.0376
-5.03736
-5.03743
-5.03706
-5.03686
-5.03667
-5.03665
-5.03649
-5.0362
-5.03592
-5.03597
-5.03573
-5.03581
-5.03576
-5.03542
-5.03555
-5.03585
-5.03571
-5.03574
-5.03532
-5.03521
-5.03542
-5.03533
-5.0354
-5.03562
-5.03569
-5.0359
-5.03566
-5.03602
-5.03591
-5.03595
-5.03597
-5.03582
-5.03581
-5.03577
-5.03571
-5.03518
-5.03507
-5.03493
-5.03461
-5.03456
-5.03402
-5.0339
-5.03345
-5.03296
-5.03243
-5.03202
-5.03187
-5.03184
-5.03147
-5.03061
-5.02972
-5.0294
-5.0289
-5.02807
-5.02706
-5.02617
-5.02571
-5.02479
-5.02414
-5.02348
-5.02281
-5.02213
-5.0213
-5.02061
-5.01977
-5.01879
-5.01767
-5.01671
-5.01577
-5.0153
-5.01456
-5.01339
-5.01271
-5.01221
-5.01161
-5.0115
-5.01084
-5.01023
-5.00998
-5.00964
-5.00891
-5.0087
-5.00871
-5.00849
-5.00834
-5.00828
-5.00845
-5.00885
-5.00919
-5.00931
-5.00967
-5.00982
-5.01051
-5.01115
-5.01218
-5.01315
-5.01422
-5.01538
-5.01648
-5.01813
-5.01912
-5.0208
-5.02272
-5.02428
-5.02577
-5.02765
-5.0299
-5.03209
-5.03435
-5.03624
-5.03864
-5.04111
-5.04334
-5.04578
-5.04826
-5.0511
-5.05338
-5.05631
-5.05896
-5.06165
-5.06421
-5.06694
-5.06968
-5.07228
-5.07459
-5.07734
-5.08009
-5.08268
-5.0854
-5.08826
-5.09063
-5.09342
-5.09663
-5.0992
-5.10217
-5.10465
-5.10691
-5.10927
-5.11187
-5.11455
-5.11671
-5.11894
-5.12079
-5.12287
-5.1247
-5.12645
-5.12796
-5.12937
-5.13114
-5.13251
-5.13393
-5.13479
-5.136
-5.13695
-5.13779
-5.13853
-5.139
-5.13951
-5.13991
-5.14065
-5.14097
-5.14087
-5.14066
-5.14049
-5.14035
-5.13979
-5.13927
-5.13849
-5.13789
-5.13688
-5.13606
-5.13512
-5.13377
-5.13247
-5.13106
-5.12954
-5.12762
-5.12605
-5.12377
-5.122
-5.12029
-5.11833
-5.11613
-5.11369
-5.11131
-5.10871
-5.10602
-5.10325
-5.10056
-5.09795
-5.09512
-5.09253
-5.08927
-5.08611
-5.08335
-5.08038
-5.07692
-5.07386
-5.07046
-5.06688
-5.06372
-5.06023
-5.05701
-5.05408
-5.05083
-5.04711
-5.04369
-5.0401
-5.03667
-5.03384
-5.03026
-5.02715
-5.02344
-5.02005
-5.01623
-5.01258
-5.00896
-5.00596
-5.00285
-4.99978
-4.99689
-4.99374
-4.99048
-4.98712
-4.98411
-4.98115
-4.97824
-4.97524
-4.9723
-4.96973
-4.96721
-4.96492
-4.96254
-4.96039
-4.95831
-4.95585
-4.95347
-4.95147
-4.94895
-4.94666
-4.94491
-4.94355
-4.94212
-4.94033
-4.93863
-4.93702
-4.93581
-4.93423
-4.93321
-4.93197
-4.93098
-4.93009
-4.92929
-4.92904
-4.92859
-4.92777
-4.92751
-4.92704
-4.92697
-4.92684
-4.92696
-4.92686
-4.92701
-4.92694
-4.92726
-4.92752
-4.92756
-4.92799
-4.92865
-4.92909
-4.92991
-4.93096
-4.93208
-4.93297
-4.93423
-4.9357
-4.93725
-4.93824
-4.9396
-4.94117
-4.94278
-4.94369
-4.94556
-4.94716
-4.94881
-4.95064
-4.95266
-4.95441
-4.95618
-4.95814
-4.96011
-4.9621
-4.96411
-4.96598
-4.96801
-4.96975
-4.97164
-4.97308
-4.97481
-4.97685
-4.97858
-4.98059
-4.9826
-4.98458
-4.9861
-4.98805
-4.98998
-4.99173
-4.99346
-4.99501
-4.99668
-4.99861
-5.00007
-5.00179
-5.00333
-5.00468
-5.00629
-5.00802
-5.00926
-5.01092
-5.01209
-5.01337
-5.01446
-5.01567
-5.01654
-5.01768
-5.01894
-5.01957
-5.02016
-5.02133
-5.02217
-5.02329
-5.02439
-5.02561
-5.02652
-5.02741
-5.02828
-5.02929
-5.03044
-5.03129
-5.03243
-5.03371
-5.03425
-5.03508
-5.03592
-5.03722
-5.03792
-5.03923
-5.04026
-5.04114
-5.04234
-5.04355
-5.04433
-5.04512
-5.04623
-5.04752
-5.04867
-5.05014
-5.05118
-5.05268
-5.05391
-5.05484
-5.05595
-5.05752
-5.05866
-5.05995
-5.06141
-5.06272
-5.06374
-5.06492
-5.06655
-5.06773
-5.0686
-5.06963
-5.07079
-5.07225
-5.07325
-5.07438
-5.07504
-5.07568
-5.07675
-5.0781
-5.07912
-5.08026
-5.08136
-5.08243
-5.08332
-5.08415
-5.0848
-5.08555
-5.08641
-5.08661
-5.08706
-5.0873
-5.08795
-5.08883
-5.08936
-5.08953
-5.08993
-5.09012
-5.09025
-5.08971
-5.0897
-5.08948
-5.08934
-5.08913
-5.089
-5.08851
-5.08809
-5.0876
-5.08735
-5.08642
-5.08543
-5.08497
-5.08384
-5.08295
-5.08199
-5.08112
-5.08003
-5.07888
-5.07768
-5.07656
-5.07494
-5.07357
-5.07214
-5.07052
-5.06915
-5.06774
-5.0663
-5.06496
-5.06284
-5.06129
-5.05957
-5.05767
-5.0559
-5.05397
-5.05217
-5.04992
-5.04811
-5.04646
-5.04496
-5.04302
-5.04109
-5.03948
-5.03789
-5.03617
-5.03448
-5.03282
-5.0315
-5.02992
-5.02807
-5.02658
-5.02483
-5.02343
-5.02239
-5.0208
-5.01957
-5.01841
-5.0173
-5.01626
-5.01514
-5.01438
-5.01339
-5.01262
-5.01192
-5.01114
-5.01043
-5.01024
-5.00997
-5.00947
-5.00934
-5.00943
-5.00943
-5.0095
-5.00964
-5.00954
-5.0095
-5.00982
-5.01021
-5.01019
-5.01069
-5.01124
-5.01183
-5.01233
-5.01302
-5.01331
-5.01393
-5.0146
-5.01545
-5.01648
-5.01725
-5.01789
-5.0184
-5.01924
-5.02025
-5.02128
-5.02217
-5.02337
-5.02427
-5.02518
-5.0261
-5.02656
-5.02747
-5.02837
-5.02911
-5.03015
-5.03101
-5.03186
-5.03254
-5.0335
-5.03428
-5.03518
-5.0356
-5.03629
-5.0371
-5.03787
-5.03829
-5.03898
-5.03963
-5.04038
-5.04093
-5.04143
-5.04158
-5.04182
-5.04171
-5.04215
-5.04238
-5.04194
-5.0425
-5.04194
-5.04178
-5.04185
-5.04095
-5.04059
-5.04063
-5.03969
-5.03928
-5.03837
-5.03738
-5.03664
-5.03552
-5.0348
-5.03371
-5.03257
-5.03136
-5.02994
-5.02877
-5.02755
-5.02612
-5.02464
-5.02312
-5.0214
-5.01994
-5.01844
-5.01691
-5.01565
-5.01406
-5.01229
-5.01066
-5.00901
-5.0075
-5.00628
-5.00461
-5.00293
-5.00156
-4.9999
-4.99825
-4.99661
-4.99514
-4.99324
-4.99167
-4.98997
-4.98844
-4.98695
-4.98549
-4.98407
-4.98297
-4.98131
-4.98029
-4.97931
-4.97775
-4.97668
-4.97579
-4.97448
-4.97336
-4.97241
-4.97148
-4.97043
-4.9694
-4.96838
-4.96723
-4.9661
-4.96512
-4.96401
-4.9629
-4.96209
-4.96069
-4.95973
-4.95877
-4.95766
-4.95669
-4.95587
-4.95473
-4.95374
-4.95259
-4.95158
-4.95056
-4.94937
-4.94849
-4.94744
-4.94654
-4.94563
-4.94426
-4.9432
-4.94214
-4.94153
-4.94063
-4.93944
-4.93841
-4.93784
-4.937
-4.93602
-4.93492
-4.93369
-4.93279
-4.93239
-4.93187
-4.93109
-4.9302
-4.92951
-4.92932
-4.92874
-4.92806
-4.92759
-4.92703
-4.92684
-4.92656
-4.9265
-4.92636
-4.92629
-4.92599
-4.92637
-4.92638
-4.92676
-4.92691
-4.9273
-4.92777
-4.92831
-4.92908
-4.92978
-4.93056
-4.93141
-4.93249
-4.9332
-4.93458
-4.93573
-4.93695
-4.93825
-4.93946
-4.94089
-4.94268
-4.94439
-4.94601
-4.94784
-4.94942
-4.95121
-4.9529
-4.95464
-4.95642
-4.9584
-4.96088
-4.96308
-4.96518
-4.96685
-4.969
-4.97133
-4.97323
-4.97545
-4.97738
-4.97978
-4.98204
-4.9843
-4.98657
-4.98854
-4.99035
-4.99246
-4.99456
-4.99665
-4.99888
-5.00078
-5.00236
-5.00498
-5.00742
-5.00953
-5.01175
-5.01379
-5.01579
-5.0176
-5.01967
-5.02155
-5.02322
-5.02485
-5.02628
-5.02781
-5.02974
-5.03131
-5.03297
-5.03428
-5.03569
-5.03718
-5.03847
-5.03984
-5.04146
-5.04273
-5.04393
-5.04492
-5.04616
-5.04704
-5.04741
-5.04802
-5.04874
-5.04955
-5.05001
-5.05041
-5.05062
-5.05123
-5.05164
-5.05185
-5.05217
-5.0526
-5.05283
-5.05317
-5.05318
-5.05329
-5.05337
-5.05341
-5.05326
-5.05338
-5.05331
-5.05336
-5.05338
-5.05321
-5.05286
-5.05262
-5.05235
-5.05204
-5.05155
-5.05118
-5.05062
-5.05002
-5.0497
-5.04948
-5.04893
-5.04835
-5.04758
-5.04707
-5.04637
-5.04564
-5.04503
-5.04377
-5.04278
-5.04206
-5.04039
-5.0393
-5.03802
-5.03701
-5.03597
-5.03506
-5.03396
-5.03299
-5.03185
-5.03083
-5.0298
-5.0286
-5.02738
-5.02601
-5.02478
-5.02354
-5.02245
-5.02122
-5.02014
-5.01892
-5.01757
-5.01623
-5.01506
-5.01408
-5.01282
-5.01159
-5.01055
-5.00956
-5.00845
-5.0077
-5.00655
-5.00545
-5.00502
-5.0042
-5.0036
-5.00306
-5.00275
-5.00251
-5.00235
-5.00196
-5.00166
-5.00129
-5.00146
-5.00125
-5.00159
-5.00201
-5.00282
-5.00281
-5.00349
-5.0038
-5.00434
-5.00527
-5.00658
-5.00736
-5.00837
-5.0093
-5.0103
-5.01092
-5.0122
-5.01353
-5.01477
-5.01622
-5.01771
-5.01923
-5.02125
-5.023
-5.02447
-5.02596
-5.02792
-5.02959
-5.03126
-5.03263
-5.0343
-5.0355
-5.03714
-5.0386
-5.04033
-5.04204
-5.04355
-5.04517
-5.04674
-5.04766
-5.04896
-5.05006
-5.05124
-5.05235
-5.05354
-5.0548
-5.05507
-5.0557
-5.05641
-5.05701
-5.05723
-5.05764
-5.05781
-5.05803
-5.05799
-5.05784
-5.05759
-5.05723
-5.05707
-5.05694
-5.05626
-5.05576
-5.055
-5.05398
-5.05284
-5.0519
-5.0504
-5.04894
-5.04752
-5.046
-5.04422
-5.04279
-5.04066
-5.03872
-5.0367
-5.03443
-5.03222
-5.03037
-5.02784
-5.02537
-5.02313
-5.02082
-5.01844
-5.01569
-5.01303
-5.01016
-5.00709
-5.00397
-5.0008
-4.99776
-4.99483
-4.99172
-4.98844
-4.98515
-4.98169
-4.97853
-4.97522
-4.97222
-4.96924
-4.96627
-4.96303
-4.95981
-4.95694
-4.95441
-4.95148
-4.94846
-4.9455
-4.9426
-4.93993
-4.93688
-4.93422
-4.93181
-4.92933
-4.92741
-4.9253
-4.92374
-4.9217
-4.91992
-4.91812
-4.91659
-4.91519
-4.91408
-4.91279
-4.9118
-4.91079
-4.91008
-4.9092
-4.90862
-4.90803
-4.90729
-4.90745
-4.9076
-4.90744
-4.90802
-4.9086
-4.90947
-4.91017
-4.91116
-4.91214
-4.91339
-4.91462
-4.91597
-4.91759
-4.91934
-4.92104
-4.92285
-4.92492
-4.92724
-4.9295
-4.9317
-4.93429
-4.93666
-4.93925
-4.94207
-4.94495
-4.9479
-4.9512
-4.95395
-4.95674
-4.95987
-4.96289
-4.96533
-4.9684
-4.97165
-4.97461
-4.97758
-4.98071
-4.98384
-4.98712
-4.99009
-4.99305
-4.996
-4.99893
-5.0023
-5.00549
-5.00834
-5.01117
-5.01411
-5.01701
-5.01986
-5.02268
-5.02514
-5.02815
-5.03127
-5.03402
-5.03656
-5.0392
-5.04191
-5.04441
-5.04639
-5.04874
-5.05102
-5.05308
-5.0552
-5.05694
-5.05859
-5.06016
-5.06164
-5.06318
-5.06448
-5.06568
-5.06709
-5.0687
-5.06977
-5.07072
-5.07158
-5.07233
-5.07298
-5.07367
-5.0741
-5.07457
-5.07493
-5.07472
-5.07486
-5.07473
-5.07434
-5.07383
-5.07351
-5.07307
-5.07252
-5.0717
-5.07092
-5.06972
-5.06841
-5.06698
-5.06559
-5.06378
-5.06216
-5.06043
-5.05874
-5.05694
-5.05488
-5.05287
-5.05075
-5.04822
-5.04528
-5.04255
-5.04002
-5.03709
-5.03437
-5.0317
-5.0288
-5.02565
-5.02257
-5.0194
-5.0157
-5.01207
-5.00852
-5.00489
-5.0009
-4.99699
-4.99301
-4.98898
-4.9852
-4.98121
-4.97717
-4.97309
-4.96912
-4.96527
-4.96078
-4.95687
-4.95264
-4.94854
-4.94443
-4.94002
-4.93575
-4.9318
-4.92771
-4.92364
-4.91959
-4.91543
-4.91162
-4.90755
-4.90384
-4.8999
-4.89588
-4.8921
-4.88841
-4.88497
-4.88118
-4.87782
-4.87444
-4.87165
-4.86855
-4.8653
-4.86237
-4.86006
-4.85793
-4.85569
-4.85363
-4.85208
-4.85059
-4.8496
-4.84867
-4.84781
-4.84746
-4.84748
-4.84741
-4.84725
-4.84746
-4.84788
-4.84834
-4.84916
-4.85033
-4.85152
-4.85305
-4.85505
-4.85691
-4.85862
-4.86062
-4.86321
-4.86531
-4.86783
-4.87045
-4.87315
-4.87578
-4.87863
-4.88124
-4.88404
-4.88674
-4.88961
-4.89221
-4.89527
-4.89818
-4.90095
-4.90385
-4.9069
-4.90993
-4.91263
-4.9153
-4.91779
-4.92024
-4.92281
-4.92549
-4.92842
-4.93101
-4.9337
-4.93635
-4.93865
-4.94119
-4.94309
-4.94569
-4.94794
-4.95014
-4.95229
-4.95439
-4.95644
-4.9586
-4.96025
-4.96201
-4.96373
-4.9654
-4.96748
-4.96922
-4.97091
-4.97256
-4.97416
-4.97573
-4.97695
-4.97858
-4.98003
-4.98112
-4.98218
-4.98351
-4.98494
-4.98618
-4.98739
-4.9884
-4.98952
-4.99076
-4.99166
-4.99267
-4.99349
-4.99442
-4.99577
-4.99662
-4.99759
-4.99836
-4.99986
-5.00071
-5.00152
-5.00215
-5.00258
-5.00328
-5.00394
-5.00426
-5.00469
-5.00449
-5.00515
-5.00578
-5.00577
-5.00573
-5.0061
-5.00644
-5.0063
-5.00673
-5.00653
-5.00675
-5.00664
-5.00666
-5.0068
-5.00646
-5.00656
-5.00708
-5.00699
-5.00687
-5.00658
-5.00658
-5.00656
-5.00638
-5.00634
-5.00614
-5.00578
-5.00526
-5.00504
-5.00467
-5.0049
-5.00468
-5.00447
-5.00426
-5.0042
-5.00386
-5.00397
-5.0038
-5.00379
-5.00365
-5.00367
-5.00311
-5.00318
-5.00312
-5.00293
-5.00292
-5.00293
-5.00312
-5.00304
-5.00314
-5.00313
-5.00359
-5.00379
-5.00402
-5.00413
-5.00458
-5.00492
-5.00513
-5.00554
-5.00613
-5.00675
-5.00741
-5.00796
-5.00853
-5.009
-5.00979
-5.01077
-5.01164
-5.01238
-5.01331
-5.01426
-5.01539
-5.01641
-5.01744
-5.0185
-5.01913
-5.01994
-5.02076
-5.02191
-5.02292
-5.0238
-5.02499
-5.02619
-5.02741
-5.02834
-5.02957
-5.03052
-5.03222
-5.03302
-5.03398
-5.03509
-5.0362
-5.03746
-5.03857
-5.03998
-5.04109
-5.04173
-5.04238
-5.04407
-5.045
-5.04623
-5.0473
-5.04835
-5.04941
-5.0503
-5.05148
-5.05205
-5.05322
-5.05377
-5.05477
-5.05561
-5.0563
-5.05727
-5.05824
-5.05921
-5.06017
-5.06112
-5.06208
-5.06287
-5.06397
-5.06538
-5.06633
-5.06759
-5.0687
-5.06951
-5.07047
-5.07144
-5.07227
-5.07311
-5.07411
-5.07512
-5.07599
-5.07688
-5.07763
-5.07885
-5.08009
-5.08104
-5.08217
-5.08316
-5.08448
-5.08552
-5.08673
-5.08796
-5.08907
-5.09005
-5.09135
-5.09284
-5.09434
-5.09572
-5.09713
-5.09841
-5.09956
-5.10089
-5.10239
-5.10391
-5.10531
-5.10688
-5.10846
-5.11022
-5.11199
-5.11363
-5.11528
-5.11695
-5.11877
-5.12046
-5.122
-5.1237
-5.1248
-5.12665
-5.12851
-5.13036
-5.13176
-5.13375
-5.13573
-5.13756
-5.13921
-5.141
-5.14217
-5.14378
-5.14535
-5.14706
-5.14858
-5.15023
-5.15154
-5.15296
-5.15421
-5.15571
-5.15687
-5.1583
-5.15953
-5.16056
-5.16154
-5.16248
-5.16352
-5.16421
-5.16514
-5.16587
-5.16701
-5.16808
-5.1688
-5.16931
-5.17037
-5.17092
-5.17156
-5.17169
-5.17236
-5.17312
-5.17353
-5.17372
-5.17355
-5.17347
-5.17364
-5.17359
-5.17318
-5.173
-5.17293
-5.17263
-5.17258
-5.17263
-5.17215
-5.17147
-5.17102
-5.17051
-5.16964
-5.16886
-5.16862
-5.16772
-5.16644
-5.16602
-5.16507
-5.16406
-5.16283
-5.16169
-5.16019
-5.15877
-5.15713
-5.15542
-5.15379
-5.1521
-5.15019
-5.14821
-5.14616
-5.14434
-5.14245
-5.1405
-5.13832
-5.13593
-5.13407
-5.13185
-5.1294
-5.12689
-5.12447
-5.12152
-5.11837
-5.11576
-5.11309
-5.11021
-5.10727
-5.10429
-5.1011
-5.09817
-5.09504
-5.09171
-5.08835
-5.08541
-5.08213
-5.07883
-5.07535
-5.07186
-5.06865
-5.06527
-5.0619
-5.05852
-5.05545
-5.05208
-5.04858
-5.0454
-5.04209
-5.03896
-5.03556
-5.03281
-5.0298
-5.02684
-5.02378
-5.02093
-5.01769
-5.01482
-5.01218
-5.0093
-5.00666
-5.0038
-5.00103
-4.99879
-4.99635
-4.99415
-4.9916
-4.98975
-4.98784
-4.98589
-4.98419
-4.98259
-4.98093
-4.97953
-4.97868
-4.97733
-4.97622
-4.97505
-4.97413
-4.97329
-4.97253
-4.97171
-4.97066
-4.97014
-4.96938
-4.96915
-4.96867
-4.96824
-4.96802
-4.96799
-4.968
-4.96774
-4.96782
-4.96761
-4.96788
-4.968
-4.96799
-4.96797
-4.96795
-4.96793
-4.96804
-4.96813
-4.96805
-4.96795
-4.96751
-4.96704
-4.96699
-4.9666
-4.96586
-4.96538
-4.96471
-4.96429
-4.96382
-4.96315
-4.96258
-4.96165
-4.96098
-4.96026
-4.95935
-4.95839
-4.95754
-4.95665
-4.95602
-4.95491
-4.95393
-4.95277
-4.9516
-4.95041
-4.94937
-4.94803
-4.9467
-4.94553
-4.94454
-4.94389
-4.94313
-4.94211
-4.94101
-4.94027
-4.93962
-4.9392
-4.93872
-4.93865
-4.9384
-4.93841
-4.93825
-4.93839
-4.93851
-4.93908
-4.93951
-4.94025
-4.94146
-4.94283
-4.94407
-4.94532
-4.9469
-4.9488
-4.95042
-4.9528
-4.95475
-4.9573
-4.95985
-4.96255
-4.96524
-4.96791
-4.97117
-4.97468
-4.97786
-4.98128
-4.98479
-4.98884
-4.99281
-4.99669
-5.00047
-5.00444
-5.0083
-5.01204
-5.01624
-5.02
-5.02422
-5.02782
-5.03172
-5.03544
-5.03929
-5.04341
-5.0475
-5.05139
-5.05523
-5.05902
-5.06276
-5.06704
-5.07065
-5.0742
-5.07708
-5.08019
-5.08293
-5.08589
-5.08908
-5.0925
-5.09538
-5.09834
-5.10091
-5.1037
-5.10642
-5.10905
-5.1116
-5.11391
-5.11615
-5.1183
-5.12037
-5.12235
-5.12426
-5.12578
-5.12783
-5.12964
-5.13153
-5.13304
-5.13431
-5.13551
-5.13664
-5.13768
-5.1388
-5.14
-5.14098
-5.14188
-5.14271
-5.14332
-5.144
-5.14477
-5.14532
-5.1458
-5.14651
-5.14655
-5.14683
-5.1469
-5.14705
-5.14684
-5.14672
-5.14669
-5.14646
-5.14631
-5.14642
-5.14631
-5.146
-5.14564
-5.14538
-5.14477
-5.14441
-5.14416
-5.14386
-5.14336
-5.14282
-5.14209
-5.14102
-5.14052
-5.13998
-5.13895
-5.13774
-5.13695
-5.13598
-5.13498
-5.1338
-5.13275
-5.13183
-5.13043
-5.12931
-5.12832
-5.12717
-5.1263
-5.12497
-5.12347
-5.12257
-5.1212
-5.12012
-5.11874
-5.11765
-5.1164
-5.11499
-5.11389
-5.11262
-5.1115
-5.11038
-5.10895
-5.10752
-5.10654
-5.10556
-5.10442
-5.10313
-5.10169
-5.10069
-5.09938
-5.09762
-5.0963
-5.09498
-5.0935
-5.09186
-5.09067
-5.08962
-5.08855
-5.08748
-5.08625
-5.08455
-5.0833
-5.08203
-5.0803
-5.0787
-5.07725
-5.07609
-5.07461
-5.07297
-5.07147
-5.06966
-5.06814
-5.06616
-5.06432
-5.06293
-5.06123
-5.05968
-5.05798
-5.05628
-5.05473
-5.05288
-5.05043
-5.0492
-5.04783
-5.04617
-5.04438
-5.04275
-5.04114
-5.03955
-5.03798
-5.03645
-5.03524
-5.03422
-5.03293
-5.03153
-5.03016
-5.02884
-5.02771
-5.02678
-5.02575
-5.02476
-5.02413
-5.0234
-5.02227
-5.02135
-5.02048
-5.01983
-5.01908
-5.01869
-5.01836
-5.01809
-5.01788
-5.01728
-5.01704
-5.01685
-5.01703
-5.01696
-5.01695
-5.01699
-5.01709
-5.01709
-5.01729
-5.01738
-5.01768
-5.01817
-5.01826
-5.01853
-5.01854
-5.01919
-5.01988
-5.02045
-5.02104
-5.02166
-5.0223
-5.02312
-5.0238
-5.02465
-5.02522
-5.02594
-5.02682
-5.02771
-5.02815
-5.02904
-5.02948
-5.03006
-5.03064
-5.0315
-5.03221
-5.03304
-5.03371
-5.03421
-5.03469
-5.0353
-5.03573
-5.03613
-5.03665
-5.03759
-5.0379
-5.03847
-5.03915
-5.03934
-5.03964
-5.0399
-5.03997
-5.03999
-5.04027
-5.04065
-5.04083
-5.04052
-5.0403
-5.04019
-5.04003
-5.03982
-5.03956
-5.03926
-5.03891
-5.03836
-5.03761
-5.03713
-5.03659
-5.03602
-5.0357
-5.0346
-5.03376
-5.03288
-5.03197
-5.03087
-5.02991
-5.02891
-5.02774
-5.02701
-5.0261
-5.02504
-5.02426
-5.02347
-5.02223
-5.02099
-5.0199
-5.01913
-5.01806
-5.01715
-5.01611
-5.01569
-5.01469
-5.01372
-5.01263
-5.01172
-5.01115
-5.01047
-5.00997
-5.00922
-5.00867
-5.00832
-5.00786
-5.00777
-5.00772
-5.00728
-5.00736
-5.00718
-5.00707
-5.00732
-5.00748
-5.00739
-5.00783
-5.00787
-5.00812
-5.00844
-5.00851
-5.00879
-5.00944
-5.00984
-5.01059
-5.01156
-5.01227
-5.01288
-5.01369
-5.01455
-5.01591
-5.01671
-5.01754
-5.01827
-5.01902
-5.02012
-5.02139
-5.02254
-5.02402
-5.02552
-5.02673
-5.02811
-5.02935
-5.03075
-5.03231
-5.03327
-5.03469
-5.03595
-5.0369
-5.03815
-5.03939
-5.04077
-5.04183
-5.04272
-5.04375
-5.04505
-5.04618
-5.04743
-5.04836
-5.0494
-5.05041
-5.05123
-5.05217
-5.05293
-5.05394
-5.05476
-5.05569
-5.05597
-5.05697
-5.05762
-5.05821
-5.05861
-5.05927
-5.05972
-5.05997
-5.06047
-5.06077
-5.06071
-5.06076
-5.06105
-5.06144
-5.06147
-5.06145
-5.06153
-5.06155
-5.06137
-5.06099
-5.0604
-5.05991
-5.05982
-5.05938
-5.05889
-5.0585
-5.05775
-5.05697
-5.05628
-5.0557
-5.05522
-5.05409
-5.05307
-5.05216
-5.05106
-5.05006
-5.04903
-5.04751
-5.0461
-5.0451
-5.04378
-5.04272
-5.04148
-5.04005
-5.0386
-5.03698
-5.03578
-5.0341
-5.03271
-5.03145
-5.02987
-5.02873
-5.02712
-5.0255
-5.02403
-5.02269
-5.02106
-5.01942
-5.01793
-5.01644
-5.01496
-5.01364
-5.01218
-5.01088
-5.00975
-5.00819
-5.0068
-5.00558
-5.0041
-5.00279
-5.00167
-5.00089
-5
-4.99885
-4.9979
-4.997
-4.996
-4.99505
-4.99386
-4.99289
-4.99228
-4.99128
-4.9905
-4.98994
-4.98915
-4.98875
-4.98856
-4.98831
-4.98829
-4.98804
-4.98803
-4.9884
-4.98855
-4.98894
-4.98895
-4.98951
-4.98984
-4.99071
-4.99121
-4.99178
-4.99229
-4.99302
-4.99383
-4.99501
-4.99642
-4.99759
-4.99898
-5.00028
-5.00164
-5.00321
-5.00454
-5.00592
-5.00734
-5.00896
-5.01078
-5.01233
-5.01422
-5.01598
-5.01763
-5.01884
-5.02144
-5.02345
-5.02532
-5.02705
-5.02894
-5.03084
-5.03288
-5.03492
-5.0365
-5.03822
-5.04007
-5.04161
-5.04344
-5.04539
-5.04701
-5.04876
-5.05018
-5.05187
-5.05367
-5.05544
-5.05701
-5.05824
-5.05973
-5.06133
-5.06258
-5.06377
-5.06492
-5.06662
-5.06766
-5.0688
-5.06943
-5.07061
-5.07142
-5.07233
-5.07332
-5.0741
-5.07528
-5.07593
-5.07607
-5.07645
-5.07737
-5.07778
-5.07827
-5.07854
-5.07875
-5.07904
-5.07882
-5.07899
-5.07895
-5.079
-5.07838
-5.07801
-5.07772
-5.07769
-5.07744
-5.07714
-5.07664
-5.07578
-5.07502
-5.07451
-5.07396
-5.07321
-5.07197
-5.07099
-5.06997
-5.06922
-5.06843
-5.06746
-5.06647
-5.06529
-5.06424
-5.06332
-5.06253
-5.06127
-5.05999
-5.0587
-5.0577
-5.05594
-5.05463
-5.05331
-5.05229
-5.05128
-5.04981
-5.0485
-5.04749
-5.0462
-5.04506
-5.04393
-5.04282
-5.04157
-5.04019
-5.03897
-5.03792
-5.03689
-5.03573
-5.03505
-5.03408
-5.03283
-5.03191
-5.0307
-5.03013
-5.02928
-5.0289
-5.0281
-5.02731
-5.02656
-5.02582
-5.02496
-5.02443
-5.02392
-5.02313
-5.02237
-5.02163
-5.02092
-5.02038
-5.01941
-5.01922
-5.01891
-5.01831
-5.0182
-5.01795
-5.01774
-5.01769
-5.01737
-5.01707
-5.0168
-5.01656
-5.01573
-5.01568
-5.01536
-5.01506
-5.0154
-5.01515
-5.01523
-5.01504
-5.01502
-5.01503
-5.01567
-5.01573
-5.01567
-5.01579
-5.01593
-5.0161
-5.01645
-5.01683
-5.01723
-5.01751
-5.01797
-5.018
-5.01805
-5.01813
-5.01869
-5.01928
-5.01958
-5.01992
-5.02027
-5.0208
-5.02151
-5.02208
-5.02252
-5.02329
-5.02393
-5.02473
-5.02556
-5.02625
-5.02726
-5.02799
-5.02858
-5.02965
-5.03043
-5.03152
-5.03248
-5.03331
-5.0343
-5.035
-5.03586
-5.03674
-5.03748
-5.03869
-5.0396
-5.04053
-5.04132
-5.04227
-5.04293
-5.0439
-5.04489
-5.04619
-5.04719
-5.04851
-5.04939
-5.05073
-5.05178
-5.05284
-5.05391
-5.05514
-5.05653
-5.05747
-5.05873
-5.05984
-5.06112
-5.0627
-5.06369
-5.06484
-5.06584
-5.06701
-5.06833
-5.0692
-5.07084
-5.07202
-5.07321
-5.0741
-5.07529
-5.07679
-5.07799
-5.07934
-5.08054
-5.08204
-5.08309
-5.08444
-5.08532
-5.08636
-5.08754
-5.08872
-5.08974
-5.09075
-5.0919
-5.0929
-5.09403
-5.09515
-5.09642
-5.09736
-5.09875
-5.09982
-5.10088
-5.10192
-5.10309
-5.1041
-5.10479
-5.10576
-5.10656
-5.10734
-5.1084
-5.10944
-5.11016
-5.11116
-5.11229
-5.11324
-5.11402
-5.11433
-5.11521
-5.11592
-5.11645
-5.11726
-5.11789
-5.11849
-5.11906
-5.11976
-5.12089
-5.12123
-5.12169
-5.12182
-5.12238
-5.1229
-5.12309
-5.12325
-5.12383
-5.12407
-5.12414
-5.12401
-5.12401
-5.12427
-5.12449
-5.12469
-5.12469
-5.12481
-5.12489
-5.12494
-5.1248
-5.12416
-5.12395
-5.12324
-5.12326
-5.12308
-5.12257
-5.12187
-5.12173
-5.12141
-5.1209
-5.12021
-5.11978
-5.11901
-5.11836
-5.11783
-5.11742
-5.11667
-5.11604
-5.11523
-5.11439
-5.11367
-5.11262
-5.11169
-5.11104
-5.11006
-5.10921
-5.10819
-5.10714
-5.10622
-5.10513
-5.10403
-5.10275
-5.10145
-5.10014
-5.09897
-5.09778
-5.09673
-5.09567
-5.09444
-5.09305
-5.09211
-5.09025
-5.08898
-5.08756
-5.08629
-5.085
-5.08371
-5.08257
-5.08112
-5.07982
-5.07867
-5.07767
-5.07606
-5.07475
-5.0733
-5.07169
-5.07039
-5.06894
-5.0678
-5.06636
-5.06478
-5.06351
-5.0621
-5.06084
-5.05945
-5.05823
-5.05687
-5.05552
-5.05434
-5.05304
-5.05175
-5.05049
-5.0494
-5.04835
-5.04732
-5.04647
-5.04566
-5.04458
-5.04384
-5.04299
-5.04188
-5.04127
-5.0404
-5.03989
-5.03927
-5.03885
-5.03834
-5.03804
-5.03764
-5.03731
-5.03688
-5.03637
-5.03622
-5.036
-5.03614
-5.03666
-5.03679
-5.03715
-5.03728
-5.03748
-5.03761
-5.03826
-5.039
-5.03951
-5.04009
-5.0409
-5.04179
-5.04275
-5.04364
-5.04476
-5.04594
-5.04705
-5.04809
-5.04964
-5.05127
-5.05281
-5.05427
-5.05639
-5.05797
-5.05992
-5.06162
-5.06367
-5.06578
-5.06763
-5.06953
-5.07163
-5.07392
-5.07609
-5.07829
-5.08068
-5.08279
-5.08492
-5.08723
-5.0897
-5.09189
-5.09424
-5.09644
-5.09925
-5.10176
-5.10427
-5.10647
-5.10911
-5.11143
-5.11374
-5.11619
-5.11861
-5.121
-5.12277
-5.12495
-5.12725
-5.12937
-5.13159
-5.13363
-5.13547
-5.13786
-5.13991
-5.14251
-5.14445
-5.14619
-5.14787
-5.14964
-5.15135
-5.153
-5.15444
-5.15612
-5.15743
-5.15883
-5.16001
-5.16113
-5.16203
-5.16301
-5.16378
-5.16448
-5.16527
-5.166
-5.16666
-5.16757
-5.16826
-5.16845
-5.16888
-5.1691
-5.16956
-5.16998
-5.17035
-5.17052
-5.17048
-5.17056
-5.17059
-5.17059
-5.17024
-5.17015
-5.16973
-5.16928
-5.16925
-5.16919
-5.16879
-5.16868
-5.16839
-5.16807
-5.16773
-5.16752
-5.16699
-5.16643
-5.16586
-5.16541
-5.1651
-5.16477
-5.16412
-5.1633
-5.16261
-5.16205
-5.16148
-5.16088
-5.1604
-5.15946
-5.15879
-5.15795
-5.15708
-5.15588
-5.15526
-5.15416
-5.15333
-5.15262
-5.15158
-5.15051
-5.14971
-5.14872
-5.14754
-5.14662
-5.14522
-5.14423
-5.1429
-5.14183
-5.14102
-5.13987
-5.13837
-5.13684
-5.13556
-5.13424
-5.13288
-5.13117
-5.12957
-5.12748
-5.12595
-5.12437
-5.12261
-5.12065
-5.11896
-5.11708
-5.115
-5.1132
-5.1109
-5.10887
-5.10696
-5.10487
-5.10274
-5.10059
-5.09826
-5.0959
-5.09368
-5.09127
-5.08915
-5.08687
-5.08456
-5.08225
-5.08007
-5.07803
-5.07569
-5.07334
-5.07084
-5.06819
-5.06599
-5.0635
-5.06162
-5.05945
-5.05699
-5.0547
-5.05273
-5.05018
-5.04826
-5.0459
-5.04358
-5.04144
-5.03918
-5.03727
-5.03523
-5.03324
-5.0313
-5.02925
-5.02724
-5.02529
-5.02354
-5.02169
-5.0199
-5.01847
-5.01695
-5.01564
-5.01425
-5.01307
-5.01195
-5.0109
-5.00946
-5.00825
-5.00711
-5.00588
-5.00503
-5.00425
-5.00354
-5.00306
-5.00234
-5.00185
-5.00128
-5.00123
-5.00095
-5.00029
-5.0006
-5.00052
-5.00067
-4.99997
-4.99994
-5.00028
-5.00023
-5.00084
-5.00106
-5.00103
-5.00136
-5.00175
-5.00219
-5.00283
-5.00383
-5.00457
-5.00521
-5.00635
-5.00724
-5.00817
-5.00959
-5.01046
-5.01152
-5.01246
-5.0136
-5.01478
-5.0163
-5.01755
-5.01914
-5.02046
-5.02167
-5.02292
-5.0242
-5.02566
-5.027
-5.02853
-5.02979
-5.03153
-5.03316
-5.03436
-5.03604
-5.03775
-5.03964
-5.04171
-5.04351
-5.04548
-5.04717
-5.04934
-5.05168
-5.05344
-5.05521
-5.05701
-5.05927
-5.06094
-5.06292
-5.06506
-5.06736
-5.06935
-5.07135
-5.0735
-5.07549
-5.07762
-5.07899
-5.0811
-5.08289
-5.08451
-5.0864
-5.08797
-5.08996
-5.09191
-5.09368
-5.0954
-5.09708
-5.09902
-5.1009
-5.10228
-5.10406
-5.10548
-5.10698
-5.10827
-5.1095
-5.11096
-5.11175
-5.11262
-5.11357
-5.11474
-5.11539
-5.11611
-5.1169
-5.11762
-5.11811
-5.11836
-5.11854
-5.1188
-5.11897
-5.11892
-5.11894
-5.11889
-5.11877
-5.11872
-5.1183
-5.11781
-5.11726
-5.11679
-5.11626
-5.11567
-5.11472
-5.11387
-5.11311
-5.112
-5.11099
-5.11055
-5.1096
-5.10862
-5.1076
-5.10684
-5.10575
-5.10463
-5.10318
-5.10185
-5.10066
-5.09944
-5.0982
-5.09695
-5.09598
-5.095
-5.09386
-5.09241
-5.09111
-5.08964
-5.08848
-5.08716
-5.08584
-5.08452
-5.08289
-5.08142
-5.08041
-5.0794
-5.07794
-5.07679
-5.07564
-5.07449
-5.07351
-5.07237
-5.0714
-5.06998
-5.06886
-5.06761
-5.06636
-5.06541
-5.06433
-5.06265
-5.06128
-5.06022
-5.05917
-5.05798
-5.05696
-5.05595
-5.0548
-5.05397
-5.05271
-5.05161
-5.05069
-5.0498
-5.04817
-5.04703
-5.04592
-5.04439
-5.0438
-5.04281
-5.0414
-5.04049
-5.03994
-5.03958
-5.03944
-5.03874
-5.03826
-5.03784
-5.03764
-5.03735
-5.03713
-5.03682
-5.03674
-5.03627
-5.03633
-5.03676
-5.03696
-5.03722
-5.03771
-5.0381
-5.03871
-5.03969
-5.04042
-5.0409
-5.04128
-5.04185
-5.04247
-5.04328
-5.04427
-5.04514
-5.04588
-5.0468
-5.04803
-5.04896
-5.0499
-5.05099
-5.05163
-5.05301
-5.05392
-5.05543
-5.056
-5.05686
-5.05784
-5.05863
-5.05924
-5.05966
-5.06035
-5.06099
-5.06159
-5.06214
-5.0625
-5.06295
-5.06336
-5.06386
-5.06401
-5.06441
-5.06444
-5.06473
-5.06496
-5.06513
-5.06555
-5.06546
-5.06531
-5.0648
-5.06468
-5.0642
-5.06381
-5.06367
-5.06286
-5.06229
-5.06106
-5.06082
-5.06007
-5.0591
-5.05838
-5.05789
-5.05658
-5.05597
-5.05499
-5.05395
-5.05299
-5.05182
-5.05058
-5.04882
-5.0473
-5.04571
-5.04406
-5.04233
-5.04055
-5.039
-5.03693
-5.03494
-5.03305
-5.03108
-5.02951
-5.02727
-5.02512
-5.02261
-5.02019
-5.01802
-5.01548
-5.01289
-5.0101
-5.00711
-5.00423
-5.00144
-4.99862
-4.99606
-4.99331
-4.99037
-4.98771
-4.98516
-4.98199
-4.9788
-4.97575
-4.97253
-4.9693
-4.96606
-4.96297
-4.95989
-4.95726
-4.95404
-4.95114
-4.94795
-4.94479
-4.94195
-4.93914
-4.93637
-4.93348
-4.93048
-4.92753
-4.92463
-4.92223
-4.91958
-4.91745
-4.91492
-4.91261
-4.91052
-4.90865
-4.90625
-4.90392
-4.90198
-4.89995
-4.89801
-4.8963
-4.89452
-4.89267
-4.89076
-4.88908
-4.88779
-4.88597
-4.8844
-4.88336
-4.88256
-4.88109
-4.88001
-4.87946
-4.87853
-4.87709
-4.87648
-4.8758
-4.87534
-4.87511
-4.87479
-4.8744
-4.87407
-4.87411
-4.87406
-4.87376
-4.87383
-4.8741
-4.87442
-4.87463
-4.8749
-4.87536
-4.8757
-4.87639
-4.87651
-4.87711
-4.87745
-4.87811
-4.87864
-4.87905
-4.87979
-4.88039
-4.881
-4.88148
-4.88182
-4.88248
-4.8833
-4.88413
-4.88481
-4.88581
-4.88666
-4.88751
-4.88837
-4.88939
-4.88981
-4.89038
-4.8911
-4.89184
-4.89272
-4.89362
-4.89422
-4.89482
-4.89529
-4.89636
-4.897
-4.89779
-4.8986
-4.89942
-4.90026
-4.90111
-4.90214
-4.90272
-4.90378
-4.90472
-4.90612
-4.90695
-4.90811
-4.90899
-4.91004
-4.91113
-4.9124
-4.91339
-4.91457
-4.91592
-4.91701
-4.91844
-4.91959
-4.92063
-4.9217
-4.92295
-4.92424
-4.92542
-4.92708
-4.92846
-4.93004
-4.93119
-4.93252
-4.93434
-4.93588
-4.93761
-4.93906
-4.94099
-4.94219
-4.94402
-4.94542
-4.94685
-4.9489
-4.95112
-4.95321
-4.95531
-4.95714
-4.95897
-4.96098
-4.96284
-4.96488
-4.96722
-4.96973
-4.97195
-4.97418
-4.97611
-4.97821
-4.98031
-4.98227
-4.98453
-4.98665
-4.98863
-4.99061
-4.99259
-4.99458
-4.99687
-4.99917
-5.00132
-5.00362
-5.00577
-5.00778
-5.00933
-5.01163
-5.01379
-5.01594
-5.01778
-5.01963
-5.02147
-5.02346
-5.02574
-5.02742
-5.02984
-5.0318
-5.0336
-5.03555
-5.03778
-5.03939
-5.04145
-5.04364
-5.04552
-5.04737
-5.04936
-5.05133
-5.05343
-5.05521
-5.05726
-5.05914
-5.0613
-5.06328
-5.06508
-5.067
-5.06874
-5.07029
-5.07182
-5.07376
-5.07537
-5.07694
-5.07862
-5.08012
-5.08158
-5.08285
-5.08408
-5.08542
-5.08703
-5.08859
-5.08965
-5.09097
-5.0918
-5.09289
-5.09363
-5.09448
-5.09558
-5.09649
-5.09735
-5.09833
-5.09895
-5.09983
-5.10037
-5.10101
-5.10146
-5.10171
-5.10253
-5.10315
-5.10358
-5.10397
-5.10446
-5.10462
-5.10518
-5.10541
-5.1059
-5.10606
-5.10632
-5.10655
-5.1063
-5.10646
-5.10614
-5.10608
-5.10585
-5.10574
-5.10514
-5.10528
-5.10523
-5.10502
-5.10478
-5.10481
-5.10423
-5.10408
-5.10376
-5.10327
-5.10306
-5.10269
-5.10215
-5.10206
-5.10134
-5.10077
-5.10034
-5.10035
-5.10005
-5.09944
-5.09882
-5.09835
-5.09741
-5.09663
-5.09629
-5.09579
-5.09529
-5.09464
-5.09398
-5.09392
-5.09325
-5.09272
-5.09204
-5.09166
-5.09112
-5.09073
-5.09048
-5.08963
-5.08907
-5.08835
-5.08793
-5.08706
-5.08647
-5.08603
-5.08559
-5.08483
-5.08422
-5.08391
-5.08313
-5.08296
-5.08247
-5.08183
-5.08133
-5.08067
-5.08016
-5.07964
-5.07882
-5.07844
-5.07791
-5.07723
-5.07654
-5.07554
-5.075
-5.07431
-5.07407
-5.07338
-5.07268
-5.072
-5.07131
-5.07093
-5.07041
-5.06959
-5.06923
-5.06858
-5.06809
-5.06746
-5.06669
-5.06593
-5.06564
-5.06506
-5.06435
-5.0635
-5.06267
-5.06201
-5.06152
-5.06074
-5.06014
-5.06001
-5.0596
-5.05936
-5.05915
-5.05865
-5.05787
-5.05771
-5.05713
-5.05671
-5.05647
-5.0564
-5.05634
-5.05646
-5.05628
-5.05613
-5.05584
-5.05571
-5.0559
-5.05594
-5.05584
-5.05591
-5.05567
-5.05559
-5.05521
-5.05528
-5.0552
-5.05511
-5.05517
-5.05506
-5.05495
-5.05467
-5.05452
-5.05451
-5.05432
-5.05396
-5.05357
-5.05315
-5.05285
-5.05221
-5.05199
-5.05157
-5.05036
-5.04971
-5.049
-5.0484
-5.0476
-5.04689
-5.04612
-5.04529
-5.0444
-5.04299
-5.04197
-5.04073
-5.03942
-5.03818
-5.03702
-5.03564
-5.03417
-5.03263
-5.03071
-5.02915
-5.02737
-5.0255
-5.02324
-5.02121
-5.01894
-5.01674
-5.01445
-5.01208
-5.00978
-5.0071
-5.00434
-5.00181
-4.9992
-4.99666
-4.99406
-4.99108
-4.98819
-4.98493
-4.98176
-4.97808
-4.9751
-4.97162
-4.96825
-4.96499
-4.96138
-4.9579
-4.95438
-4.95054
-4.94714
-4.94357
-4.93984
-4.93641
-4.93238
-4.92881
-4.92511
-4.92157
-4.91806
-4.91442
-4.91112
-4.90755
-4.90388
-4.90085
-4.89743
-4.89467
-4.89152
-4.88827
-4.8854
-4.88276
-4.88019
-4.8774
-4.87484
-4.87221
-4.86983
-4.86707
-4.86487
-4.86261
-4.86044
-4.85852
-4.85655
-4.85468
-4.85322
-4.8517
-4.85029
-4.84899
-4.84734
-4.84594
-4.84466
-4.84363
-4.84256
-4.84145
-4.84061
-4.84002
-4.83956
-4.83935
-4.83911
-4.83869
-4.83869
-4.83895
-4.83889
-4.83895
-4.83944
-4.8399
-4.84094
-4.84166
-4.84266
-4.84395
-4.84582
-4.84723
-4.84878
-4.85062
-4.85259
-4.85471
-4.85667
-4.85908
-4.86163
-4.86448
-4.86747
-4.87
-4.87297
-4.87608
-4.87934
-4.88258
-4.88626
-4.88962
-4.89341
-4.89702
-4.9012
-4.9055
-4.90991
-4.91413
-4.91845
-4.92316
-4.92781
-4.93254
-4.93764
-4.94206
-4.947
-4.95198
-4.95716
-4.96223
-4.96748
-4.9726
-4.97804
-4.98318
-4.98832
-4.99346
-4.99873
-5.00367
-5.00889
-5.01393
-5.01877
-5.02356
-5.0283
-5.03328
-5.0382
-5.0432
-5.04797
-5.05252
-5.05653
-5.06075
-5.06534
-5.06968
-5.07393
-5.07778
-5.08152
-5.08501
-5.0887
-5.09229
-5.09561
-5.09913
-5.10239
-5.10524
-5.10798
-5.11092
-5.11374
-5.11646
-5.11861
-5.12126
-5.12366
-5.1258
-5.12815
-5.13009
-5.13193
-5.13412
-5.13607
-5.13793
-5.13969
-5.14091
-5.1422
-5.14355
-5.14497
-5.14601
-5.14667
-5.14756
-5.14853
-5.14928
-5.15027
-5.15104
-5.1519
-5.15255
-5.15329
-5.15399
-5.15463
-5.15507
-5.15577
-5.15627
-5.15689
-5.15731
-5.1574
-5.1576
-5.15778
-5.15777
-5.15759
-5.15769
-5.15776
-5.15811
-5.15814
-5.15815
-5.15815
-5.15829
-5.15842
-5.15823
-5.15804
-5.15845
-5.15855
-5.1585
-5.1586
-5.15854
-5.15865
-5.15875
-5.15872
-5.15914
-5.15897
-5.15911
-5.15912
-5.15914
-5.15933
-5.15923
-5.15915
-5.15939
-5.15966
-5.15995
-5.15981
-5.15985
-5.15992
-5.16032
-5.16029
-5.16075
-5.16139
-5.16207
-5.16308
-5.16397
-5.1643
-5.16451
-5.16522
-5.16581
-5.16643
-5.16694
-5.16765
-5.16869
-5.16946
-5.17028
-5.17082
-5.17171
-5.17293
-5.17389
-5.17472
-5.17529
-5.17634
-5.17727
-5.17838
-5.17997
-5.18098
-5.18202
-5.18307
-5.18429
-5.18553
-5.18693
-5.1882
-5.18977
-5.1912
-5.19233
-5.19362
-5.1952
-5.19648
-5.19791
-5.19917
-5.20057
-5.20166
-5.20287
-5.20422
-5.2054
-5.20625
-5.20722
-5.20846
-5.20906
-5.21023
-5.21121
-5.21185
-5.21275
-5.2136
-5.21426
-5.21456
-5.21541
-5.21621
-5.21695
-5.21718
-5.21735
-5.21807
-5.21887
-5.21915
-5.21952
-5.21966
-5.21974
-5.2196
-5.22014
-5.2197
-5.2198
-5.21967
-5.21947
-5.21919
-5.21914
-5.21856
-5.21761
-5.21688
-5.21624
-5.21536
-5.21457
-5.21355
-5.21231
-5.2113
-5.21022
-5.20877
-5.2074
-5.20567
-5.20417
-5.20262
-5.201
-5.19918
-5.19714
-5.1949
-5.19307
-5.19103
-5.18879
-5.1868
-5.18477
-5.18285
-5.18104
-5.17874
-5.17656
-5.17419
-5.17193
-5.16965
-5.16719
-5.16486
-5.1625
-5.15996
-5.15726
-5.15499
-5.1527
-5.15039
-5.14807
-5.14558
-5.14278
-5.14057
-5.13805
-5.13536
-5.13267
-5.13011
-5.12725
-5.12483
-5.12225
-5.11952
-5.11708
-5.11433
-5.11173
-5.10912
-5.1068
-5.10433
-5.10216
-5.09922
-5.09673
-5.09424
-5.09144
-5.08893
-5.08642
-5.0839
-5.08123
-5.07855
-5.07586
-5.07316
-5.07061
-5.06806
-5.06549
-5.06292
-5.06035
-5.05746
-5.05457
-5.05167
-5.04876
-5.046
-5.04338
-5.04076
-5.03858
-5.03625
-5.03331
-5.03051
-5.02756
-5.02461
-5.0218
-5.01883
-5.01632
-5.01305
-5.01023
-5.00757
-5.00475
-5.00208
-4.99911
-4.99644
-4.99333
-4.99022
-4.98741
-4.98446
-4.98167
-4.97889
-4.97611
-4.9735
-4.97105
-4.96831
-4.96544
-4.96273
-4.96034
-4.95782
-4.95486
-4.95193
-4.94947
-4.94704
-4.94448
-4.94195
-4.9396
-4.93728
-4.93484
-4.93289
-4.93052
-4.92864
-4.9262
-4.92364
-4.92128
-4.91911
-4.91684
-4.91506
-4.91303
-4.91105
-4.90942
-4.90739
-4.90587
-4.9041
-4.90254
-4.90103
-4.89943
-4.8979
-4.89657
-4.895
-4.89349
-4.89234
-4.89081
-4.88948
-4.88807
-4.88702
-4.88618
-4.88526
-4.88454
-4.88358
-4.88299
-4.88245
-4.88196
-4.88154
-4.88101
-4.88054
-4.88073
-4.88021
-4.87989
-4.87961
-4.87923
-4.87874
-4.87859
-4.87848
-4.87811
-4.87822
-4.87822
-4.87855
-4.87831
-4.87825
-4.87822
-4.87837
-4.8787
-4.87875
-4.87943
-4.87984
-4.88012
-4.88042
-4.88091
-4.88111
-4.88149
-4.8819
-4.88234
-4.8825
-4.88299
-4.88351
-4.88406
-4.88464
-4.88525
-4.8862
-4.88703
-4.88774
-4.88834
-4.88897
-4.88934
-4.88975
-4.89064
-4.89157
-4.89254
-4.89354
-4.89458
-4.89551
-4.89662
-4.89761
-4.89818
-4.89938
-4.90077
-4.90233
-4.90377
-4.90508
-4.90671
-4.9079
-4.90926
-4.91063
-4.91201
-4.9134
-4.91448
-4.91602
-4.9174
-4.91802
-4.91938
-4.92058
-4.92175
-4.92291
-4.92435
-4.92439
-4.92577
-4.92696
-4.92797
-4.92909
-4.92986
-4.93089
-4.93188
-4.93282
-4.93372
-4.93486
-4.93566
-4.93626
-4.93696
-4.93761
-4.93837
-4.93908
-4.9396
-4.94008
-4.94067
-4.94077
-4.94115
-4.94166
-4.942
-4.94232
-4.94264
-4.94296
-4.94343
-4.94392
-4.94414
-4.94438
-4.94497
-4.94576
-4.94631
-4.94693
-4.94733
-4.94842
-4.949
-4.95
-4.95112
-4.95251
-4.95389
-4.95541
-4.95693
-4.95937
-4.96121
-4.96352
-4.96615
-4.9685
-4.97117
-4.97432
-4.97734
-4.98038
-4.98374
-4.9874
-4.99108
-4.99474
-4.99855
-5.00279
-5.00745
-5.01162
-5.01604
-5.02039
-5.02482
-5.02976
-5.03475
-5.03932
-5.04452
-5.04942
-5.05417
-5.0589
-5.0636
-5.06887
-5.07317
-5.07771
-5.08218
-5.08671
-5.09099
-5.09548
-5.09955
-5.1032
-5.10687
-5.11041
-5.11412
-5.11738
-5.12065
-5.12361
-5.12703
-5.12984
-5.13219
-5.13498
-5.13732
-5.13964
-5.1415
-5.14335
-5.14519
-5.14672
-5.14793
-5.14929
-5.1499
-5.15125
-5.15185
-5.15244
-5.1532
-5.1532
-5.15321
-5.15353
-5.15326
-5.15301
-5.15292
-5.1524
-5.15176
-5.1513
-5.15026
-5.14925
-5.14814
-5.1469
-5.14556
-5.14412
-5.14257
-5.14078
-5.13889
-5.13705
-5.13513
-5.13312
-5.13132
-5.12915
-5.12689
-5.12456
-5.12171
-5.11908
-5.11639
-5.11394
-5.11113
-5.10811
-5.10548
-5.10281
-5.10008
-5.09731
-5.09479
-5.09179
-5.08859
-5.08551
-5.08254
-5.07925
-5.07608
-5.07274
-5.06967
-5.06614
-5.0632
-5.05965
-5.05654
-5.05312
-5.05016
-5.04675
-5.04319
-5.03994
-5.03671
-5.03349
-5.03029
-5.02712
-5.02412
-5.02116
-5.01792
-5.01487
-5.01156
-5.00829
-5.00523
-5.00221
-4.99924
-4.99619
-4.99334
-4.99101
-4.98845
-4.98595
-4.98338
-4.98104
-4.97923
-4.97705
-4.97465
-4.97279
-4.97102
-4.9692
-4.96762
-4.96598
-4.96445
-4.96301
-4.96199
-4.96061
-4.95918
-4.95817
-4.95726
-4.95632
-4.95563
-4.95505
-4.95443
-4.95408
-4.95368
-4.95355
-4.95337
-4.95361
-4.9538
-4.95425
-4.95451
-4.95532
-4.95579
-4.95636
-4.95732
-4.95839
-4.95895
-4.9599
-4.96125
-4.96238
-4.96389
-4.96503
-4.96656
-4.96785
-4.96937
-4.97111
-4.97275
-4.97461
-4.97698
-4.97895
-4.98112
-4.98272
-4.98497
-4.98711
-4.98958
-4.99132
-4.99323
-4.99562
-4.99818
-5.00045
-5.00287
-5.00485
-5.00698
-5.0091
-5.01137
-5.01377
-5.01586
-5.01809
-5.02029
-5.02278
-5.02478
-5.02705
-5.02914
-5.0315
-5.03352
-5.03565
-5.03773
-5.03977
-5.04177
-5.04371
-5.04545
-5.04714
-5.04892
-5.0505
-5.05187
-5.05333
-5.05503
-5.05637
-5.0581
-5.05916
-5.0603
-5.06138
-5.06223
-5.06317
-5.06404
-5.06498
-5.06601
-5.06696
-5.06753
-5.06788
-5.06831
-5.06866
-5.06893
-5.06897
-5.06924
-5.06927
-5.06908
-5.06895
-5.06905
-5.06861
-5.06854
-5.06808
-5.06739
-5.06662
-5.06592
-5.06544
-5.06503
-5.06408
-5.06304
-5.06193
-5.06073
-5.0596
-5.05839
-5.0568
-5.05528
-5.05353
-5.05215
-5.0504
-5.04826
-5.04636
-5.04423
-5.04234
-5.04022
-5.03818
-5.03593
-5.03331
-5.03047
-5.02803
-5.02553
-5.02297
-5.02021
-5.01769
-5.01483
-5.01192
-5.00897
-5.00598
-5.0031
-5.00004
-4.9971
-4.99413
-4.99114
-4.98813
-4.98495
-4.98205
-4.97885
-4.97579
-4.97289
-4.96967
-4.96662
-4.96372
-4.96084
-4.95812
-4.95497
-4.95199
-4.94874
-4.94597
-4.94293
-4.93993
-4.93728
-4.93451
-4.9318
-4.92929
-4.92653
-4.92367
-4.92148
-4.91906
-4.91639
-4.91395
-4.91188
-4.90943
-4.90721
-4.90537
-4.90392
-4.90194
-4.9002
-4.89885
-4.89729
-4.89626
-4.89488
-4.89374
-4.89224
-4.89114
-4.89013
-4.88922
-4.88781
-4.88694
-4.88647
-4.8861
-4.88582
-4.88549
-4.88526
-4.88497
-4.88478
-4.88498
-4.88527
-4.88566
-4.88599
-4.88641
-4.88706
-4.8875
-4.88817
-4.88908
-4.89022
-4.89129
-4.89213
-4.89259
-4.89373
-4.89509
-4.89652
-4.89831
-4.89971
-4.90116
-4.90237
-4.90394
-4.90555
-4.90736
-4.90877
-4.91051
-4.91229
-4.91426
-4.91611
-4.91813
-4.92003
-4.92196
-4.92405
-4.92616
-4.92828
-4.92995
-4.93164
-4.93363
-4.93546
-4.9373
-4.93943
-4.94111
-4.94322
-4.94486
-4.9468
-4.94871
-4.95075
-4.95261
-4.9549
-4.9567
-4.95893
-4.96051
-4.96221
-4.96387
-4.96548
-4.96674
-4.96811
-4.96928
-4.97084
-4.97236
-4.97381
-4.97521
-4.9764
-4.97768
-4.97874
-4.97974
-4.98067
-4.98168
-4.98232
-4.98289
-4.9837
-4.98428
-4.98478
-4.98537
-4.98542
-4.98571
-4.98622
-4.98651
-4.98643
-4.98657
-4.98649
-4.98634
-4.98597
-4.98522
-4.98487
-4.98429
-4.98365
-4.9834
-4.98249
-4.98196
-4.98124
-4.98076
-4.98008
-4.97889
-4.97782
-4.977
-4.97599
-4.97509
-4.97416
-4.9729
-4.97191
-4.9709
-4.96926
-4.96806
-4.96669
-4.9653
-4.96421
-4.96281
-4.96156
-4.96031
-4.9589
-4.95766
-4.95657
-4.95533
-4.95396
-4.9526
-4.95156
-4.94978
-4.94863
-4.94749
-4.94638
-4.94544
-4.94438
-4.94364
-4.94218
-4.94135
-4.9401
-4.93917
-4.93813
-4.93742
-4.93675
-4.93611
-4.93535
-4.93462
-4.93348
-4.93283
-4.93221
-4.93162
-4.93108
-4.93042
-4.92994
-4.92951
-4.92896
-4.92891
-4.92859
-4.92862
-4.92838
-4.92803
-4.92772
-4.92776
-4.92768
-4.9278
-4.92766
-4.92755
-4.92734
-4.92762
-4.9281
-4.92816
-4.92826
-4.92886
-4.92919
-4.92956
-4.93012
-4.93041
-4.93075
-4.93142
-4.93182
-4.93225
-4.93287
-4.93382
-4.93451
-4.93537
-4.9361
-4.93672
-4.93766
-4.93862
-4.93961
-4.94001
-4.94119
-4.94238
-4.94298
-4.94345
-4.94378
-4.94457
-4.94552
-4.94663
-4.94759
-4.94825
-4.94921
-4.95018
-4.95098
-4.95194
-4.95289
-4.95352
-4.95445
-4.95522
-4.95628
-4.95717
-4.95805
-4.95861
-4.95945
-4.96042
-4.96152
-4.96245
-4.96321
-4.96394
-4.96495
-4.96594
-4.96644
-4.96707
-4.96752
-4.96795
-4.9685
-4.96917
-4.96981
-4.97027
-4.97041
-4.97067
-4.97105
-4.97126
-4.97159
-4.9722
-4.97248
-4.97274
-4.97267
-4.97289
-4.97309
-4.97296
-4.97327
-4.97372
-4.97369
-4.97381
-4.97391
-4.97415
-4.97409
-4.97432
-4.97454
-4.97476
-4.97452
-4.97428
-4.9742
-4.97426
-4.97404
-4.97381
-4.97329
-4.97309
-4.97319
-4.97361
-4.97329
-4.97328
-4.97359
-4.97392
-4.97412
-4.97463
-4.97457
-4.97437
-4.97496
-4.97496
-4.97559
-4.97564
-4.97632
-4.97687
-4.9773
-4.97806
-4.97854
-4.9792
-4.97973
-4.97998
-4.98072
-4.98133
-4.98196
-4.98231
-4.98315
-4.98415
-4.98458
-4.98517
-4.98594
-4.98673
-4.98769
-4.98866
-4.9895
-4.99035
-4.99106
-4.99209
-4.99312
-4.99371
-4.99475
-4.99565
-4.99625
-4.99729
-4.99819
-4.99938
-4.99996
-5.00054
-5.00095
-5.0015
-5.00234
-5.00316
-5.00397
-5.00505
-5.00612
-5.00761
-5.00848
-5.00916
-5.00997
-5.0106
-5.01135
-5.01192
-5.01245
-5.01294
-5.01325
-5.01382
-5.01451
-5.01471
-5.01517
-5.01529
-5.01537
-5.01541
-5.01557
-5.01569
-5.01577
-5.01551
-5.01567
-5.01564
-5.01558
-5.01564
-5.01536
-5.01521
-5.01503
-5.01498
-5.0146
-5.01421
-5.0144
-5.01427
-5.01398
-5.01353
-5.01338
-5.01277
-5.01262
-5.01216
-5.01172
-5.01143
-5.01101
-5.01106
-5.01068
-5.01047
-5.01043
-5.01043
-5.01031
-5.01007
-5.01017
-5.01
-5.00988
-5.0098
-5.00962
-5.00948
-5.00954
-5.0095
-5.00981
-5.01002
-5.01058
-5.01119
-5.0117
-5.01195
-5.01271
-5.01381
-5.0148
-5.01538
-5.01615
-5.01681
-5.01795
-5.01867
-5.01942
-5.0208
-5.0216
-5.02242
-5.02325
-5.02424
-5.02493
-5.02548
-5.02678
-5.02778
-5.02876
-5.02989
-5.03099
-5.03238
-5.03345
-5.03418
-5.03488
-5.03585
-5.03648
-5.03767
-5.03852
-5.03902
-5.03931
-5.04016
-5.04065
-5.04123
-5.04115
-5.04192
-5.04217
-5.04266
-5.04293
-5.04298
-5.04311
-5.04303
-5.04287
-5.04265
-5.04235
-5.04199
-5.0417
-5.0412
-5.04062
-5.03982
-5.03941
-5.03864
-5.03764
-5.03644
-5.03547
-5.03445
-5.03322
-5.03208
-5.03075
-5.02951
-5.02884
-5.02753
-5.02632
-5.02509
-5.02397
-5.02268
-5.02122
-5.0196
-5.01796
-5.01616
-5.01451
-5.01301
-5.01121
-5.00973
-5.00766
-5.00575
-5.00402
-5.00232
-5.00095
-4.99946
-4.99786
-4.9969
-4.99538
-4.99436
-4.99369
-4.99293
-4.99221
-4.99125
-4.99019
-4.98948
-4.98823
-4.9875
-4.98651
-4.98589
-4.98517
-4.98496
-4.98451
-4.98427
-4.98378
-4.98349
-4.9834
-4.98307
-4.98278
-4.9824
-4.98236
-4.98237
-4.98212
-4.98222
-4.98236
-4.98254
-4.98276
-4.98302
-4.98332
-4.98381
-4.98433
-4.98474
-4.98549
-4.98612
-4.98664
-4.98749
-4.98777
-4.98868
-4.98963
-4.99046
-4.99132
-4.9922
-4.99327
-4.99422
-4.99504
-4.99588
-4.99675
-4.9975
-4.99841
-4.99935
-5.00046
-5.00113
-5.00197
-5.00312
-5.00398
-5.00501
-5.00634
-5.00723
-5.00812
-5.00932
-5.01066
-5.01155
-5.01243
-5.01345
-5.01446
-5.0156
-5.01628
-5.01724
-5.01803
-5.01894
-5.01998
-5.02129
-5.02226
-5.0223
-5.02275
-5.02347
-5.02429
-5.02492
-5.02581
-5.0265
-5.027
-5.02759
-5.02798
-5.02817
-5.02845
-5.02868
-5.0287
-5.02911
-5.02917
-5.02947
-5.02956
-5.02914
-5.02896
-5.02888
-5.02888
-5.02853
-5.02857
-5.02825
-5.02757
-5.02669
-5.0262
-5.02566
-5.02491
-5.02411
-5.0231
-5.0219
-5.02095
-5.01995
-5.01876
-5.01767
-5.017
-5.01568
-5.01433
-5.01309
-5.01197
-5.01067
-5.00949
-5.00799
-5.00676
-5.00537
-5.0038
-5.00267
-5.00093
-4.99963
-4.99803
-4.99657
-4.99511
-4.99351
-4.99206
-4.99093
-4.98981
-4.9884
-4.98702
-4.98581
-4.98447
-4.98316
-4.98158
-4.98035
-4.9796
-4.97814
-4.97703
-4.97597
-4.97481
-4.97371
-4.97296
-4.97228
-4.97181
-4.97126
-4.97077
-4.9702
-4.96971
-4.96914
-4.96879
-4.96852
-4.96833
-4.96837
-4.96804
-4.96779
-4.96792
-4.96813
-4.96858
-4.96926
-4.96956
-4.96979
-4.97025
-4.97109
-4.97186
-4.97299
-4.97405
-4.97518
-4.97638
-4.97748
-4.9788
-4.97973
-4.98101
-4.9825
-4.98433
-4.98591
-4.98753
-4.98874
-4.99029
-4.99187
-4.99347
-4.9951
-4.9966
-4.99841
-4.99979
-5.00132
-5.00302
-5.00456
-5.00686
-5.0087
-5.01053
-5.01205
-5.01386
-5.01566
-5.01728
-5.01888
-5.02061
-5.02216
-5.02368
-5.02518
-5.02649
-5.02761
-5.02915
-5.03066
-5.03212
-5.0334
-5.03479
-5.03583
-5.03668
-5.03779
-5.03916
-5.04048
-5.04146
-5.04209
-5.04298
-5.04397
-5.04446
-5.04506
-5.04577
-5.04627
-5.04674
-5.04715
-5.04767
-5.04829
-5.04826
-5.04864
-5.04881
-5.04925
-5.04948
-5.04937
-5.04936
-5.04915
-5.0495
-5.0498
-5.04989
-5.04994
-5.04979
-5.04973
-5.04948
-5.04902
-5.04852
-5.04826
-5.04781
-5.0473
-5.0469
-5.04599
-5.04564
-5.04494
-5.04418
-5.04338
-5.04254
-5.04149
-5.04086
-5.04018
-5.03932
-5.03811
-5.03686
-5.03558
-5.03456
-5.03322
-5.032
-5.03105
-5.02979
-5.02835
-5.02704
-5.02558
-5.02425
-5.02308
-5.02159
-5.02027
-5.01895
-5.01779
-5.01649
-5.01537
-5.01397
-5.01289
-5.01155
-5.01039
-5.00883
-5.00776
-5.00658
-5.00561
-5.00485
-5.00415
-5.00321
-5.00219
-5.00169
-5.00127
-5.00108
-5.00066
-5.00062
-5.00022
-5.00005
-4.99997
-4.99983
-5.00008
-5.00027
-5.00009
-5.00061
-5.00106
-5.00176
-5.00285
-5.00327
-5.00407
-5.00526
-5.00608
-5.00698
-5.0078
-5.009
-5.01042
-5.01175
-5.01284
-5.01444
-5.01594
-5.01764
-5.01939
-5.02102
-5.02284
-5.02454
-5.02656
-5.0283
-5.02991
-5.03167
-5.03328
-5.03489
-5.03649
-5.03823
-5.03995
-5.04165
-5.04332
-5.0451
-5.04655
-5.0481
-5.04961
-5.05136
-5.05246
-5.05411
-5.05569
-5.05706
-5.05776
-5.05868
-5.06014
-5.06108
-5.06163
-5.06225
-5.06295
-5.06357
-5.0641
-5.06486
-5.06539
-5.06584
-5.06606
-5.0665
-5.06656
-5.0664
-5.06632
-5.06617
-5.06595
-5.06597
-5.06532
-5.06521
-5.06536
-5.06485
-5.06444
-5.06384
-5.06349
-5.06296
-5.06255
-5.0618
-5.06118
-5.06024
-5.05972
-5.05905
-5.05805
-5.0572
-5.05605
-5.05519
-5.05417
-5.05332
-5.05246
-5.0513
-5.05016
-5.04916
-5.04818
-5.04736
-5.04654
-5.04604
-5.04509
-5.04476
-5.04398
-5.04336
-5.04244
-5.04183
-5.04123
-5.04017
-5.03958
-5.03883
-5.03838
-5.03717
-5.03627
-5.03566
-5.0349
-5.03397
-5.03304
-5.0324
-5.03175
-5.03079
-5.03011
-5.02942
-5.02887
-5.02785
-5.02697
-5.02592
-5.025
-5.02377
-5.02267
-5.02155
-5.02042
-5.01912
-5.01781
-5.01678
-5.01574
-5.01484
-5.01377
-5.01254
-5.01144
-5.00988
-5.00892
-5.0081
-5.00666
-5.00597
-5.00482
-5.00366
-5.00249
-5.00117
-4.99984
-4.99895
-4.99777
-4.99612
-4.99508
-4.99404
-4.99299
-4.99164
-4.99059
-4.98939
-4.98819
-4.98715
-4.9858
-4.98461
-4.98372
-4.98239
-4.98091
-4.97988
-4.97871
-4.97785
-4.97655
-4.9754
-4.97425
-4.97312
-4.972
-4.97058
-4.96978
-4.96839
-4.96731
-4.96639
-4.96534
-4.96445
-4.96328
-4.96197
-4.96129
-4.96002
-4.95922
-4.95814
-4.95738
-4.9562
-4.95564
-4.95495
-4.95399
-4.95351
-4.95275
-4.95187
-4.95162
-4.9505
-4.94971
-4.94894
-4.94837
-4.94797
-4.9473
-4.94682
-4.94637
-4.9461
-4.94541
-4.94491
-4.94474
-4.94475
-4.94449
-4.94426
-4.94437
-4.94405
-4.94392
-4.94381
-4.94403
-4.94413
-4.9441
-4.94379
-4.94381
-4.944
-4.94421
-4.94428
-4.94468
-4.94493
-4.94505
-4.94533
-4.94577
-4.94577
-4.94607
-4.94638
-4.94638
-4.94654
-4.94655
-4.94655
-4.947
-4.9473
-4.94728
-4.94756
-4.94738
-4.94733
-4.94772
-4.94749
-4.9477
-4.9479
-4.94807
-4.94823
-4.94806
-4.94788
-4.94797
-4.94819
-4.94824
-4.94781
-4.94781
-4.94764
-4.94729
-4.94707
-4.94638
-4.94611
-4.94597
-4.94566
-4.94547
-4.94495
-4.94487
-4.94462
-4.94434
-4.94389
-4.94343
-4.94264
-4.94229
-4.94162
-4.94108
-4.94053
-4.94027
-4.93954
-4.93926
-4.93851
-4.93776
-4.9373
-4.93684
-4.93607
-4.93529
-4.93437
-4.93375
-4.93329
-4.93282
-4.93222
-4.93192
-4.93148
-4.93076
-4.93005
-4.92965
-4.92882
-4.92832
-4.92768
-4.92737
-4.92709
-4.92669
-4.92601
-4.92582
-4.92552
-4.9257
-4.92532
-4.92529
-4.9253
-4.92475
-4.92471
-4.92471
-4.92462
-4.92458
-4.92475
-4.92528
-4.92556
-4.92591
-4.92663
-4.92726
-4.92795
-4.92826
-4.92894
-4.93014
-4.93127
-4.93247
-4.93374
-4.93493
-4.93604
-4.93708
-4.93834
-4.93983
-4.94139
-4.94272
-4.94413
-4.94591
-4.94761
-4.94939
-4.95093
-4.9527
-4.95483
-4.95688
-4.959
-4.96134
-4.96358
-4.96588
-4.9684
-4.97097
-4.97345
-4.97582
-4.9781
-4.98057
-4.98309
-4.9855
-4.9881
-4.99103
-4.994
-4.99716
-4.99958
-5.00248
-5.0054
-5.00834
-5.01099
-5.01396
-5.01678
-5.02021
-5.02288
-5.02555
-5.02852
-5.03073
-5.03352
-5.03615
-5.03937
-5.04211
-5.04498
-5.04797
-5.05047
-5.05309
-5.05537
-5.05806
-5.06071
-5.06331
-5.06586
-5.06852
-5.07096
-5.07306
-5.07554
-5.07797
-5.08019
-5.08219
-5.08427
-5.08629
-5.08839
-5.09028
-5.0921
-5.09369
-5.09567
-5.09712
-5.09865
-5.09981
-5.10105
-5.10192
-5.10317
-5.1042
-5.10531
-5.10666
-5.10733
-5.1081
-5.10925
-5.10989
-5.11062
-5.11144
-5.11191
-5.11262
-5.11299
-5.11315
-5.11342
-5.11396
-5.1143
-5.11476
-5.11488
-5.11528
-5.11551
-5.11571
-5.11589
-5.11621
-5.11637
-5.11652
-5.11667
-5.11681
-5.11711
-5.11712
-5.11698
-5.11715
-5.11733
-5.11799
-5.11776
-5.118
-5.11826
-5.1184
-5.11871
-5.11935
-5.11957
-5.11996
-5.12038
-5.12098
-5.1216
-5.1221
-5.12232
-5.12301
-5.12358
-5.12431
-5.12461
-5.12553
-5.12615
-5.12663
-5.12727
-5.12791
-5.12854
-5.12917
-5.12979
-5.1304
-5.13083
-5.1314
-5.13194
-5.1326
-5.13293
-5.13276
-5.13331
-5.13321
-5.13382
-5.13392
-5.13427
-5.13486
-5.13479
-5.1348
-5.13505
-5.13538
-5.13504
-5.13447
-5.13427
-5.1334
-5.1329
-5.13248
-5.13168
-5.13079
-5.12998
-5.12909
-5.12828
-5.12723
-5.12626
-5.12521
-5.12409
-5.12289
-5.12147
-5.12013
-5.11827
-5.11649
-5.1151
-5.1138
-5.11199
-5.10981
-5.10758
-5.1056
-5.10372
-5.10134
-5.09937
-5.0969
-5.09485
-5.09231
-5.09004
-5.08743
-5.08495
-5.0826
-5.08022
-5.07783
-5.07542
-5.07284
-5.0701
-5.06827
-5.06567
-5.06293
-5.06048
-5.05789
-5.05576
-5.05379
-5.05123
-5.04884
-5.04646
-5.04425
-5.04162
-5.0393
-5.03671
-5.03461
-5.03207
-5.02957
-5.02741
-5.02543
-5.02333
-5.02112
-5.0191
-5.01697
-5.01502
-5.01296
-5.01094
-5.00911
-5.00716
-5.00541
-5.00384
-5.00216
-5.00051
-4.99905
-4.99748
-4.99624
-4.99458
-4.99325
-4.9918
-4.99037
-4.98883
-4.9876
-4.98641
-4.98508
-4.98393
-4.98264
-4.98137
-4.98012
-4.97888
-4.9775
-4.97675
-4.97554
-4.9745
-4.97332
-4.97245
-4.97174
-4.97073
-4.96882
-4.96782
-4.96638
-4.96539
-4.96425
-4.96297
-4.96184
-4.96057
-4.95945
-4.95848
-4.95767
-4.95656
-4.95561
-4.95481
-4.95372
-4.95263
-4.9517
-4.95048
-4.94912
-4.94822
-4.94703
-4.94601
-4.9453
-4.94447
-4.94365
-4.94269
-4.94177
-4.94132
-4.94014
-4.93914
-4.93848
-4.93786
-4.93681
-4.93612
-4.93531
-4.9344
-4.93384
-4.93319
-4.93274
-4.93235
-4.93218
-4.93178
-4.93175
-4.93179
-4.93237
-4.93242
-4.93257
-4.9328
-4.93313
-4.93385
-4.93438
-4.93531
-4.9362
-4.9369
-4.93787
-4.9391
-4.9403
-4.94193
-4.94338
-4.94556
-4.94711
-4.94909
-4.95104
-4.95313
-4.95504
-4.95738
-4.9597
-4.96184
-4.96411
-4.96755
-4.97052
-4.97375
-4.97634
-4.9801
-4.98381
-4.98732
-4.99063
-4.99449
-4.99858
-5.00246
-5.00671
-5.01059
-5.01513
-5.01928
-5.02318
-5.02743
-5.03172
-5.03635
-5.04055
-5.04507
-5.04915
-5.05354
-5.05824
-5.06308
-5.06745
-5.07181
-5.07614
-5.08074
-5.085
-5.08907
-5.09279
-5.0969
-5.10096
-5.1051
-5.10903
-5.11272
-5.11619
-5.12002
-5.12331
-5.12681
-5.13037
-5.13352
-5.13671
-5.13965
-5.14262
-5.14578
-5.14868
-5.15145
-5.15379
-5.15632
-5.15856
-5.16068
-5.16236
-5.16436
-5.16638
-5.16811
-5.16955
-5.17101
-5.17203
-5.17291
-5.17365
-5.17426
-5.17503
-5.17536
-5.176
-5.17636
-5.17644
-5.17652
-5.17603
-5.1757
-5.1754
-5.17451
-5.17366
-5.17267
-5.17218
-5.17141
-5.17007
-5.16877
-5.16706
-5.16585
-5.16423
-5.16206
-5.16024
-5.15833
-5.15618
-5.15394
-5.15162
-5.14983
-5.14736
-5.14512
-5.14297
-5.1403
-5.13757
-5.13449
-5.13196
-5.12953
-5.12676
-5.12396
-5.12112
-5.11795
-5.11505
-5.11213
-5.1092
-5.10625
-5.1033
-5.10004
-5.09677
-5.09397
-5.09101
-5.08822
-5.08545
-5.08253
-5.07964
-5.07692
-5.07393
-5.07096
-5.06833
-5.06558
-5.06287
-5.06004
-5.05741
-5.05467
-5.05212
-5.04932
-5.04687
-5.04447
-5.04212
-5.03966
-5.03741
-5.03552
-5.03337
-5.03143
-5.02939
-5.02756
-5.02548
-5.02375
-5.02192
-5.02014
-5.01826
-5.01658
-5.01435
-5.01337
-5.01153
-5.01003
-5.00858
-5.00671
-5.00564
-5.00446
-5.00286
-5.00144
-5.0002
-4.99915
-4.99796
-4.99681
-4.99583
-4.99456
-4.99332
-4.99209
-4.99088
-4.98998
-4.98894
-4.98776
-4.9869
-4.98604
-4.98533
-4.98418
-4.98303
-4.98218
-4.98103
-4.98018
-4.97934
-4.97804
-4.97688
-4.97603
-4.97488
-4.97387
-4.97256
-4.97124
-4.97008
-4.96907
-4.9679
-4.96658
-4.96526
-4.96425
-4.96339
-4.96238
-4.96153
-4.96038
-4.95938
-4.95855
-4.95757
-4.9566
-4.95564
-4.95469
-4.9536
-4.95283
-4.95178
-4.95104
-4.95017
-4.94977
-4.94894
-4.94858
-4.94765
-4.94643
-4.94554
-4.94498
-4.94429
-4.94378
-4.94346
-4.9427
-4.94243
-4.94189
-4.94138
-4.94091
-4.94092
-4.94051
-4.94029
-4.9398
-4.93964
-4.93953
-4.9393
-4.93911
-4.93896
-4.93855
-4.93863
-4.93875
-4.93816
-4.93821
-4.93816
-4.93814
-4.93832
-4.9387
-4.93897
-4.93943
-4.93964
-4.93959
-4.94003
-4.94038
-4.94107
-4.9415
-4.94273
-4.9434
-4.94427
-4.94503
-4.94568
-4.94668
-4.94712
-4.94804
-4.94886
-4.95017
-4.95121
-4.95228
-4.95324
-4.95422
-4.95554
-4.95658
-4.9578
-4.95964
-4.9615
-4.96293
-4.96391
-4.96506
-4.96606
-4.96737
-4.96898
-4.97029
-4.97175
-4.97304
-4.97478
-4.97605
-4.97731
-4.97825
-4.97901
-4.98005
-4.98077
-4.98206
-4.98331
-4.98424
-4.98543
-4.98613
-4.98709
-4.98817
-4.9889
-4.98974
-4.99069
-4.9916
-4.99216
-4.99283
-4.99315
-4.99373
-4.99427
-4.99461
-4.99491
-4.99547
-4.996
-4.99648
-4.99693
-4.9972
-4.99758
-4.99778
-4.99795
-4.99795
-4.99807
-4.99801
-4.99809
-4.998
-4.99805
-4.99779
-4.99797
-4.998
-4.99817
-4.9979
-4.99763
-4.99782
-4.99772
-4.99808
-4.99861
-4.99857
-4.99854
-4.99884
-4.99871
-4.99877
-4.99947
-4.99945
-5.00007
-5.00044
-5.00099
-5.00114
-5.00195
-5.00235
-5.00295
-5.00376
-5.00432
-5.00478
-5.00561
-5.00664
-5.00713
-5.00782
-5.00888
-5.01
-5.01133
-5.01256
-5.01401
-5.01537
-5.01678
-5.01779
-5.01947
-5.0212
-5.02269
-5.02468
-5.02627
-5.02806
-5.03005
-5.03193
-5.03371
-5.03583
-5.03785
-5.0399
-5.04198
-5.0444
-5.0464
-5.04858
-5.05049
-5.05272
-5.05497
-5.05754
-5.05998
-5.06258
-5.06504
-5.06705
-5.06952
-5.07184
-5.07432
-5.07679
-5.07895
-5.08095
-5.08264
-5.08492
-5.08703
-5.08897
-5.09119
-5.09324
-5.09571
-5.0977
-5.10011
-5.10204
-5.10393
-5.10608
-5.10819
-5.11011
-5.11199
-5.11382
-5.11591
-5.11764
-5.11933
-5.12157
-5.123
-5.12437
-5.12615
-5.12771
-5.12907
-5.13036
-5.13175
-5.13277
-5.13373
-5.13493
-5.13562
-5.13669
-5.1374
-5.13835
-5.13954
-5.14051
-5.14142
-5.14196
-5.14213
-5.14269
-5.14319
-5.14332
-5.14353
-5.14368
-5.14362
-5.1435
-5.14331
-5.14336
-5.14321
-5.14284
-5.14287
-5.14253
-5.14169
-5.14139
-5.14104
-5.14048
-5.13987
-5.1389
-5.13833
-5.13772
-5.1369
-5.13604
-5.13498
-5.13403
-5.13288
-5.13199
-5.13091
-5.13009
-5.12893
-5.12758
-5.12635
-5.12509
-5.12379
-5.12246
-5.12095
-5.11942
-5.11786
-5.11613
-5.11482
-5.11365
-5.11216
-5.1108
-5.10958
-5.10775
-5.10636
-5.1048
-5.1031
-5.10169
-5.10013
-5.09887
-5.09746
-5.09591
-5.09468
-5.0933
-5.09178
-5.09028
-5.0888
-5.08734
-5.08591
-5.0845
-5.08312
-5.08148
-5.08017
-5.07891
-5.07738
-5.07606
-5.07523
-5.07431
-5.07314
-5.07233
-5.07143
-5.0706
-5.06998
-5.06929
-5.06881
-5.06841
-5.06809
-5.06769
-5.06723
-5.0673
-5.06731
-5.0668
-5.06683
-5.06711
-5.06762
-5.06807
-5.06831
-5.0691
-5.06998
-5.07065
-5.0708
-5.0718
-5.07258
-5.0736
-5.07456
-5.0759
-5.07701
-5.07866
-5.08008
-5.08143
-5.08329
-5.08507
-5.08646
-5.08821
-5.09001
-5.09187
-5.09437
-5.09631
-5.09829
-5.1006
-5.10218
-5.10394
-5.10633
-5.10842
-5.11083
-5.11279
-5.11475
-5.11701
-5.11912
-5.12121
-5.12314
-5.1255
-5.12708
-5.12909
-5.13106
-5.13316
-5.13492
-5.13664
-5.13876
-5.14069
-5.14227
-5.1438
-5.14558
-5.147
-5.14881
-5.15011
-5.15135
-5.15237
-5.15333
-5.15437
-5.1555
-5.15625
-5.15755
-5.15847
-5.15917
-5.1598
-5.16051
-5.16084
-5.16126
-5.16176
-5.16203
-5.16254
-5.16283
-5.16276
-5.16246
-5.1624
-5.16228
-5.1624
-5.16261
-5.1626
-5.16239
-5.16198
-5.16151
-5.16113
-5.16056
-5.16009
-5.15957
-5.15916
-5.15886
-5.15822
-5.15679
-5.15593
-5.15549
-5.15456
-5.15376
-5.15308
-5.15192
-5.15089
-5.14999
-5.14922
-5.14828
-5.14763
-5.1462
-5.14582
-5.14498
-5.14413
-5.14326
-5.14253
-5.1415
-5.1406
-5.13985
-5.13909
-5.13802
-5.13709
-5.13601
-5.13492
-5.13412
-5.13286
-5.1316
-5.13047
-5.12934
-5.12805
-5.1266
-5.12544
-5.12412
-5.1234
-5.12206
-5.1207
-5.11949
-5.11826
-5.11732
-5.11576
-5.11434
-5.11289
-5.11159
-5.11026
-5.10907
-5.10786
-5.10663
-5.10538
-5.10381
-5.10252
-5.10105
-5.09972
-5.09821
-5.09669
-5.09529
-5.09402
-5.09258
-5.09112
-5.08963
-5.08828
-5.08676
-5.08507
-5.08352
-5.08165
-5.07976
-5.07815
-5.07639
-5.07476
-5.07313
-5.07134
-5.06969
-5.06789
-5.06578
-5.06397
-5.06202
-5.06037
-5.05873
-5.0571
-5.05519
-5.05313
-5.05125
-5.04969
-5.048
-5.04619
-5.04455
-5.0425
-5.04078
-5.03925
-5.03792
-5.03677
-5.03537
-5.03417
-5.03287
-5.03163
-5.03074
-5.0293
-5.02808
-5.02707
-5.02612
-5.02554
-5.02517
-5.02457
-5.02374
-5.02313
-5.02258
-5.02211
-5.0211
-5.02076
-5.02064
-5.02013
-5.02029
-5.02022
-5.02051
-5.02056
-5.02051
-5.02053
-5.02074
-5.02086
-5.02103
-5.02154
-5.02195
-5.02239
-5.02302
-5.02367
-5.02451
-5.02507
-5.02565
-5.0264
-5.02716
-5.02762
-5.02839
-5.02901
-5.02962
-5.03037
-5.03082
-5.03139
-5.03195
-5.03264
-5.03285
-5.03333
-5.03378
-5.03419
-5.03442
-5.03491
-5.03521
-5.03546
-5.03582
-5.03613
-5.03579
-5.03556
-5.03558
-5.03569
-5.03561
-5.03579
-5.03576
-5.03553
-5.03495
-5.03448
-5.03412
-5.03386
-5.03356
-5.03307
-5.03239
-5.03197
-5.03137
-5.03073
-5.03037
-5.02998
-5.02896
-5.02822
-5.02761
-5.02668
-5.02574
-5.02493
-5.02397
-5.02314
-5.02277
-5.02193
-5.0211
-5.02041
-5.01957
-5.01889
-5.01806
-5.01739
-5.01688
-5.01607
-5.01497
-5.01418
-5.0134
-5.01263
-5.01202
-5.01111
-5.01037
-5.0101
-5.00923
-5.00837
-5.00767
-5.00698
-5.0063
-5.00609
-5.00528
-5.00493
-5.00429
-5.00381
-5.00335
-5.00258
-5.00213
-5.00154
-5.00081
-5.00024
-4.99953
-4.99929
-4.99831
-4.99779
-4.99713
-4.9968
-4.99633
-4.99588
-4.9956
-4.99503
-4.99464
-4.99443
-4.99423
-4.99377
-4.99348
-4.99337
-4.99299
-4.99264
-4.99263
-4.99219
-4.99225
-4.99219
-4.99216
-4.99218
-4.99208
-4.99202
-4.99215
-4.99202
-4.99193
-4.99233
-4.99277
-4.99325
-4.99347
-4.99387
-4.99447
-4.9948
-4.99517
-4.99542
-4.99601
-4.99663
-4.99714
-4.99782
-4.99884
-4.99973
-5.00066
-5.00176
-5.00242
-5.00281
-5.00368
-5.00472
-5.00562
-5.00639
-5.00717
-5.00811
-5.00907
-5.00989
-5.01102
-5.01185
-5.01269
-5.01339
-5.01438
-5.01553
-5.01653
-5.01753
-5.01853
-5.01952
-5.02051
-5.02149
-5.02247
-5.02374
-5.02485
-5.0261
-5.02689
-5.02796
-5.02918
-5.02992
-5.03111
-5.03197
-5.03267
-5.0338
-5.03476
-5.03554
-5.03585
-5.0366
-5.03762
-5.03831
-5.03883
-5.03931
-5.04008
-5.04036
-5.04091
-5.04142
-5.0413
-5.04161
-5.04217
-5.04256
-5.0429
-5.04321
-5.04318
-5.04326
-5.0433
-5.04345
-5.04356
-5.04378
-5.04335
-5.04333
-5.04342
-5.04332
-5.04332
-5.04328
-5.04304
-5.04291
-5.04258
-5.04252
-5.04211
-5.0418
-5.04146
-5.04077
-5.04034
-5.03972
-5.0392
-5.03805
-5.03716
-5.03639
-5.03528
-5.03413
-5.03371
-5.0328
-5.03171
-5.03075
-5.02961
-5.02874
-5.02741
-5.02605
-5.02467
-5.02358
-5.02278
-5.02167
-5.02039
-5.01896
-5.01753
-5.01639
-5.01526
-5.01428
-5.01316
-5.01219
-5.01109
-5.01045
-5.00953
-5.00832
-5.00744
-5.00628
-5.00529
-5.00433
-5.00341
-5.00297
-5.00211
-5.00099
-5.00036
-4.99947
-4.99877
-4.99812
-4.99752
-4.99712
-4.99632
-4.99602
-4.99548
-4.99499
-4.99456
-4.99434
-4.99448
-4.99439
-4.99405
-4.99392
-4.99402
-4.99447
-4.99469
-4.99497
-4.99532
-4.99633
-4.99711
-4.99765
-4.9981
-4.99877
-4.99965
-5.00059
-5.00144
-5.00235
-5.00317
-5.00389
-5.00528
-5.00612
-5.00731
-5.0087
-5.01
-5.01134
-5.01274
-5.01418
-5.01566
-5.01734
-5.01861
-5.02022
-5.02186
-5.02355
-5.02527
-5.02703
-5.02866
-5.03048
-5.03248
-5.03451
-5.03656
-5.03879
-5.04074
-5.04271
-5.0447
-5.0467
-5.04888
-5.05092
-5.05267
-5.05443
-5.05666
-5.05904
-5.06113
-5.06323
-5.06533
-5.06758
-5.06982
-5.07177
-5.07386
-5.07564
-5.07786
-5.08037
-5.08242
-5.08444
-5.08645
-5.08829
-5.0904
-5.09249
-5.09409
-5.09611
-5.09809
-5.10004
-5.10195
-5.1035
-5.10516
-5.10647
-5.10849
-5.10999
-5.11113
-5.11206
-5.11324
-5.11449
-5.11598
-5.11725
-5.11844
-5.11971
-5.12075
-5.12127
-5.1223
-5.12311
-5.12353
-5.12417
-5.12457
-5.12489
-5.12498
-5.12498
-5.12474
-5.12443
-5.12418
-5.12385
-5.12344
-5.12325
-5.12299
-5.1222
-5.12134
-5.12056
-5.11971
-5.11881
-5.11799
-5.11727
-5.1162
-5.11508
-5.11436
-5.11331
-5.11222
-5.11125
-5.11025
-5.10892
-5.10803
-5.10682
-5.10575
-5.10468
-5.10344
-5.10236
-5.10098
-5.09976
-5.09884
-5.09794
-5.09659
-5.09496
-5.09395
-5.09265
-5.09152
-5.09041
-5.08932
-5.08809
-5.08689
-5.086
-5.08514
-5.08384
-5.08285
-5.08174
-5.08063
-5.07984
-5.07862
-5.07801
-5.0771
-5.07636
-5.07532
-5.0743
-5.07343
-5.07256
-5.07186
-5.071
-5.06985
-5.069
-5.06816
-5.06702
-5.06619
-5.06566
-5.06484
-5.06401
-5.06289
-5.06177
-5.06066
-5.05986
-5.05875
-5.0578
-5.05716
-5.05653
-5.05574
-5.05497
-5.0542
-5.05329
-5.05253
-5.05163
-5.05073
-5.04984
-5.04941
-5.04868
-5.0478
-5.04692
-5.0462
-5.04609
-5.04537
-5.04451
-5.04379
-5.04292
-5.04236
-5.04194
-5.04107
-5.04019
-5.03901
-5.03782
-5.03738
-5.03649
-5.03558
-5.03498
-5.03421
-5.03359
-5.03281
-5.03233
-5.03169
-5.03059
-5.02978
-5.02897
-5.02816
-5.02734
-5.02622
-5.0254
-5.02472
-5.02451
-5.02354
-5.02258
-5.02177
-5.02097
-5.02003
-5.0191
-5.01895
-5.0182
-5.01732
-5.01662
-5.01594
-5.01529
-5.01421
-5.01346
-5.0129
-5.01238
-5.01189
-5.01129
-5.01074
-5.01053
-5.01022
-5.00981
-5.0093
-5.009
-5.0089
-5.00855
-5.00857
-5.00879
-5.00878
-5.00898
-5.00924
-5.00971
-5.0101
-5.0107
-5.01167
-5.01195
-5.01304
-5.01375
-5.01467
-5.01551
-5.01655
-5.01705
-5.01806
-5.01882
-5.02025
-5.02173
-5.02295
-5.02423
-5.02555
-5.02691
-5.02831
-5.0299
-5.03153
-5.03304
-5.03458
-5.03674
-5.03833
-5.04008
-5.04155
-5.04318
-5.04466
-5.04615
-5.0478
-5.04914
-5.05077
-5.05224
-5.05461
-5.0559
-5.05748
-5.05903
-5.06085
-5.06219
-5.06365
-5.06537
-5.06645
-5.06794
-5.06939
-5.07064
-5.07184
-5.07283
-5.07377
-5.0748
-5.07562
-5.07653
-5.07708
-5.07787
-5.07858
-5.07908
-5.07966
-5.08017
-5.08061
-5.08113
-5.08143
-5.08165
-5.08195
-5.08188
-5.08188
-5.08181
-5.08167
-5.08101
-5.08073
-5.08008
-5.07981
-5.07888
-5.07833
-5.07773
-5.07691
-5.07619
-5.07496
-5.07428
-5.07355
-5.07247
-5.07089
-5.07003
-5.06913
-5.06805
-5.06694
-5.0658
-5.06464
-5.06376
-5.06241
-5.06105
-5.05984
-5.05848
-5.05726
-5.05606
-5.05486
-5.05397
-5.0528
-5.05195
-5.05067
-5.04911
-5.04804
-5.04745
-5.04644
-5.04576
-5.04452
-5.04392
-5.04306
-5.04208
-5.04115
-5.04056
-5.03986
-5.03904
-5.03812
-5.03753
-5.03683
-5.03692
-5.03659
-5.03584
-5.03541
-5.03517
-5.03525
-5.03489
-5.03455
-5.03423
-5.03391
-5.03375
-5.0336
-5.03344
-5.03313
-5.03251
-5.03203
-5.03213
-5.03177
-5.03138
-5.03097
-5.03069
-5.03007
-5.02956
-5.02857
-5.02814
-5.02767
-5.027
-5.02659
-5.02629
-5.02503
-5.02417
-5.02326
-5.02229
-5.02097
-5.01974
-5.01846
-5.01758
-5.01648
-5.01533
-5.01412
-5.01211
-5.01018
-5.00896
-5.00769
-5.00621
-5.00468
-5.00295
-5.00133
-4.99905
-4.99733
-4.99512
-4.99316
-4.99132
-4.98945
-4.98738
-4.98559
-4.98331
-4.98101
-4.97899
-4.97664
-4.97443
-4.97235
-4.97011
-4.96786
-4.9656
-4.96334
-4.96123
-4.95897
-4.95672
-4.95463
-4.95225
-4.94989
-4.9477
-4.94568
-4.9434
-4.94129
-4.93938
-4.9375
-4.93552
-4.93358
-4.93154
-4.92986
-4.92794
-4.92638
-4.92489
-4.92332
-4.92167
-4.92025
-4.91861
-4.9169
-4.91574
-4.91481
-4.91383
-4.91265
-4.91186
-4.91103
-4.91061
-4.91013
-4.91022
-4.90997
-4.90953
-4.90965
-4.90973
-4.90992
-4.91022
-4.91018
-4.9107
-4.91118
-4.91236
-4.9135
-4.91444
-4.91533
-4.91631
-4.91768
-4.91915
-4.92084
-4.92246
-4.92431
-4.92592
-4.92745
-4.92904
-4.93083
-4.93266
-4.93454
-4.93645
-4.93839
-4.93991
-4.94174
-4.94359
-4.94575
-4.94776
-4.94991
-4.95161
-4.95359
-4.9554
-4.9575
-4.95986
-4.96174
-4.96373
-4.96569
-4.96744
-4.96945
-4.97111
-4.97272
-4.97442
-4.97576
-4.97688
-4.97795
-4.9794
-4.98079
-4.98211
-4.98291
-4.9841
-4.98491
-4.98596
-4.98678
-4.98753
-4.98761
-4.98793
-4.98847
-4.98895
-4.98921
-4.98941
-4.98969
-4.98991
-4.98961
-4.98971
-4.9899
-4.98988
-4.98965
-4.98952
-4.98919
-4.98897
-4.98869
-4.98837
-4.98816
-4.98776
-4.98732
-4.98655
-4.98634
-4.98565
-4.98493
-4.98433
-4.98356
-4.98307
-4.98225
-4.98157
-4.98087
-4.97986
-4.97928
-4.97824
-4.97734
-4.97628
-4.97566
-4.9752
-4.97427
-4.97349
-4.97256
-4.97178
-4.97085
-4.97007
-4.96929
-4.96851
-4.96744
-4.96666
-4.96604
-4.96528
-4.96451
-4.96391
-4.9633
-4.96255
-4.96181
-4.96122
-4.96033
-4.95929
-4.95856
-4.95754
-4.95697
-4.95641
-4.9557
-4.95485
-4.95415
-4.95345
-4.95337
-4.95299
-4.95262
-4.9524
-4.95159
-4.95094
-4.95029
-4.9498
-4.94902
-4.94855
-4.94839
-4.94793
-4.94779
-4.94721
-4.94649
-4.94593
-4.94523
-4.94485
-4.94448
-4.94397
-4.94348
-4.943
-4.94269
-4.9424
-4.94167
-4.94126
-4.94118
-4.94095
-4.9406
-4.94011
-4.93979
-4.93965
-4.93937
-4.93896
-4.93887
-4.93865
-4.93844
-4.93796
-4.9378
-4.93735
-4.93738
-4.93712
-4.93689
-4.93652
-4.93648
-4.93675
-4.93675
-4.93676
-4.9371
-4.937
-4.93722
-4.93731
-4.93742
-4.9377
-4.93739
-4.93726
-4.9373
-4.93736
-4.93744
-4.93754
-4.93781
-4.93766
-4.93797
-4.93801
-4.93868
-4.93892
-4.93918
-4.93962
-4.94008
-4.94072
-4.94124
-4.94163
-4.9419
-4.94265
-4.94358
-4.94424
-4.94462
-4.94534
-4.94624
-4.94686
-4.94751
-4.94835
-4.94876
-4.94966
-4.95043
-4.95153
-4.95266
-4.95367
-4.95471
-4.95592
-4.95685
-4.95781
-4.95894
-4.96025
-4.96127
-4.96232
-4.96338
-4.9646
-4.96585
-4.9671
-4.96821
-4.96964
-4.97076
-4.9725
-4.97364
-4.97477
-4.97591
-4.97734
-4.97846
-4.97972
-4.98097
-4.98206
-4.98297
-4.98433
-4.98536
-4.98682
-4.98796
-4.98952
-4.9906
-4.99166
-4.99283
-4.99382
-4.99477
-4.9957
-4.99613
-4.99728
-4.99825
-4.99887
-4.99946
-4.99986
-5.00067
-5.0013
-5.00204
-5.0026
-5.00281
-5.00345
-5.00405
-5.00447
-5.00501
-5.00507
-5.00525
-5.0057
-5.00568
-5.00594
-5.00618
-5.0064
-5.00675
-5.00724
-5.00741
-5.00743
-5.00773
-5.00803
-5.00832
-5.00861
-5.00889
-5.00948
-5.00991
-5.01035
-5.01064
-5.01063
-5.01107
-5.01122
-5.01137
-5.01152
-5.01184
-5.012
-5.01232
-5.01219
-5.01251
-5.01239
-5.01256
-5.01273
-5.0132
-5.01367
-5.01414
-5.01444
-5.01443
-5.01472
-5.01484
-5.01509
-5.01488
-5.0148
-5.015
-5.01503
-5.01518
-5.01531
-5.01541
-5.01563
-5.01507
-5.01462
-5.01444
-5.01393
-5.01383
-5.01354
-5.01306
-5.01284
-5.01228
-5.01137
-5.01103
-5.0108
-5.01007
-5.0093
-5.00849
-5.00779
-5.00705
-5.00611
-5.00574
-5.00548
-5.00458
-5.00394
-5.00311
-5.00209
-5.0012
-4.99981
-4.99855
-4.99726
-4.99594
-4.99474
-4.99368
-4.99244
-4.99118
-4.9902
-4.98876
-4.9873
-4.98613
-4.98466
-4.98333
-4.982
-4.98067
-4.97949
-4.97802
-4.97701
-4.97586
-4.97442
-4.97329
-4.97189
-4.97096
-4.96991
-4.96858
-4.96743
-4.96601
-4.96523
-4.96404
-4.96364
-4.96283
-4.96162
-4.96045
-4.95963
-4.95902
-4.95831
-4.95765
-4.95691
-4.95637
-4.95574
-4.95563
-4.95573
-4.95545
-4.95493
-4.95478
-4.95455
-4.95483
-4.95473
-4.95471
-4.95505
-4.95546
-4.95549
-4.95589
-4.95605
-4.95643
-4.95702
-4.95753
-4.9578
-4.95859
-4.95913
-4.96034
-4.9613
-4.96232
-4.96384
-4.96511
-4.96643
-4.96809
-4.96949
-4.97094
-4.97257
-4.97409
-4.97518
-4.9763
-4.9779
-4.97938
-4.98072
-4.98253
-4.9839
-4.98514
-4.98668
-4.98838
-4.98994
-4.99149
-4.9935
-4.99504
-4.99628
-4.99797
-4.99949
-5.00085
-5.00234
-5.00366
-5.00527
-5.00686
-5.00843
-5.01012
-5.01149
-5.01252
-5.01399
-5.01482
-5.01593
-5.01686
-5.0179
-5.01937
-5.02051
-5.02146
-5.02268
-5.02357
-5.02443
-5.02511
-5.0256
-5.02666
-5.02785
-5.02855
-5.02952
-5.03016
-5.03123
-5.03211
-5.03282
-5.0338
-5.03476
-5.03509
-5.03585
-5.03659
-5.03745
-5.0383
-5.03898
-5.03919
-5.03983
-5.03986
-5.04018
-5.04063
-5.04093
-5.04152
-5.0418
-5.04223
-5.04265
-5.04277
-5.04319
-5.04376
-5.04418
-5.04461
-5.0452
-5.04564
-5.04624
-5.0464
-5.04672
-5.04705
-5.04771
-5.04823
-5.04876
-5.04901
-5.04974
-5.04973
-5.05065
-5.05099
-5.05135
-5.05219
-5.05275
-5.05349
-5.0541
-5.05504
-5.05615
-5.05684
-5.0577
-5.05859
-5.05904
-5.05997
-5.06092
-5.06219
-5.06318
-5.06418
-5.06535
-5.06652
-5.06741
-5.06845
-5.06966
-5.07041
-5.07161
-5.07251
-5.0734
-5.07414
-5.07532
-5.07618
-5.07733
-5.07816
-5.07851
-5.07945
-5.0808
-5.08168
-5.08237
-5.08317
-5.08424
-5.08481
-5.08549
-5.08613
-5.08656
-5.0871
-5.08759
-5.08848
-5.08901
-5.08933
-5.08975
-5.08981
-5.0895
-5.08959
-5.08962
-5.08959
-5.08966
-5.08935
-5.0893
-5.08887
-5.0887
-5.08831
-5.08787
-5.08737
-5.08651
-5.0859
-5.08539
-5.08453
-5.08377
-5.08296
-5.08211
-5.08091
-5.08013
-5.07945
-5.07889
-5.07799
-5.07661
-5.07565
-5.07436
-5.07289
-5.07215
-5.07109
-5.06955
-5.06875
-5.06734
-5.0659
-5.06461
-5.06345
-5.06213
-5.06066
-5.05918
-5.058
-5.05681
-5.05562
-5.05428
-5.05294
-5.05176
-5.05012
-5.04894
-5.04747
-5.04616
-5.04485
-5.0437
-5.04242
-5.04115
-5.03958
-5.03849
-5.0374
-5.03634
-5.03514
-5.03426
-5.03294
-5.03165
-5.03037
-5.02942
-5.02834
-5.02729
-5.02641
-5.0251
-5.02458
-5.02348
-5.02256
-5.02168
-5.02067
-5.02
-5.01906
-5.01861
-5.01789
-5.01706
-5.01672
-5.01612
-5.0151
-5.01459
-5.01441
-5.01383
-5.01329
-5.01295
-5.01235
-5.01195
-5.01145
-5.0116
-5.01134
-5.01129
-5.01113
-5.01117
-5.01097
-5.01081
-5.011
-5.0117
-5.0123
-5.01234
-5.01258
-5.01302
-5.01351
-5.01405
-5.01463
-5.01526
-5.01594
-5.0162
-5.01711
-5.01761
-5.01845
-5.01933
-5.02039
-5.02134
-5.02233
-5.02334
-5.02409
-5.02486
-5.02596
-5.02724
-5.02809
-5.02927
-5.03001
-5.03092
-5.03215
-5.0331
-5.03436
-5.03579
-5.03723
-5.03867
-5.03983
-5.04099
-5.04231
-5.04393
-5.0451
-5.04628
-5.04791
-5.04909
-5.05027
-5.0513
-5.05278
-5.0541
-5.05557
-5.05674
-5.05805
-5.05951
-5.06067
-5.06197
-5.06356
-5.0644
-5.06538
-5.06636
-5.06748
-5.06845
-5.06956
-5.07082
-5.07238
-5.07347
-5.07442
-5.07535
-5.07658
-5.07781
-5.07889
-5.07996
-5.08102
-5.08208
-5.08328
-5.08448
-5.08552
-5.0867
-5.08788
-5.0889
-5.09007
-5.09107
-5.09222
-5.09321
-5.09433
-5.0956
-5.09656
-5.0975
-5.09888
-5.09994
-5.10129
-5.10233
-5.10304
-5.10373
-5.10485
-5.10595
-5.10672
-5.10792
-5.10879
-5.10993
-5.1109
-5.11198
-5.11288
-5.11389
-5.11502
-5.11566
-5.11626
-5.11712
-5.11764
-5.11842
-5.11885
-5.11923
-5.11941
-5.1194
-5.11933
-5.11922
-5.1195
-5.11944
-5.11947
-5.11945
-5.11937
-5.11894
-5.11875
-5.11867
-5.11837
-5.11802
-5.11747
-5.11716
-5.11696
-5.11655
-5.11639
-5.11602
-5.11516
-5.11409
-5.11298
-5.11197
-5.11121
-5.11026
-5.10911
-5.10807
-5.1073
-5.10618
-5.10517
-5.10428
-5.10335
-5.10209
-5.10049
-5.09931
-5.0981
-5.09657
-5.095
-5.09386
-5.0927
-5.09137
-5.08941
-5.08758
-5.08604
-5.08432
-5.08289
-5.08115
-5.07954
-5.07792
-5.07628
-5.07464
-5.07298
-5.07147
-5.06949
-5.06797
-5.06598
-5.06444
-5.06275
-5.06105
-5.05934
-5.05779
-5.05624
-5.05453
-5.05283
-5.05112
-5.04942
-5.04772
-5.04572
-5.04387
-5.04219
-5.04035
-5.03867
-5.03685
-5.03519
-5.03353
-5.03204
-5.02995
-5.02878
-5.02702
-5.02557
-5.02413
-5.02241
-5.02055
-5.019
-5.01717
-5.01565
-5.01416
-5.01283
-5.01106
-5.00947
-5.00819
-5.00679
-5.00495
-5.00344
-5.00225
-5.00047
-4.99918
-4.99806
-4.99696
-4.99603
-4.99498
-4.99395
-4.99279
-4.99181
-4.99086
-4.98962
-4.98841
-4.98737
-4.98666
-4.98553
-4.98471
-4.98332
-4.98241
-4.98136
-4.98064
-4.97964
-4.97897
-4.97816
-4.97768
-4.97691
-4.97571
-4.97513
-4.97427
-4.97342
-4.9729
-4.97209
-4.9716
-4.97081
-4.9705
-4.96975
-4.96932
-4.96889
-4.96848
-4.96809
-4.96755
-4.96672
-4.96636
-4.96586
-4.96536
-4.96488
-4.96441
-4.96455
-4.9641
-4.96366
-4.96323
-4.9628
-4.96224
-4.96169
-4.9613
-4.96076
-4.96069
-4.96033
-4.95967
-4.95933
-4.95855
-4.95793
-4.95717
-4.95688
-4.95645
-4.95603
-4.95593
-4.95568
-4.95576
-4.9557
-4.95535
-4.95517
-4.9553
-4.955
-4.95487
-4.95535
-4.9554
-4.95532
-4.95511
-4.95566
-4.95579
-4.95578
-4.95595
-4.95599
-4.95604
-4.95612
-4.95622
-4.95619
-4.95619
-4.95636
-4.95685
-4.95737
-4.95776
