1.55638
1.56105
1.56592
1.57099
1.57627
1.58174
1.58742
1.5933
1.59937
1.60563
1.61209
1.61873
1.62556
1.63257
1.63976
1.68997
1.69763
1.70545
1.71345
1.7216
1.72991
1.73836
1.74695
1.75568
1.76453
1.7735
1.78258
1.79177
1.80104
1.81041
1.81985
1.82936
1.83892
1.84854
1.8582
1.86788
1.87759
1.88731
1.89703
1.90674
1.91642
1.92608
1.9357
1.94527
1.95477
1.9642
1.97355
1.98281
1.99196
2.00099
2.00991
1.90525
1.9153
1.9252
1.93494
1.9445
1.99266
2.00207
2.01131
2.02035
2.02921
2.03786
2.04631
2.05454
2.06256
2.07035
2.07792
2.01366
2.02202
2.03016
2.03809
2.0458
2.05329
2.06057
2.06763
2.07448
2.08111
2.08753
2.09374
2.09975
2.10555
2.11117
2.11658
2.12181
2.12686
2.13173
2.13643
2.14096
2.01779
2.02314
2.02837
2.03349
2.0385
2.04341
2.04821
2.05291
2.05751
2.06202
2.06642
2.07073
2.07494
2.07906
2.08308
2.08699
2.09081
2.09452
2.09813
2.10164
2.10503
2.10832
2.11149
2.11454
2.11747
2.12029
2.12297
2.12553
2.12796
2.13026
2.13243
2.13446
2.13635
2.13811
2.13973
2.14122
2.14257
2.14378
2.14487
2.14582
2.14665
2.14735
2.14793
2.1484
2.14876
2.14902
2.14917
2.14924
2.14923
2.14914
2.14898
2.14876
2.11773
2.11745
2.11713
2.11679
2.11643
2.11607
2.11573
2.11539
2.11509
2.11483
2.11461
2.11446
2.11437
2.11436
2.11444
2.11462
2.1149
2.1153
2.11583
2.11649
2.00758
2.0113
2.01523
2.01937
2.02373
2.0283
2.0331
2.03812
2.04336
2.04883
2.05453
2.06046
2.06662
2.073
2.0796
2.08644
2.09349
2.10076
2.10825
2.11595
2.12386
2.13197
2.14028
2.14879
2.15748
2.16636
2.1754
2.18462
2.19399
2.20352
2.21319
2.22299
2.23292
2.24296
2.25312
2.26336
2.2737
2.28411
2.29458
2.30511
2.31568
2.32629
2.33691
2.34755
2.35819
2.36881
2.37941
2.35243
2.3647
2.37688
2.38896
2.40094
2.4128
2.42454
2.43614
2.4476
2.4589
2.47005
2.48103
2.49183
2.50246
2.5129
2.52314
2.53319
2.54302
2.55266
2.56207
2.57127
2.58024
2.58899
2.59751
2.6058
2.61385
2.62166
2.62923
2.63655
2.64363
2.65046
2.65704
2.66337
2.66943
2.67525
2.6808
2.68609
2.69111
2.69587
2.70035
2.70457
2.70851
2.71218
2.71557
2.71867
2.72149
2.72403
2.87204
2.8771
2.88183
2.88621
2.89025
2.89394
2.89726
2.9002
2.90276
2.90494
2.90671
2.90808
2.90904
2.90958
2.90969
2.90937
2.90861
2.90741
2.90576
2.90366
2.90111
2.8981
2.89464
2.89072
2.88634
2.8815
2.87621
2.87047
2.86428
2.85764
2.85057
2.84306
2.83512
2.82676
2.81798
2.80881
2.79924
2.78928
2.77895
2.76825
2.7572
2.74582
2.7341
2.72207
2.70974
2.69712
2.68423
2.68329
2.6699
2.65627
2.64242
2.62837
2.61411
2.59968
2.58508
2.46436
2.45036
2.43627
2.42212
2.40791
2.39367
2.37939
2.36509
2.35079
2.45558
2.44472
2.43384
2.42293
2.41203
2.40112
2.39021
2.37932
2.32427
2.31386
2.30348
2.29312
2.2828
2.27252
2.26227
2.25207
2.23089
2.22089
2.21095
2.20107
2.19124
2.18147
2.17176
2.1621
2.15251
2.14298
2.13352
2.12412
2.11478
2.10551
2.09631
2.08718
2.07812
2.06913
2.06021
2.05138
2.04261
2.03393
2.02533
2.01682
2.00839
2.00005
1.9918
1.98366
1.97561
1.96766
1.95983
1.9521
1.94449
1.937
1.92964
1.9224
1.9153
1.90833
1.90151
1.89483
1.88831
1.88194
1.87574
1.8697
1.86383
1.85814
1.85263
1.84731
1.84217
1.83723
1.83248
1.82794
1.8236
1.81947
1.81555
1.81184
1.80835
1.80509
1.80204
1.79922
1.79662
1.79425
1.7921
1.79019
1.7885
1.78705
1.78582
1.78482
1.78405
1.78351
1.78319
1.78309
1.78322
1.78356
1.78413
1.7849
1.78589
1.78708
1.78848
1.79007
1.79186
1.79384
1.79601
1.79836
1.80088
1.80357
1.80643
1.80945
1.81262
1.81594
1.8194
1.823
1.82672
1.83057
1.83453
1.8386
1.84278
1.84705
1.85141
1.85585
1.86037
1.86496
1.86961
1.87432
1.87908
1.88388
1.88872
1.89359
1.89849
1.9034
1.90833
1.91326
1.9182
1.92313
1.92805
1.93296
1.93785
1.94271
1.94755
1.95235
1.95712
1.96185
1.96653
1.97116
1.97575
1.98028
1.98475
1.98916
1.99351
1.9978
2.00202
2.00618
2.01026
2.01428
2.01822
2.02209
2.02589
2.02962
2.03327
2.03684
2.04035
2.04377
2.04712
2.0504
2.0536
2.05673
2.05979
2.06277
2.06568
2.06851
2.07128
2.07397
2.0766
2.07915
2.08164
2.08406
2.08641
2.0887
2.09092
2.09308
2.09518
2.09721
2.09918
2.10109
2.10295
2.10474
2.10647
2.10815
2.10977
2.11134
2.11285
2.11431
2.11572
2.11708
2.11838
2.11964
2.12085
2.12202
2.12314
2.12422
2.12525
2.12625
2.12721
2.12813
2.12902
2.12988
2.13071
2.13151
2.13228
2.13303
2.13376
2.13447
2.13517
2.13585
2.13652
2.13719
2.13785
2.13852
2.13918
2.13985
2.14053
2.14123
2.14194
2.14266
2.14342
2.14419
2.145
2.14584
2.14672
2.14764
2.1486
2.14961
2.15067
2.15179
2.15296
2.15419
2.15548
2.15683
2.15826
2.15976
2.16132
2.16297
2.16469
2.16649
2.16837
2.17033
2.17238
2.17451
2.17672
2.17902
2.1814
2.18387
2.18642
2.18905
2.19176
2.19456
2.19743
2.20038
2.2034
2.2065
2.20966
2.21288
2.21616
2.2195
2.22289
2.19407
2.19875
2.20351
2.20833
2.2132
2.21813
2.26373
2.26888
2.27404
2.27921
2.28437
2.28952
2.29464
2.29973
2.30478
2.30977
2.31471
2.31957
2.32435
2.32904
2.33364
2.33813
2.3425
2.34676
2.35089
2.17489
2.17904
2.18321
2.1874
2.19161
2.19583
2.20008
2.20434
2.20863
2.21292
2.21724
2.22157
2.22591
2.23028
2.23466
2.23905
2.24346
2.24789
2.25234
2.2568
2.26129
2.26579
2.2703
2.27484
2.2794
2.28397
2.28857
2.29318
2.29781
2.30246
2.30713
2.31182
2.31653
2.32125
2.326
2.33075
2.33553
2.34031
2.34511
2.34992
2.35474
2.35957
2.36441
2.36925
2.37409
2.37894
2.38378
2.38861
2.39343
2.39825
2.40305
2.40782
2.41258
2.41731
2.42201
2.42667
2.4313
2.43588
2.44041
2.44488
2.4493
2.45365
2.45794
2.46215
2.46628
2.47033
2.47429
2.47815
2.48192
2.48558
2.48912
2.49256
2.49587
2.49906
2.50212
2.50504
2.50783
2.51047
2.51297
2.51531
2.5175
2.51954
2.52141
2.52313
2.52467
2.52605
2.43055
2.43056
2.43037
2.42998
2.42939
2.42859
2.42758
2.42638
2.42497
2.42336
2.41054
2.40871
2.4067
2.40449
2.40211
2.39954
2.39681
2.3939
2.39083
2.40985
2.40651
2.40303
2.39943
2.3957
2.39187
2.38792
2.38388
2.37975
2.37554
2.37127
2.36693
2.36254
2.35811
2.35365
2.34916
2.34467
2.34018
2.33569
2.33123
2.3268
2.32241
2.31807
2.3138
2.3096
2.30549
2.30147
2.29755
2.29375
2.29008
2.28654
2.28315
2.27991
2.27683
2.27393
2.27121
2.26867
2.26634
2.26421
2.26229
2.26059
2.25912
2.25788
2.25688
2.25612
2.25562
2.25536
2.25537
2.25563
2.25616
2.25696
2.25802
2.25936
2.26097
2.26285
2.265
2.26742
2.27012
2.27308
2.27632
2.27982
2.28358
2.2876
2.29188
2.29641
2.30118
2.3062
2.31145
2.31694
2.32265
2.32859
2.33473
2.34108
2.34764
2.35438
2.36131
2.36841
2.37569
2.38313
2.39072
2.39846
2.40633
2.41434
2.42246
2.4307
2.43905
2.44749
2.45602
2.46463
2.4733
2.48204
2.49083
2.49966
2.50853
2.51742
2.52632
2.53523
2.54413
2.55301
2.56187
2.57068
2.57946
2.58817
2.59681
2.60536
2.61383
2.62218
2.63042
2.63853
2.64649
2.6543
2.66194
2.6694
2.58543
2.67453
2.68083
2.68694
2.69285
2.69855
2.70402
2.70926
2.71425
2.71898
2.72344
2.72761
2.73149
2.73506
2.73831
2.74123
2.74382
2.74605
2.74793
2.74944
2.75058
2.75134
2.7517
2.75167
2.75124
2.75041
2.74916
2.7475
2.74543
2.74293
2.74001
2.73667
2.73291
2.72873
2.72413
2.71911
2.71368
2.70784
2.70159
2.69494
2.68789
2.68046
2.67264
2.66446
2.65591
2.647
2.63775
2.62816
2.61825
2.60803
2.59752
2.58671
2.57563
2.56429
2.55271
2.54089
2.52885
2.51661
2.50419
2.49159
2.47884
2.46594
2.45292
2.43979
2.42657
2.41326
2.3999
2.38648
2.37303
2.35956
2.34609
2.33264
2.3192
2.30581
2.29248
2.27921
2.26602
2.25293
2.23994
2.22707
2.21433
2.20173
2.18928
2.177
2.16488
2.15295
2.1412
2.12965
2.11831
2.10718
2.09627
2.08558
2.07513
2.06491
2.05493
2.0452
2.03572
2.0265
2.01753
2.00882
2.00037
1.99219
1.98427
1.97661
1.96923
1.96211
1.95525
1.94867
1.94235
1.93629
1.9305
1.92497
1.9197
1.91468
1.90993
1.90542
1.90117
1.89716
1.89339
1.88987
1.88658
1.88352
1.8807
1.87809
1.87571
1.87355
1.8716
1.86985
1.86831
1.82775
1.82682
1.82608
1.82553
1.82515
1.82494
1.8599
1.86216
1.86462
1.86728
1.87012
1.87314
1.87635
1.87974
1.8833
1.88703
1.89093
1.895
1.89923
1.90362
1.90817
1.91286
1.91771
1.92269
1.92782
1.93309
1.93849
1.94402
1.94071
1.94697
1.95335
1.95985
1.96648
1.97322
1.98007
2.04963
2.05688
2.06423
2.07168
2.07921
2.08683
2.09453
2.1023
2.11013
2.11803
2.12598
2.13397
2.142
2.13321
2.14344
2.15366
2.16386
2.17404
2.18418
2.19428
2.20432
2.21429
2.22418
2.23398
2.24368
2.25326
2.26272
2.27204
2.28121
2.29022
2.29907
2.30773
2.31619
2.32445
2.3325
2.34033
2.34792
2.35526
2.36236
2.36919
2.37575
2.38204
2.38805
2.39377
2.39919
2.40431
2.40914
2.41365
2.41786
2.42176
2.42535
2.42863
2.43159
2.43425
2.4366
2.43865
2.44039
2.44184
2.44299
2.44386
2.44444
2.44474
2.44477
2.44453
2.44404
2.4433
2.44231
2.44109
2.43964
2.43797
2.43609
2.43401
2.43173
2.42926
2.42661
2.42379
2.42081
2.41767
2.41437
2.41094
2.40738
2.40368
2.39987
2.39594
2.39191
2.38777
2.38355
2.37923
2.37483
2.37036
2.36581
2.3612
2.35652
2.3518
2.34702
2.34219
2.33733
2.33242
2.32748
2.32252
2.31753
2.31252
2.30749
2.30244
2.29739
2.29233
2.28727
2.2822
2.27714
2.27208
2.26702
2.26198
2.25695
2.25193
2.24693
2.24195
2.23698
2.23204
2.22712
2.22222
2.21735
2.21251
2.20769
2.2029
2.19814
2.19341
2.18871
2.18404
2.17939
2.17478
2.1702
2.16566
2.16114
2.15665
2.15218
2.14775
2.14335
2.13897
2.13462
2.1303
2.126
2.12173
2.11748
2.11326
2.10906
2.10488
2.10072
2.09658
2.09246
2.08836
2.08428
2.08022
2.07617
2.07214
2.06812
2.06412
2.06014
2.05617
1.98678
1.9844
1.98202
1.97964
1.97725
1.97486
1.97246
1.97007
1.96767
1.96526
1.96286
1.96046
1.95806
1.95566
1.95327
1.95087
1.94849
1.94611
1.94374
1.94138
1.93903
1.93669
1.93437
1.93206
1.92976
1.92749
1.92524
1.923
1.9208
1.91861
1.91646
1.91433
1.91224
1.91018
1.90815
1.90617
1.90422
1.87782
1.87624
1.87471
1.87322
1.87179
1.87041
1.8691
1.86784
1.86664
1.86382
1.86311
1.86248
1.86193
1.86147
1.8611
1.86083
1.86065
1.86057
1.8606
1.86073
1.86098
1.86135
1.86185
1.86247
1.86322
1.86411
1.86514
1.86632
1.86764
1.86912
1.87076
1.87257
1.87454
1.87668
1.879
1.8815
1.8846
1.88754
1.89068
1.89401
1.89753
1.90126
1.9052
1.90934
1.9137
1.91826
1.92304
1.92804
1.93326
1.93869
1.94435
1.95023
1.95633
1.96266
1.9692
1.97597
1.98296
1.99018
1.99761
2.00525
2.01311
2.02118
2.02946
2.03794
2.04662
2.05549
2.06456
2.07381
2.08323
2.09283
2.16508
2.17555
2.18614
2.19685
2.20766
2.21857
2.22955
2.24061
2.25172
2.26288
2.27408
2.28529
2.29651
2.30773
2.31892
2.33007
2.34118
2.35221
2.36317
2.37403
2.38477
2.39539
2.40586
2.41617
2.4263
2.43624
2.44596
2.45546
2.46472
2.47372
2.48245
2.49089
2.49902
2.50684
2.51432
2.52146
2.52824
2.53465
2.54068
2.54631
2.55154
2.55635
2.56075
2.56471
2.56823
2.57131
2.57395
2.57613
2.57786
2.57913
2.57994
2.58031
2.58021
2.57967
2.57868
2.57725
2.57539
2.5731
2.57039
2.56727
2.56376
2.55985
2.55558
2.55094
2.54595
2.54063
2.535
2.52906
2.52284
2.51634
2.5096
2.50262
2.49543
2.48804
2.48046
2.47273
2.46484
2.45683
2.44871
2.4405
2.43221
2.42386
2.41547
2.40706
2.39863
2.39021
2.3818
2.37342
2.36509
2.35682
2.34861
2.34048
2.33244
2.3245
2.31667
2.30894
2.30134
2.29386
2.28651
2.27929
2.27221
2.26526
2.25845
2.25558
2.25011
2.24479
2.23962
2.23459
2.22969
2.22493
2.2203
2.21578
2.21138
2.20707
2.20286
2.19873
2.19468
2.19068
2.18673
2.18282
2.17893
2.17506
2.17119
2.1673
2.16339
2.15944
2.15544
2.15137
2.14723
2.14301
2.13868
2.13425
2.1297
2.12502
2.1202
2.11523
2.11011
2.10482
2.09937
2.09375
2.08794
2.08195
2.07578
2.06942
2.06286
2.05612
2.04918
2.04205
2.03473
2.02722
2.01952
2.01165
2.00359
1.99536
1.98695
1.97839
2.07974
2.07053
2.06116
2.05164
2.04196
2.03214
2.02219
2.01212
2.00193
1.99163
1.98123
1.97074
1.96017
1.94953
1.93882
1.92806
1.91725
1.9064
1.91238
1.90167
1.89092
1.88015
1.86936
1.85857
1.84776
1.83697
1.82619
1.81543
1.8047
1.794
1.78335
1.77275
1.76221
1.75173
1.74132
1.73099
1.72075
1.7106
1.70394
1.69498
1.68613
1.67739
1.66877
1.66029
1.65194
1.65861
1.65035
1.64224
1.63426
1.62644
1.61877
1.61126
1.60391
1.59673
1.58971
1.58287
1.57621
1.56973
1.56343
1.55732
1.5514
1.54567
1.54013
1.53479
1.52964
1.52469
1.51995
1.5154
1.51105
1.5069
1.50295
1.49921
1.49566
1.49231
1.48916
1.4862
1.48343
1.48086
1.47848
1.47628
1.47426
1.47242
1.47076
1.46927
1.46795
1.46679
1.46579
1.46494
1.46424
1.46368
1.46326
1.46296
1.4628
1.46274
1.4628
1.46297
1.46323
1.46358
1.46401
1.46452
1.46509
1.46572
1.4664
1.46712
1.46787
1.46864
1.46943
1.47022
1.47101
1.47178
1.47253
1.47325
1.47392
1.47454
1.4751
1.47559
1.476
1.47632
1.47653
1.47665
1.47664
1.47651
1.47625
1.47585
1.4753
1.4746
1.47374
1.47271
1.47152
1.47015
1.4686
1.46687
1.46497
1.46287
1.4606
1.45814
1.4555
1.45268
1.44969
1.44652
1.44318
1.43968
1.43602
1.43221
1.42825
1.42417
1.41995
1.41562
1.41118
1.40664
1.40202
1.39733
1.39257
1.38776
1.3829
1.37803
1.37313
1.36824
1.36335
1.35849
1.48507
1.48169
1.47832
1.47498
1.47166
1.46839
1.46516
1.462
1.45891
1.4559
1.45299
1.45017
1.44746
1.44487
1.44241
1.44008
1.43789
1.43586
1.43397
1.43226
1.43071
1.42934
1.42815
1.42715
1.42634
1.42574
1.42534
1.42515
1.42518
1.42543
1.4259
1.4266
1.42753
1.4287
1.43011
1.43176
1.43366
1.4358
1.4382
1.44086
1.44377
1.44694
1.45038
1.45407
1.45803
1.46226
1.46675
1.33174
1.33774
1.34404
1.35063
1.35753
1.36472
1.3722
1.37997
1.38803
1.39637
1.40499
1.41389
1.42306
1.43249
1.63327
1.64394
1.65481
1.66586
1.67708
1.68848
1.70002
1.71172
1.72356
1.73552
1.74761
1.7598
1.77209
1.78446
1.79691
1.80942
1.82198
1.83458
1.84719
1.85981
1.87243
1.88502
1.89758
1.91009
1.92253
1.93489
1.94716
1.95931
1.97133
1.9832
2.00446
2.01646
2.02825
2.03984
2.05119
2.06229
2.07313
2.0837
2.09399
2.10397
2.11363
2.12297
2.13197
2.14063
2.14892
2.15685
2.16441
2.17158
2.17836
2.18475
2.19073
2.19632
2.2015
2.20627
2.21063
2.21458
2.21813
2.22126
2.22399
2.22632
2.22825
2.22979
2.23094
2.2317
2.23209
2.2321
2.23175
2.23105
2.22999
2.16536
2.16318
2.16069
2.1579
2.1548
2.1514
2.14773
2.14377
2.13955
2.13507
2.13034
2.12536
2.12015
2.11471
2.10905
2.10317
2.0971
2.09083
2.08437
2.07773
2.07091
2.06394
2.0568
2.04952
2.0421
2.03455
2.02688
2.01909
2.0112
2.00322
1.99515
1.987
1.97879
1.97053
1.96223
1.95389
1.94554
1.93717
1.92881
1.92046
1.91214
1.90386
1.89563
1.88747
1.87938
1.87138
1.86349
1.85571
1.80077
1.79366
1.78671
1.77992
1.77332
1.76691
1.76071
1.75472
1.74897
1.74346
1.7382
1.73321
1.72849
1.72406
1.71992
1.71609
1.71258
1.70939
1.70654
1.70403
1.70187
1.70007
1.69863
1.69757
1.69689
1.69659
1.69668
1.69716
1.69805
1.69934
1.70103
1.70314
1.70567
1.7086
1.71196
1.71573
1.71992
1.72453
1.72956
1.73501
1.74087
1.74714
1.75382
1.76091
1.7684
1.77628
1.78456
1.79322
1.80226
1.81167
1.82145
1.83157
1.84205
1.85286
1.864
1.86489
1.87637
1.88813
1.90015
1.91244
1.92497
1.93773
1.95071
1.96389
1.97725
1.99078
2.00447
2.0183
2.03225
2.0463
2.06045
2.07467
2.08895
2.10327
2.11762
2.13197
2.14633
2.16066
2.17496
2.18922
2.20341
2.21754
2.23157
2.24551
2.25935
2.27306
2.28665
2.30011
2.31342
2.32659
2.33961
2.35246
2.36515
2.37768
2.39004
2.40223
2.41426
2.42611
2.43779
2.4493
2.46065
2.47183
2.48286
2.49372
2.50443
2.51499
2.5254
2.53566
2.54579
2.55578
2.56564
2.57537
2.58498
2.59447
2.60383
2.61308
2.62221
2.63123
2.64013
2.64892
2.6576
2.66616
2.67461
2.68293
2.69113
2.69921
2.70715
2.71495
2.72262
2.73012
2.73748
2.74466
2.75167
2.75849
2.76512
2.77154
2.77775
2.78372
2.78946
2.79495
2.79527
2.80029
2.80501
2.80943
2.81353
2.8173
2.82073
2.82381
2.82653
2.82887
2.83082
2.83238
2.83354
2.83429
2.83461
2.83451
2.83397
2.83299
2.83157
2.82969
2.82736
2.82457
2.82133
2.81762
2.81345
2.80882
2.80374
2.7982
2.7922
2.78575
2.77886
2.77153
2.76377
2.75558
2.76146
2.75229
2.74273
2.73278
2.72244
2.71175
2.70069
2.68929
2.67755
2.6655
2.65313
2.64047
2.62752
2.61431
2.60084
2.69055
2.67951
2.6683
2.65691
2.64537
2.63369
2.62189
2.60996
2.59794
2.58582
2.57362
2.56135
2.54903
2.53667
2.52427
2.51184
2.49941
2.48698
2.47455
2.46215
2.44977
2.43743
2.42513
2.4129
2.40072
2.38862
2.37659
2.36465
2.35281
2.34106
2.32941
2.31788
2.30646
2.29516
2.28399
2.27294
2.26202
2.25124
2.24059
2.23008
2.21971
2.20948
2.19939
2.18945
2.17964
2.16998
2.16046
2.15108
2.14183
2.13272
2.12375
2.11491
2.1062
2.09761
2.08915
2.08081
2.07258
2.06447
2.05647
2.04857
2.04077
2.03307
2.02547
2.01795
2.01051
2.00316
1.99587
1.98867
1.98152
1.97445
1.96743
1.96046
1.95355
1.94669
1.93987
1.9331
1.92636
1.91967
1.91301
1.90638
1.89978
1.89322
1.88669
1.88018
1.87371
1.86727
1.86085
1.85447
1.84812
1.8418
1.83551
1.82927
1.82306
1.81689
1.81077
1.80469
1.79867
1.79269
1.78678
1.78092
1.77513
1.76941
1.76376
1.75819
1.7527
1.74729
1.74197
1.73674
1.73161
1.72658
1.72166
1.71685
1.71215
1.70756
1.7031
1.69876
1.69455
1.69047
1.68652
1.68271
1.67904
1.67551
1.67213
1.66889
1.66581
1.66287
1.6601
1.65747
1.655
1.65269
1.65054
1.64856
1.64673
1.64506
1.64355
1.64221
1.64103
1.64001
1.63916
1.63847
1.63794
1.63757
1.63736
1.63732
1.63743
1.6377
1.63813
1.63871
1.63945
1.64034
1.64139
1.64258
1.64392
1.64541
1.64703
1.66768
1.67105
1.67451
1.67806
1.68171
1.68544
1.68926
1.69316
1.69714
1.70119
1.70532
1.70951
1.71377
1.71809
1.72247
1.7269
1.73137
1.73589
1.74045
1.74504
1.74966
1.75431
1.75898
1.76366
1.76835
1.77304
1.77773
1.78241
1.78709
1.79174
1.79637
1.80097
1.80553
1.81005
1.81453
1.81896
1.82332
1.82763
1.83186
1.83602
1.8401
1.8441
1.84801
1.85182
1.85553
1.85913
1.86263
1.86601
1.86928
1.87242
1.87544
1.87833
1.88108
1.88371
1.88619
1.88854
1.89075
1.89282
1.89475
1.89653
1.89817
1.89967
1.90102
1.90224
1.90332
1.90426
1.90507
1.90575
1.9063
1.90673
1.90704
1.90723
1.90732
1.9073
1.90718
1.90697
1.90667
1.9063
1.90585
1.90534
1.90478
1.90416
1.9035
1.90281
1.9021
1.90137
1.90063
1.89989
1.89916
1.89845
1.89776
1.89711
1.8965
1.89594
1.89545
1.89502
1.89466
1.89439
1.89421
1.89413
1.89415
1.89429
1.89455
1.89493
1.89545
1.89611
1.89691
1.89787
1.89898
1.90026
1.9017
1.90332
1.90511
1.90708
1.90924
1.91159
1.91413
1.91686
1.91979
1.92292
1.92625
1.92979
1.93353
1.93748
1.94163
1.94599
1.95056
1.95534
1.96032
1.96552
1.97091
1.97652
1.98232
1.98832
1.99453
2.00092
2.00752
2.01429
2.02126
2.02841
2.03573
2.04323
2.05089
2.05872
2.06671
2.07484
2.08312
2.09155
2.1001
2.10878
2.11758
2.12649
2.1355
2.14462
2.15382
2.1631
2.17245
2.18186
2.19134
2.20085
2.21041
2.21999
2.22959
2.2392
2.24881
2.25841
2.26799
2.27754
2.28705
2.29652
2.30592
2.31526
2.32451
2.33368
2.34274
2.3517
2.36053
2.36924
2.3778
2.38621
2.39446
2.40254
2.41044
2.41815
2.42565
2.43294
2.44001
2.44685
2.45345
2.4598
2.46589
2.47171
2.47726
2.51018
2.51502
2.26274
2.26678
2.27065
2.27434
2.27785
2.28117
2.2843
2.28723
2.28997
2.29249
2.29481
2.29691
2.2988
2.30046
2.30191
2.30312
2.3041
2.30486
2.30537
2.30565
2.3057
2.3055
2.30506
2.30438
2.30346
2.30229
2.30089
2.29925
2.29737
2.29526
2.29292
2.29034
2.28754
2.28451
2.28126
2.2778
2.27413
2.27025
2.26617
2.26189
2.25743
2.25278
2.24795
2.24296
2.2378
2.23248
2.22702
2.22141
2.21567
2.2098
2.20381
2.19771
2.1915
2.1852
2.17881
2.17233
2.16579
2.15918
2.1525
2.14578
2.13901
2.13221
2.12537
2.11851
2.11164
2.10475
2.09786
2.09097
2.08409
2.07723
2.07038
2.06355
2.05675
2.04999
2.04326
2.03658
2.02994
2.02335
2.01682
2.01034
2.00392
1.99757
1.99128
1.98505
1.9789
1.97282
1.96681
1.96087
1.95501
1.94923
1.94353
1.93791
1.77859
1.77578
1.77306
1.77041
1.76784
1.76534
1.76292
1.76057
1.75829
1.75608
1.75394
1.75186
1.74984
1.74788
1.74598
1.74414
1.74234
1.74059
1.7389
1.73724
1.73563
1.73406
1.73252
1.73102
1.72955
1.72811
1.72669
1.7253
1.72393
1.72258
1.72125
1.71993
1.71862
1.71732
1.71603
1.71475
1.71348
1.7122
1.71093
1.70966
1.70839
1.70711
1.70584
1.70456
1.70328
1.702
1.70072
1.69943
1.69814
1.69684
1.69555
1.69426
1.69297
1.69168
1.6904
1.68912
1.68785
1.6866
1.68536
1.68413
1.68293
1.68175
1.68059
1.67947
1.67838
1.67734
1.67633
1.67537
1.67447
1.67362
1.67284
1.67213
1.67148
1.67092
1.67044
1.67005
1.66976
1.66957
1.66948
1.66951
1.66966
1.66994
1.67034
1.67088
1.67156
1.67239
1.67337
1.67451
1.67581
1.67728
1.67892
1.68073
1.68272
1.68489
1.68725
1.6898
1.69254
1.69546
1.69859
1.7019
1.70542
1.70912
1.65899
1.66376
1.66873
1.67391
1.67929
1.68486
1.69063
1.69659
1.70273
1.70906
1.71556
1.72223
1.72907
1.73607
1.74322
1.75052
1.75795
1.76551
1.77319
1.78099
1.7889
1.79689
1.80498
1.81314
1.82138
1.82967
1.83801
1.84639
1.8548
1.86323
1.87168
1.88012
1.88856
1.89698
1.90538
1.91374
1.92206
1.93033
1.93854
1.94669
1.95476
1.96275
1.97066
1.97848
1.9862
1.99382
2.00133
2.00873
2.01602
2.0232
2.03025
2.03719
2.04401
2.0507
2.05727
2.06372
2.07006
2.07627
2.08237
2.08835
2.09423
2.09999
2.10566
2.11122
2.1167
2.12208
2.12738
2.13261
2.13776
2.14285
2.14788
2.15286
2.1578
2.1627
2.16757
2.17242
2.17726
2.18209
2.18692
2.19177
2.19662
2.20151
2.20642
2.21137
2.21637
2.22142
2.22653
2.23171
2.23696
2.24229
2.2477
2.2532
2.2588
2.26449
2.27029
2.2762
2.28221
2.28834
2.29458
2.30094
2.30742
2.31402
2.32074
2.32757
2.33453
2.24201
2.2477
2.2535
2.25939
2.26537
2.27145
2.27761
2.28385
2.29016
2.29654
2.30297
2.35188
2.36038
2.36892
2.37748
2.38605
2.39464
2.40321
2.41178
2.42031
2.4288
2.43725
2.44563
2.45394
2.46216
2.4703
2.47832
2.48624
2.49403
2.5017
2.50923
2.51661
2.52385
2.53093
2.53786
2.54463
2.55123
2.55768
2.56396
2.57008
2.57605
2.58186
2.58752
2.59303
2.5984
2.60363
2.60874
2.61372
2.61858
2.62333
2.62798
2.63253
2.63699
2.64137
2.64568
2.64991
2.65407
2.65817
2.66222
2.66621
2.67015
2.67403
2.67787
2.68166
2.6854
2.68908
2.69271
2.69296
2.69629
2.58707
2.5918
2.59646
2.60105
2.60556
2.60997
2.61428
2.61848
2.62255
2.62649
2.63029
2.63392
2.6374
2.64069
2.64379
2.64669
2.64938
2.65185
2.65408
2.65607
2.6578
2.65928
2.66048
2.66141
2.66205
2.66239
2.66244
2.66218
2.66161
2.66072
2.65952
2.658
2.65616
2.65399
2.65151
2.6487
2.64557
2.64212
2.63835
2.63427
2.62989
2.62519
2.62021
2.61492
2.60936
2.60351
2.59739
2.59102
2.58438
2.57751
2.5704
2.56306
2.55552
2.54777
2.53983
2.53171
2.52343
2.51499
2.50641
2.49769
2.48886
2.47993
2.4709
2.4618
2.45263
2.44341
2.43415
2.42487
2.41557
2.40627
2.39699
2.38774
2.37852
2.36935
2.36025
2.35123
2.34229
2.33345
2.32472
2.31612
2.3124
2.30433
2.29642
2.28867
2.2811
2.27371
2.26652
2.25951
2.25272
2.24613
2.23976
2.2336
2.22768
2.22198
2.21651
2.21127
2.20628
2.20151
2.19699
2.1927
2.18864
2.18482
2.18123
2.17787
2.17474
2.17182
2.16913
2.16664
2.16437
2.16229
2.11637
2.11536
2.11453
2.11389
2.11342
2.11311
2.11296
2.11296
2.11309
2.11335
2.11373
2.11423
2.11482
2.11552
2.11629
2.11715
2.11807
2.11906
2.1201
2.12119
2.12232
2.12348
2.12467
2.12588
2.12711
2.12834
2.12958
2.13082
2.13205
2.13327
2.13447
2.13565
2.13681
2.13794
2.13903
2.14008
2.1411
2.14206
2.14298
2.14384
2.14464
2.14537
2.14604
2.14663
2.14714
2.14757
2.14791
2.14815
2.1483
2.14834
2.14827
2.14808
2.14778
2.14735
2.1468
2.14611
2.14528
2.14431
2.14319
2.14193
2.14051
2.13893
2.1372
2.13531
2.13326
2.13104
2.12866
2.12612
2.12342
2.12055
2.11753
2.11435
2.11101
2.10752
2.10389
2.10012
2.09621
2.09217
2.088
2.08372
2.07933
2.07484
2.07026
2.0656
2.06086
2.05606
2.05121
2.01996
2.01724
2.01449
2.08365
2.08359
2.08352
2.08343
2.08335
2.08329
2.08324
2.08323
2.08325
2.08332
2.08345
2.08365
2.08392
2.08427
2.08472
2.08526
2.08591
2.08668
2.08757
2.08859
2.08974
2.09104
2.09249
2.09409
2.09586
2.09779
2.0999
2.10218
2.10465
2.1073
2.11014
2.09915
2.10252
2.10609
2.10987
2.11387
2.11807
2.12249
2.12713
2.13199
2.13708
2.14238
2.14791
2.15367
2.15965
2.16586
2.17229
2.17895
2.18584
2.19295
2.20028
2.20783
2.21561
2.22359
2.2318
2.24021
2.24883
2.25765
2.26667
2.27589
2.28529
2.29487
2.30464
2.31456
2.32466
2.38353
2.39552
2.40763
2.41988
2.43224
2.4447
2.45726
2.46991
2.48263
2.49541
2.50823
2.52109
2.53397
2.54686
2.55974
2.5726
2.58541
2.59818
2.61087
2.62348
2.63599
2.64837
2.66062
2.67272
2.68464
2.7343
2.74689
2.75926
2.77155
2.78523
2.79866
2.81179
2.82463
2.83715
2.84932
2.86115
2.87259
2.88365
2.8943
2.90453
2.99249
3.00386
3.01477
2.75891
2.76594
2.77263
2.77896
2.78493
2.79052
2.79573
2.80055
2.80497
2.80898
2.81258
2.81576
2.8185
2.82082
2.8227
2.82414
2.82514
2.8257
2.82581
2.82548
2.8247
2.82348
2.82182
2.81972
2.8172
2.75397
2.75077
2.74718
2.74318
2.7388
2.73403
2.7289
2.72341
2.71757
2.7114
2.7049
2.69809
2.69098
2.68359
2.67593
2.66801
2.65985
2.65145
2.64285
2.63405
2.62506
2.6159
2.6066
2.59715
2.58758
2.5779
2.56813
2.55827
2.54278
2.53357
2.52431
2.51502
2.50572
2.49643
2.48714
2.47789
2.46867
2.4595
2.45039
2.44136
2.43241
2.42356
2.41482
2.40619
2.3977
2.38934
2.38113
2.37308
2.3652
2.35749
2.34997
2.34264
2.33552
2.26393
2.25875
2.25379
2.24905
2.24454
2.24027
2.23624
2.23246
2.22893
2.22567
2.22267
2.21995
2.2175
2.21534
2.21346
2.21187
2.21058
2.20959
2.2089
2.20851
2.20843
2.20866
2.2092
2.21005
2.21121
2.2127
2.21449
2.2166
2.21903
2.22177
2.22483
2.2282
2.23188
2.23587
2.24017
2.24477
2.24968
2.25489
2.26039
2.26619
2.27228
2.27866
2.28532
2.29226
2.29947
2.30695
2.31471
2.32272
2.331
2.33952
2.3483
2.35732
2.36659
2.37609
2.38582
2.39578
2.40596
2.41636
2.42698
2.4378
2.44883
2.46005
2.47147
2.48308
2.49487
2.50683
2.51897
2.53126
2.54371
2.55631
2.572
2.5862
2.6005
2.61489
2.566
2.58126
2.59659
2.84715
2.86495
2.88264
2.90019
2.91758
2.93478
2.95175
2.96849
2.98495
3.00111
3.01694
3.03242
3.04751
3.06219
3.07642
3.09018
3.10345
3.1162
3.1284
3.14002
3.15106
3.16149
3.17128
3.18044
3.18893
3.19676
3.20392
3.21039
3.21618
3.2213
3.22573
3.22949
3.21601
3.21845
3.22026
3.22145
3.22205
3.22208
3.22155
3.2205
3.21894
3.21691
3.21443
3.21154
3.20825
3.20459
3.2006
3.1963
3.19171
3.18687
3.18179
3.1765
3.17103
3.16539
3.15959
3.15367
3.14764
3.14151
3.1353
3.12901
3.12267
3.11627
3.10983
3.10336
3.09685
3.09033
3.08378
3.07722
3.07064
3.06405
3.05744
3.05083
3.0442
3.03756
3.03091
3.02424
3.01755
2.91149
2.90707
2.90258
2.89801
2.89338
2.88866
2.88387
2.879
2.87406
2.86903
2.86393
2.85875
2.85349
2.84815
2.84274
2.83725
2.83169
2.82606
2.82035
2.81458
2.80875
2.80284
2.79688
2.79086
2.78478
2.77866
2.77248
2.76625
2.75999
2.75368
2.74734
2.74096
2.73455
2.72812
2.72166
2.71518
2.70868
2.70216
2.69563
2.68909
2.68254
2.67598
2.66942
2.66286
2.65629
2.64973
2.64316
2.6366
2.63004
2.62348
2.61692
2.61037
2.60382
2.59728
2.59073
2.58419
2.57764
2.57109
2.56454
2.55798
2.55141
2.54483
2.53823
2.53162
2.52499
2.56372
2.55849
2.55322
2.54792
2.54258
2.5372
2.53177
2.52628
2.52073
2.51512
2.50943
2.50367
2.49782
2.49189
2.48586
2.47974
2.47351
2.46717
2.46071
2.45414
2.44744
2.44062
2.43366
2.42657
2.41934
2.41196
2.40444
2.39677
2.38894
2.38096
2.37283
2.36454
2.35609
2.34748
2.3387
2.32977
2.32068
2.31143
2.30203
2.29246
2.28274
2.27287
2.26284
2.25267
2.24236
2.2319
2.2213
2.21056
2.1997
2.18871
2.14308
2.13114
2.11908
2.10691
2.09463
2.08225
2.06977
2.05719
2.04453
2.03178
2.01896
2.00606
1.9931
1.98007
1.96699
1.998
1.98575
1.97345
1.96111
1.94873
1.93632
1.92387
1.91139
1.92528
1.91297
1.90064
1.88829
1.87593
1.86356
1.85119
1.83881
1.82642
1.81404
1.80166
1.78929
1.77692
1.76456
1.75222
1.73988
1.72757
1.71526
1.70298
1.69073
1.67849
1.66628
1.65411
1.64196
1.62985
1.61777
1.60574
1.59375
1.5818
1.56991
1.55806
1.54628
1.50667
1.49666
1.4867
1.47682
1.467
1.45727
1.44761
1.43803
1.42854
1.41915
1.40985
1.40066
1.39158
1.37406
1.365
1.35605
1.34723
1.33855
1.33
1.3216
1.31335
1.30525
1.29732
1.28955
1.28196
1.27454
1.26731
1.26026
1.34159
1.33556
1.32971
1.32405
1.31859
1.31332
1.30826
1.3034
1.29876
1.29432
1.29009
1.28609
1.2823
1.27873
1.27538
1.27225
1.26935
1.26667
1.26422
1.26199
1.25999
1.25821
1.25666
1.25533
1.25422
1.25333
1.25267
1.25222
1.22998
1.2302
1.23064
1.23129
1.23215
1.23322
1.23449
1.23597
1.23764
1.23951
1.24157
1.24382
1.24626
1.24887
1.25167
1.25464
1.25777
1.26108
1.26455
1.26817
1.27195
1.27589
1.27997
1.28419
1.28856
1.29306
1.2977
1.30247
1.30737
1.3124
1.31755
1.32283
1.32822
1.33374
1.33938
1.34513
1.35101
1.35699
1.3631
1.36932
1.37567
1.38213
1.38871
1.39541
1.40223
1.40918
1.41626
1.42346
1.43079
1.43826
1.44586
1.4536
1.45671
1.52925
1.53665
1.57841
1.58654
1.59483
1.60328
1.6119
1.62067
1.62961
1.63872
1.648
1.65744
1.66705
1.67683
1.68677
1.69688
1.70716
1.71759
1.72818
1.73893
1.74983
1.76088
1.77206
1.78339
1.79484
1.7951
1.80598
1.81697
1.82808
1.83929
1.85059
1.95006
1.96294
1.97587
1.98884
2.00183
2.01484
2.02784
2.04083
2.05379
2.06671
2.07957
2.16977
2.18329
2.1966
2.2097
2.22255
2.23515
2.24747
2.2595
2.27122
2.28262
2.29367
2.30438
2.31472
2.32468
2.33426
2.34343
2.3522
2.30477
2.31259
2.31999
2.32697
2.33352
2.33963
2.34532
2.35057
2.35539
2.35978
2.36375
2.36729
2.37042
2.37314
2.37545
2.37736
2.37888
2.38003
2.28929
2.2914
2.29322
2.29474
2.29598
2.29694
2.29763
2.29805
2.29822
2.29813
2.25831
2.25922
2.19133
2.19686
2.20225
2.2053
2.21187
2.21829
2.22455
2.23067
2.23662
2.24243
2.24808
2.25358
2.25891
2.26409
2.26911
2.27397
2.27866
2.28318
2.28753
2.29171
2.29571
2.29953
2.30316
2.30661
2.30987
2.31294
2.31581
2.31848
2.32095
2.32322
2.32528
2.32712
2.32876
2.33019
2.33141
2.33241
2.3332
2.33377
2.33414
2.33429
2.33424
2.33397
2.3335
2.33283
2.33196
2.33089
2.32963
2.32818
2.32654
2.32471
2.32271
2.32053
2.31818
2.31567
2.31298
2.31014
2.30713
2.30397
2.30124
2.29801
2.29463
2.29111
2.28744
2.28363
2.27968
2.2756
2.27137
2.267
2.26249
2.25785
2.25306
2.24814
2.24308
2.23787
2.23253
2.22705
2.22143
2.21567
2.20977
2.20374
2.19757
2.11087
2.10488
2.09876
2.09251
2.08614
2.07965
2.07304
2.00033
1.9955
1.99067
1.98584
1.98101
1.97618
1.97136
1.96655
1.96175
1.95697
1.94427
1.93995
1.93564
1.93135
1.92707
1.92281
1.91858
1.91438
1.91021
1.90607
1.90197
1.89791
1.8939
1.88994
1.88602
1.88217
1.85025
1.84626
1.84234
1.83849
1.8347
1.831
1.82736
1.82381
1.82034
1.81696
1.81366
1.81045
1.80734
1.83385
1.83423
1.83468
1.8352
1.8358
1.83646
1.8372
1.83801
1.83889
1.83984
1.84086
1.84195
1.84312
1.84435
1.84566
1.84703
1.84848
1.84999
1.85158
1.85323
1.85494
1.85673
1.85858
1.8605
1.86248
1.86452
1.86663
1.8688
1.87103
1.87333
1.87568
1.87808
1.88055
1.88307
1.88564
1.88827
1.89095
1.86935
1.87096
1.87259
1.87425
1.87593
1.87764
1.87937
1.88113
1.88291
1.88471
1.88654
1.867
1.8691
1.87122
1.87336
1.87552
1.8777
1.87989
1.88212
1.88436
1.88663
1.88893
1.89127
1.89363
1.89603
1.89846
1.90094
1.90346
1.90603
1.90865
1.91132
1.91405
1.91684
1.91969
1.92261
1.9256
1.92867
1.93181
1.93504
1.93835
1.94175
1.94524
1.94882
1.95251
1.95629
1.96018
1.96417
1.96826
1.97246
1.97677
1.98119
1.98572
1.99035
1.99509
1.99994
2.0049
2.00995
2.01511
2.02036
2.0257
2.03113
2.03664
2.04223
2.04788
2.0536
2.05938
2.06521
2.07108
2.07698
2.0829
2.08883
2.09478
2.10071
2.10663
2.11253
2.11839
2.1242
2.12996
2.13565
2.14126
2.14679
2.15221
2.15753
2.16273
2.16781
2.17275
2.17755
2.18219
2.18667
2.19099
2.19514
2.19911
2.20289
2.20648
2.20988
2.21308
2.21608
2.21888
2.22147
2.22386
2.22604
2.22802
2.22978
2.23134
2.2327
2.23385
2.2348
2.23556
2.23611
2.23648
2.23665
2.23665
2.23646
2.2361
2.23556
2.23487
2.23401
2.233
2.23185
2.23055
2.22912
2.22756
2.22588
2.22408
2.22218
2.22017
2.21808
2.21589
2.21362
2.21129
2.20888
2.20642
2.20391
2.20136
2.19876
2.19614
2.19349
2.19083
2.18815
2.18547
2.1828
2.18013
2.17747
2.17483
2.17221
2.16962
2.16706
2.16454
2.16206
2.15961
2.15722
2.15487
2.15257
2.15032
2.14812
2.14597
2.14387
2.14183
2.13983
2.13789
2.13599
2.13413
2.13232
2.13055
2.12881
2.12711
2.12543
2.12378
2.12214
2.12052
2.11891
2.1173
2.11568
2.11406
2.11243
2.11078
2.1091
2.10739
2.10564
2.10385
2.10202
2.10013
2.09818
2.09616
2.09408
2.09193
2.0897
2.08739
2.085
2.08252
2.07995
2.07729
2.07454
2.0717
2.06877
2.06574
2.06262
2.07873
2.07631
2.07378
2.07116
2.06843
2.06561
2.0627
2.05971
2.05663
2.05349
2.05027
2.04699
2.04366
2.04028
2.03687
2.03342
2.02994
2.02645
2.02295
2.01945
2.01596
2.01249
2.00904
2.00563
2.00226
1.99895
1.99569
1.9925
1.98938
1.98635
1.98341
1.98058
1.97784
1.97523
1.97273
1.97036
1.96813
1.96604
1.96409
1.9623
1.96067
1.9592
1.9579
1.95678
1.95583
1.95507
1.95449
1.95411
1.95392
1.95393
1.95414
1.95456
1.95518
1.95602
1.95706
1.95833
1.95981
1.96151
1.96343
1.96557
1.96794
1.97053
1.97335
1.9764
1.97968
1.98319
1.98693
1.9909
1.99511
1.99955
2.00422
2.00913
2.01427
2.01964
2.02525
2.0311
2.03717
2.04348
2.05002
2.05679
2.06379
2.07102
2.07848
2.08616
2.09406
2.10218
2.11052
2.11907
2.12784
2.13681
2.14598
2.15535
2.16492
2.17468
2.18462
2.19473
2.20502
2.21548
2.22609
2.23685
2.24776
2.2588
2.26996
2.28125
2.29264
2.30413
2.3157
2.32736
2.33908
2.35085
2.36267
2.37451
2.38637
2.39824
2.4101
2.42194
2.43374
2.44549
2.45717
2.46878
2.48029
2.4917
2.50298
2.51412
2.52511
2.53594
2.54658
2.55703
2.56726
2.57727
2.54723
2.55499
2.56249
2.56972
2.57665
2.58329
2.58961
2.59562
2.6013
2.52969
2.53682
2.54358
2.54995
2.55595
2.56155
2.56676
2.57157
2.57599
2.58001
2.57467
2.57813
2.58119
2.58386
2.58614
2.58803
2.58954
2.59067
2.59143
2.59183
2.59188
2.59157
2.59093
2.58995
2.58865
2.58704
2.58513
2.58293
2.58045
2.55769
2.55403
2.55012
2.54597
2.54161
2.53703
2.53225
2.53564
2.53152
2.52723
2.52279
2.51821
2.5135
2.50867
2.50374
2.49872
2.49361
2.48843
2.48318
2.47789
2.47255
2.46719
2.4618
2.45641
2.45101
2.44561
2.44023
2.43488
2.42956
2.42428
2.41904
2.41387
2.40875
2.40371
2.39874
2.39385
2.38906
2.38436
2.37976
2.37526
2.37088
2.3666
2.36245
2.35843
2.35452
2.35075
2.34712
2.34362
2.34026
2.33704
2.33397
2.33104
2.32825
2.32562
2.32313
2.32079
2.3186
2.31656
2.31466
2.31292
2.31132
2.30986
2.30855
2.30738
2.30635
2.30545
2.3047
2.30407
2.30357
2.30321
2.30296
2.30284
2.30283
2.30294
2.30316
2.30349
2.30392
2.30445
2.30508
2.3058
2.3066
2.30749
2.30847
2.30952
2.31064
2.31183
2.31309
2.31441
2.31578
2.31721
2.3187
2.32022
2.32179
2.3234
2.32505
2.32673
2.32843
2.33016
2.33191
2.33368
2.33546
2.33726
2.33905
2.34085
2.34265
2.34445
2.34623
2.348
2.34976
2.35149
2.3532
2.35488
2.35653
2.35813
2.3597
2.36121
2.36268
2.36409
2.36544
2.36672
2.36794
2.36907
2.37013
2.37111
2.37199
2.37278
2.37347
2.37406
2.37454
2.3749
2.37514
2.37527
2.37526
2.37513
2.37486
2.37445
2.37389
2.37319
2.37234
2.36729
2.36644
2.36543
2.36426
2.36293
2.36144
2.35979
2.35797
2.35599
2.35383
2.35152
2.34904
2.34639
2.34358
2.3406
2.33746
2.33416
2.3307
2.32709
2.32332
2.31939
2.31532
2.31111
2.30675
2.30226
2.29763
2.29287
2.28798
2.28296
2.27783
2.27259
2.26723
2.26177
2.25621
2.25055
2.13995
2.13399
2.12795
2.12183
2.11564
2.10938
2.10305
2.09667
2.09022
2.08372
2.07717
2.07058
2.06394
2.05727
2.05056
2.04382
2.03705
2.06715
2.06061
2.05404
2.04746
2.04086
2.03426
2.02764
2.02102
2.0144
2.00778
2.00117
1.99456
1.98797
1.98139
1.97483
1.96829
1.96177
1.95529
1.94883
1.94241
1.93602
1.92968
1.92338
1.91713
1.91092
1.90477
1.89868
1.89265
1.88668
1.88077
1.87494
1.86917
1.86348
1.85787
1.85234
1.84689
1.84153
1.83626
1.82992
1.82518
1.82054
1.816
1.81157
1.80723
1.80301
1.79889
1.79488
1.79097
1.78718
1.7835
1.77993
1.77647
1.77312
1.76989
1.76676
1.76375
1.76085
1.75805
1.75537
1.75279
1.75032
1.74795
1.74569
1.74353
1.74147
1.73951
1.73764
1.73588
1.7342
1.73262
1.73112
1.72972
1.7284
1.72717
1.72601
1.72494
1.72395
1.72304
1.7222
1.72144
1.72075
1.72013
1.78721
1.78898
1.79084
1.7928
1.79485
1.797
1.79924
1.80157
1.804
1.80652
1.80913
1.81183
1.81462
1.8175
1.82048
1.82355
1.82671
1.82996
1.83331
1.83675
1.84028
1.84391
1.84763
1.85145
1.85537
1.85938
1.86349
1.8677
1.87201
1.87642
1.88093
1.88554
1.89026
1.89507
1.89999
1.90501
1.91014
1.91537
1.9207
1.92614
1.93168
1.93732
1.94307
1.94892
1.95487
1.96091
1.96706
1.9733
1.97963
1.98606
1.99257
1.99918
2.00586
2.01263
2.01947
2.02639
2.03337
2.04042
2.04753
2.05469
2.06189
2.06915
2.10975
2.11712
2.12451
2.13191
2.13932
2.14672
2.15412
2.1615
2.16886
2.17618
2.18346
2.19069
2.19786
2.20497
2.212
2.21894
2.22579
2.23254
2.23918
2.24569
2.25208
2.25833
2.26443
2.27038
2.27616
2.28177
2.28719
2.29243
2.29746
2.30229
2.3069
2.31129
2.31546
2.31938
2.32306
2.32648
2.32965
2.33255
2.33518
2.33753
2.3396
2.34138
2.34287
2.34406
2.34495
2.34553
2.3458
2.34576
2.3454
2.34473
2.34374
2.34242
2.34078
2.33882
2.33653
2.33392
2.33099
2.32773
2.32416
2.32026
2.31605
2.31153
2.3067
2.30156
2.29612
2.29038
2.28436
2.27804
2.27144
2.26457
2.25743
2.25003
2.24238
2.23448
2.22633
2.21796
2.20936
2.20054
2.19152
2.1823
2.17288
2.16329
2.15352
2.14358
2.13349
2.12326
2.11288
2.10238
2.09177
2.08104
2.07021
2.05929
2.04829
2.03721
2.02607
2.01488
2.00365
1.99238
1.98108
1.96977
1.95845
1.94713
1.93582
1.92453
1.91328
1.90206
1.89089
1.87978
1.86873
1.85776
1.84687
1.83607
1.82537
1.81479
1.80431
1.79397
1.78375
1.77368
1.76375
1.75397
1.74436
1.73491
1.72564
1.71654
1.70763
1.69891
1.69039
1.68207
1.67395
1.66604
1.65834
1.65086
1.64359
1.63655
1.62973
1.62313
1.61677
1.61063
1.60471
1.58112
1.57693
1.57297
1.56927
1.5658
1.56258
1.5596
1.55686
1.55436
1.55209
1.55006
1.54826
1.54668
1.54533
1.54421
1.5433
1.54261
1.54213
1.54186
1.54179
1.54193
1.54227
1.54279
1.54351
1.54442
1.5455
1.54677
1.5482
1.54981
1.55159
1.55353
1.55563
1.55788
1.56029
1.56284
1.56554
1.56838
1.57136
1.57448
1.57772
1.5811
1.5846
1.58822
1.59197
1.59583
1.59981
1.6039
1.6081
1.61242
1.61683
1.62136
1.62598
1.63071
1.63553
1.64045
1.64546
1.65056
1.65576
1.66104
1.66642
1.67187
1.67741
1.68303
1.68872
1.69449
1.70034
1.70626
1.71225
1.7183
1.72442
1.7306
1.73684
1.74314
1.74948
1.75588
1.76232
1.76881
1.7247
1.73467
1.7447
1.75477
1.7649
1.77506
1.78525
1.79546
1.80569
1.81594
1.82618
1.83642
1.84664
1.85684
1.86701
1.87713
1.88721
1.89722
1.90717
1.91704
1.92681
1.93649
1.94606
1.95551
1.96483
1.97402
1.98305
1.99192
2.00063
2.00915
2.01749
2.02563
2.03356
2.04128
2.04877
2.05603
2.06306
2.06983
2.07635
2.08262
2.08862
2.09434
2.09979
2.10496
2.10985
2.11444
2.11875
2.12276
2.12648
2.12991
2.13303
2.13587
2.1384
2.14064
2.14259
2.14424
2.14561
2.14668
2.14748
2.14799
2.14823
2.1482
2.1479
2.14733
2.14652
2.14544
2.14412
2.14257
2.14077
2.13875
2.13651
2.13405
2.13138
2.12851
2.12545
2.12219
2.11875
2.11513
2.11135
2.1074
2.10329
2.09904
2.09464
2.0901
2.08544
2.08065
2.07574
2.07072
2.0656
2.06038
2.05507
2.04967
2.04419
2.03865
2.03303
2.02736
2.02163
2.01585
2.01003
2.00418
1.9983
1.9924
1.98648
1.98055
1.97461
1.96868
1.96276
1.95685
1.95096
1.9451
1.93927
1.93348
1.92774
1.92204
1.91641
1.91083
1.90533
1.8999
1.89455
1.88928
1.8841
1.87902
1.87404
1.86917
1.8644
1.85975
1.85521
1.8508
1.84652
1.84236
1.83834
1.83445
1.8307
1.82709
1.82363
1.82031
1.81713
1.8141
1.81122
1.80848
1.82131
1.81953
1.86525
1.86448
1.86384
1.86332
1.86293
1.86266
1.8625
1.86246
1.86253
1.86271
1.863
1.86338
1.86385
1.86441
1.86506
1.86578
1.80491
1.80614
1.80747
1.80889
1.81039
1.81197
1.81362
1.81533
1.81711
1.81893
1.8208
1.8227
1.82464
1.8266
1.82858
1.83057
1.83257
1.83456
1.83655
1.83853
1.84049
1.84243
1.84435
1.84623
1.84808
1.84988
1.85165
1.85336
1.85503
1.85665
1.8582
1.85971
1.86115
1.86252
1.86384
1.86509
1.86995
1.87141
1.8728
1.87413
1.87538
1.87656
1.87766
1.87869
1.87964
1.8805
1.88129
1.88199
1.8826
1.88311
1.88354
1.88386
1.88408
1.8842
1.8842
1.88408
1.88385
1.88349
1.88299
1.88236
1.88159
1.88068
1.87961
1.87838
1.877
1.87545
1.94583
1.94254
1.93911
1.93554
1.93183
1.92797
1.92398
1.91985
1.9156
1.91122
1.90672
1.90211
1.89739
1.89259
1.8877
1.88274
1.87772
1.87265
1.86756
1.86244
1.85732
1.85221
1.84712
1.84208
1.83709
1.83218
1.82735
1.82263
1.81803
1.81355
1.80923
1.80506
1.80106
1.79725
1.79363
1.79022
1.78703
1.78406
1.78133
1.77883
1.77659
1.7746
1.77287
1.7714
1.7702
1.76927
1.76862
1.76824
1.76814
1.76831
1.76877
1.7695
1.77051
1.77179
1.77335
1.77518
1.77728
1.77965
1.78229
1.78519
1.78834
1.79176
1.79542
1.79934
1.80349
1.80789
1.81252
1.81739
1.82248
1.82779
1.83332
1.83907
1.84502
1.85117
1.85751
1.86405
1.87077
1.87767
1.88474
1.89197
1.89936
1.90691
1.9146
1.92242
1.93038
1.93846
1.94665
1.95495
1.96335
1.97184
1.98041
1.98905
1.99775
2.00651
2.0153
2.02414
2.03299
2.04186
2.05073
2.0596
2.06845
2.07727
2.08605
2.09478
2.10345
2.11205
2.12057
2.12899
2.13731
2.14552
2.15361
2.16156
2.16936
2.17702
2.18451
2.19183
2.19473
2.20185
2.20876
2.21546
2.22196
2.22823
2.23428
2.2401
2.24568
2.25103
2.25613
2.26099
2.2656
2.26997
2.27409
2.27795
2.28158
2.28495
2.28809
2.29098
2.29364
2.29606
2.29825
2.30022
2.30197
2.30351
2.30485
2.30599
2.30694
2.30771
2.30831
2.30875
2.30904
2.30918
2.30919
2.30908
2.30886
2.30854
2.30813
2.30764
2.30708
2.30647
2.30581
2.30512
2.30441
2.30368
2.30295
2.30223
2.30152
2.30084
2.3002
2.2996
2.29905
2.29857
2.29815
2.2978
2.29754
2.29737
2.48641
2.48522
2.48405
2.4829
2.48179
2.48071
2.47967
2.47868
2.47775
2.47686
2.47603
2.47526
2.47455
2.47391
2.47332
2.4728
2.47234
2.47193
2.47159
2.4713
2.47106
2.47088
2.47074
2.47064
2.47059
2.47057
2.47058
2.47061
2.47066
2.47074
2.47082
2.4709
2.47099
2.47106
2.47113
2.47118
2.47121
2.47122
2.47119
2.43167
2.43181
2.43192
2.43197
2.43197
2.43192
2.4318
2.43162
2.43138
2.43108
2.4307
2.43026
2.51051
2.50974
2.50887
2.50792
2.50688
2.50575
2.50453
2.50323
2.50185
2.50038
2.49884
2.49721
2.49551
2.49374
2.49189
2.48998
2.48799
2.48594
2.48382
2.48164
2.4794
2.4771
2.40988
2.40834
2.40672
2.40501
2.40321
2.40134
2.39938
2.39734
2.39521
2.39301
2.39072
2.38835
2.38589
2.38335
2.38071
2.37799
2.37519
2.37228
2.36929
2.3662
2.36302
2.35974
2.35635
2.35287
2.34929
2.3456
2.34181
2.33791
2.3339
2.32979
2.32557
2.32124
2.31679
2.17652
2.1718
2.16698
2.16206
2.15705
2.15194
2.14674
2.14144
2.13605
2.13058
2.12501
2.11936
2.11363
2.10782
2.10193
2.09596
2.08993
2.08382
2.07764
2.07141
2.06511
2.05875
2.05234
2.04588
2.03937
2.03282
2.02622
2.01959
2.01292
2.00623
1.9995
1.99275
1.98599
1.9792
1.9724
1.96559
1.95878
1.95196
1.94514
1.93833
1.93152
1.92472
1.91794
1.91118
1.90444
1.89772
1.89103
1.88437
1.87775
1.87116
1.86462
1.85813
1.85168
1.84528
1.83894
1.83266
1.82643
1.82027
1.81418
1.80816
1.80221
1.79634
1.79055
1.78484
1.77921
1.77367
1.76821
1.76285
1.75758
1.7524
1.74732
1.74234
1.73745
1.73267
1.728
1.72342
1.71896
1.7146
1.71034
1.7062
1.70217
1.69824
1.69443
1.69073
1.68714
1.68366
1.6803
1.67704
1.6739
1.67087
1.66795
1.66515
1.66245
1.65987
1.65739
1.65503
1.65277
1.65062
1.64858
1.64664
1.64481
1.64309
1.64146
1.63994
1.63852
1.6372
1.63597
1.63485
1.63381
1.63288
1.63203
1.63127
1.63061
1.63003
1.62954
1.62913
1.62881
1.62856
1.6284
1.62831
1.6283
1.62837
1.6285
1.62871
1.62898
1.66724
1.66897
1.67078
1.67266
1.67462
1.67665
1.67874
1.6809
1.68313
1.68541
1.68776
1.69017
1.69264
1.69516
1.69773
1.70036
1.70304
1.70576
1.70853
1.71135
1.71421
1.71712
1.72006
1.72305
1.72608
1.72915
1.73225
1.73539
1.73857
1.74179
1.74504
1.74833
1.75165
1.75501
1.75841
1.76185
1.76532
1.76883
1.77238
1.77598
1.77961
1.78329
1.78701
1.79077
1.79459
1.79845
1.80237
1.80634
1.81036
1.81444
1.81859
1.82279
1.82707
1.8314
1.83581
1.8403
1.84486
1.84949
1.85422
1.85902
1.86391
1.8689
1.87398
1.87916
1.88444
1.88982
1.89531
1.90091
1.90663
1.91246
1.91842
1.9245
1.9307
1.93704
1.94352
1.95013
1.95688
1.96378
1.97083
1.97803
1.98538
1.99289
2.00056
2.0084
2.0164
2.02457
2.03291
2.04142
2.05011
2.05898
2.06802
2.07725
2.08665
2.09624
2.10601
2.11596
2.1261
2.13641
2.14691
2.15758
2.16843
2.17946
2.19065
2.20202
2.21354
2.2958
2.30859
2.32151
2.33453
2.34766
2.32215
2.33553
2.349
2.36254
2.37614
2.38978
2.40345
2.41715
2.43084
2.44453
2.4582
2.47183
2.4854
2.49891
2.51234
2.52567
2.53888
2.55197
2.56491
2.57769
2.5903
2.60272
2.61494
2.62694
2.63872
2.65025
2.66153
2.67254
2.68328
2.69372
2.70388
2.71372
2.72325
2.73246
2.74134
2.74989
2.75809
2.76595
2.77346
2.78062
2.78743
2.79387
2.79996
2.80569
2.81106
2.74949
2.75521
2.76059
2.76561
2.77028
2.7746
2.77858
2.7822
2.78548
2.78841
2.79099
2.79323
2.79513
2.79668
2.79789
2.79875
2.79927
2.79945
2.79928
2.79877
2.79792
2.79672
2.79518
2.79328
2.79104
2.78846
2.78552
2.78224
2.77861
2.77463
2.7703
2.76562
2.7606
2.75524
2.74954
2.7435
2.73713
2.73043
2.72341
2.71607
2.70843
2.70049
2.69226
2.68375
2.67497
2.66594
2.65666
2.64715
2.63743
2.62751
2.6174
2.60712
2.59669
2.58613
2.57545
2.56466
2.55123
2.54128
2.53129
2.52128
2.51126
2.50126
2.49128
2.48135
2.47148
2.46169
2.45199
2.44241
2.43294
2.42362
2.41444
2.40543
2.39659
2.38794
2.37948
2.37123
2.36318
2.35536
2.34777
2.34041
2.33328
2.3264
2.34804
2.34028
2.33278
2.32556
2.3186
2.31192
2.30551
2.29938
2.29353
2.28795
2.28265
2.27761
2.27285
2.26835
2.26411
2.26013
2.2564
2.25292
2.24969
2.24669
2.24392
2.24137
2.23904
2.23692
2.235
2.23327
2.23173
2.23037
2.22917
2.22814
2.22726
2.22653
2.22593
2.22546
2.22511
2.22487
2.22474
2.22469
2.22473
2.22485
2.22504
2.22528
2.22558
2.22593
2.22631
2.22671
2.22714
2.22759
2.22804
2.22849
2.22893
2.22936
2.22976
2.23014
2.23048
2.23079
2.23104
2.23124
2.23139
2.23147
2.23148
2.23141
2.23126
2.23102
2.2307
2.23027
2.22974
2.22911
2.22836
2.2275
2.22652
2.22541
2.22417
2.2228
2.22128
2.21963
2.21783
2.21588
2.21377
2.21151
2.20909
2.20651
2.20376
2.20084
2.19776
2.19451
2.19108
2.18748
2.18371
2.17976
2.17564
2.17134
2.16688
2.16224
2.15744
2.15247
2.14733
2.14204
2.13659
2.13098
2.12523
2.11934
2.11331
2.10714
2.10086
2.09446
2.08795
2.08133
2.07463
2.06783
2.06097
2.05403
2.04704
2.03999
2.03291
2.0258
2.01868
2.01154
2.00441
1.99729
1.99522
1.9895
1.98384
1.97825
1.97276
1.96735
1.96206
1.95687
1.95182
1.94691
1.94214
1.93752
1.93307
1.9288
1.92471
1.92081
1.91712
1.91362
1.91035
1.90729
1.90447
1.90187
1.89952
1.89741
1.89556
1.89395
1.89261
1.89153
1.89071
1.89016
1.88988
1.88986
1.89012
1.89065
1.89146
1.89253
1.89387
1.89548
1.89736
1.8995
1.9019
1.95165
1.95473
1.95806
1.96163
1.96543
1.96945
1.9737
1.97815
1.98281
1.98767
1.99271
1.96599
1.97264
1.97945
1.9864
1.9935
2.00072
2.00806
2.0155
2.02305
2.03067
2.03838
2.04615
2.05397
2.06185
2.06976
2.07769
2.08565
2.09362
2.10159
2.10955
2.1175
2.12543
2.13332
2.14119
2.14901
2.15678
2.16451
2.17217
2.17977
2.18731
2.19478
2.20217
2.20949
2.21673
2.22389
2.23096
2.23795
2.24485
2.25167
2.2584
2.26504
2.27159
2.27806
2.28444
2.29073
2.29694
2.32897
2.33743
2.34579
2.35407
2.36226
2.37037
2.3784
2.35645
2.36432
2.3721
2.37981
2.38744
2.39499
2.40248
2.40989
2.41724
2.42452
2.43173
2.43889
2.44599
2.45303
2.46002
2.46695
2.47384
2.48068
2.48747
2.49421
2.50092
2.50758
2.5142
2.52078
2.52732
2.53383
2.5403
2.54673
2.55313
2.55949
2.56581
2.5721
2.57836
2.58458
2.59076
2.59691
2.60301
2.60908
2.61511
2.62109
2.62703
2.63293
2.63878
2.64457
2.65032
2.65602
2.66165
2.66723
2.67275
2.6782
2.68358
2.6889
2.69413
2.69929
2.70437
2.70937
2.71427
2.71909
2.7238
2.72842
2.73293
2.73733
2.74162
2.7458
2.74985
2.75377
2.75757
2.76123
2.76476
2.76815
2.77139
2.77449
2.77744
2.78024
2.78288
2.78536
2.78769
2.78986
2.79186
2.7937
2.79538
2.7969
2.79826
2.79946
2.80049
2.80137
2.80209
2.80267
2.80309
2.80336
2.80349
2.80348
2.80333
2.80304
2.78561
2.78493
2.78414
2.78323
2.78221
2.78108
2.77985
2.77853
2.7771
2.77558
2.77397
2.77226
2.77046
2.76857
2.76659
2.76452
2.76235
2.76009
2.75774
2.75528
2.75273
2.75006
2.7473
2.74442
2.74142
2.7383
2.73507
2.7317
2.72821
2.72457
2.7208
2.71689
2.71283
2.70863
2.70427
2.69976
2.69509
2.69027
2.6853
2.68017
2.67488
2.66944
2.66385
2.65811
2.65224
2.64622
2.64007
2.63379
2.62739
2.62088
2.61427
2.60756
2.60077
2.59391
2.58698
2.58
2.57298
2.56593
2.55887
2.5518
2.54475
2.53773
2.53074
2.52381
2.51694
2.51015
2.50345
2.49686
2.49039
2.48405
2.47785
2.4718
2.46592
2.4602
2.45467
2.44933
2.44417
2.43922
2.43447
2.42993
2.42559
2.42146
2.41753
2.41381
2.41027
2.40693
2.40377
2.40078
2.39794
2.39524
2.39267
2.39039
2.38903
2.38773
2.38646
2.38519
2.3839
2.38256
2.38115
2.37963
2.37797
2.37615
2.37414
2.3719
2.36941
2.36664
2.36356
2.36015
2.35638
2.35224
2.3477
2.34275
2.33738
2.33157
2.32532
2.31863
2.31149
2.30391
2.2959
2.28747
2.27863
2.26941
2.25981
2.24987
2.2396
2.22905
2.21824
2.2072
2.19596
2.18457
2.17304
2.16144
2.14977
2.1381
2.12644
2.11483
2.10332
2.09192
2.08068
2.06962
2.05877
2.04816
2.03781
2.02775
2.01799
2.00857
1.99949
1.99077
1.98243
1.97447
1.96691
1.95976
1.95302
1.9467
1.9408
1.93533
1.93028
1.92566
1.92146
1.91768
1.91433
1.91138
1.90884
1.9067
1.90495
1.90359
1.90261
1.90199
1.90173
1.90183
1.90226
1.90301
1.90409
1.90546
1.90714
1.90909
1.91132
1.91381
1.91654
1.91951
1.92271
1.92612
1.92973
1.93354
1.93753
1.94168
1.946
1.95046
1.95507
1.9598
1.96466
1.98125
1.98634
1.99153
1.9968
2.00214
2.00756
2.01304
2.01858
2.02416
2.02979
2.03545
2.04113
2.04684
2.05257
2.05831
2.06405
2.0698
2.07554
2.08127
2.08698
2.09268
2.09835
2.104
2.10961
2.11519
2.12073
2.12622
2.13166
2.13705
2.14238
2.14765
2.15284
2.15797
2.16302
2.16799
2.17288
2.17767
2.18237
2.18696
2.19145
2.19583
2.20009
2.20422
2.20823
2.2121
2.21584
2.21942
2.22286
2.22613
2.22925
2.23219
2.23496
2.23754
2.23994
2.24214
2.24414
2.24594
2.24753
2.2489
2.25005
2.25097
2.25165
2.2521
2.25231
2.25228
2.25199
2.25144
2.25064
2.24958
2.24825
2.24666
2.24479
2.24266
2.24025
2.23756
2.2346
2.23137
2.22785
2.22406
2.21999
2.21565
2.21103
2.20613
2.20097
2.19553
2.18983
2.18387
2.17764
2.17116
2.16443
2.15745
2.15022
2.14276
2.13506
2.12714
2.11899
2.11063
2.10206
2.09329
2.06588
2.05728
2.04852
2.03959
2.0305
2.02127
2.0119
2.00241
1.99279
1.98306
1.97323
1.96331
1.95331
1.93835
1.92822
1.91804
1.90781
1.89755
1.88726
1.87695
1.86664
1.85632
1.89275
1.88413
1.87553
1.86695
1.85839
1.84988
1.84141
1.833
1.82465
1.81638
1.80818
1.80008
1.79208
1.78418
1.7764
1.76875
1.76123
1.75385
1.74663
1.73956
1.73267
1.72595
1.71942
1.71308
1.70695
1.70103
1.69533
1.68986
1.68463
1.67965
1.67492
1.67045
1.66626
1.66234
1.6587
1.65536
1.65232
1.64959
1.64717
1.64506
1.64329
1.64184
1.64073
1.63995
1.63952
1.63944
1.63971
1.64033
1.64131
1.64265
1.64435
1.6464
1.64882
1.6516
1.65474
1.65823
1.66209
1.6663
1.67086
1.75872
1.84188
1.85175
1.86187
1.87223
1.88282
1.89365
1.90469
1.91593
1.92737
1.93899
1.95079
1.96275
1.97485
1.98709
1.99945
2.01192
2.02449
2.03713
2.04985
2.06261
2.07542
2.08825
2.10108
2.11392
2.12673
2.1395
2.15223
2.19514
2.20838
2.22154
2.23459
2.24752
2.26032
2.27297
2.28547
2.29779
2.30993
2.32187
2.3336
2.34512
2.3564
2.36744
2.37822
2.38874
2.39899
2.40896
2.41863
2.42802
2.43709
2.44585
2.4543
2.59628
2.60522
2.61381
2.62203
2.62988
2.63737
2.64448
2.65121
2.65757
2.66355
2.66915
2.67437
2.6792
2.68366
2.68775
2.69145
2.69479
2.69776
2.70036
2.70261
2.70451
2.70605
2.70726
2.70813
2.70868
2.70891
2.70883
2.70845
2.70778
2.70683
2.70561
2.70413
2.7024
2.70043
2.69824
2.69583
2.69322
2.69042
2.68745
2.6843
2.68101
2.67757
2.67401
2.67032
2.66654
2.66266
2.65871
2.65469
2.65061
2.64649
2.6872
2.68294
2.67866
2.67438
2.67011
2.66585
2.66163
2.65745
2.65331
2.64922
2.6452
2.64125
2.63738
2.63359
2.6299
2.6263
2.62281
2.61942
2.61615
2.613
2.60997
2.60706
2.60428
2.60164
2.59913
2.59676
2.59453
2.59244
2.59049
2.58868
2.58702
2.5855
2.58412
2.58288
2.58179
2.58083
2.58001
2.57933
2.57878
2.57837
2.57808
2.57791
2.57786
2.57793
2.57812
2.57841
2.5788
2.57928
2.57986
2.58052
2.58126
2.58207
2.58294
2.58387
2.58485
2.58587
2.58692
2.58799
2.58908
2.59018
2.59603
2.59764
2.59924
2.60083
2.60239
2.60392
2.60542
2.60686
2.60824
2.60955
2.61079
2.61195
2.61302
2.61399
2.61485
2.59434
2.59512
2.59576
2.59628
2.59665
2.59687
2.59695
2.65886
2.6601
2.66119
2.66211
2.66287
2.66346
2.66387
2.66411
2.66417
2.66405
2.66374
2.66325
2.66257
2.6617
2.66064
2.65939
2.65794
2.6563
2.65446
2.65243
2.65019
2.64776
2.64512
2.64229
2.63925
2.63601
2.63257
2.62893
2.62509
2.62104
2.6168
2.61235
2.60771
2.60286
2.59782
2.59259
2.58717
2.58155
2.57575
2.56977
2.56361
2.55727
2.55077
2.5441
2.53728
2.5303
2.52318
2.51593
2.50854
2.50104
2.49342
2.4857
2.47789
2.47
2.46543
2.45777
2.45005
2.44228
2.43447
2.42664
2.4188
2.41096
2.40312
2.39532
2.38755
2.37983
2.37217
2.36459
2.35709
2.34969
2.3424
2.33522
2.32818
2.32128
2.31452
2.30793
2.3015
2.29526
2.28919
2.28332
2.27764
2.27217
2.26691
2.26186
2.25704
2.25244
2.24806
2.24391
2.24
2.34178
2.33887
2.33617
2.33368
2.33139
2.3293
2.32741
2.32572
2.32423
2.32293
2.32182
2.3209
2.32017
2.31961
2.31923
2.3392
2.33885
2.33864
2.33859
2.33868
2.33891
2.33927
2.33976
2.34037
2.32541
2.32739
2.32946
2.3316
2.33382
2.33611
2.33846
2.34086
2.34332
2.34582
2.34836
2.35094
2.35355
2.35617
2.35882
2.36148
2.36415
2.36682
2.36949
2.37216
2.37481
2.37745
2.38007
2.38267
2.38524
2.38778
2.3587
2.36336
2.368
2.37261
2.37718
2.38172
2.38622
2.39069
2.3951
2.39948
2.40381
2.40809
2.41232
2.4165
2.42064
2.42472
2.42876
2.43275
2.43669
2.44058
2.44443
2.413
2.41696
2.42087
2.42474
2.42857
2.43237
2.43613
2.43987
2.44357
2.44725
2.45091
2.45455
2.45817
2.46179
2.46539
2.46899
2.47258
2.47618
2.47978
2.48339
2.48701
2.49064
2.49429
2.49796
2.50165
2.50536
2.5091
2.51287
2.51667
2.5205
2.52436
2.52825
2.53218
2.53614
2.54013
2.54415
2.54821
2.48937
2.4939
2.49844
2.50299
2.50754
2.51209
2.51664
2.52119
2.52571
2.53022
2.53471
2.50171
2.50627
2.47633
2.48056
2.48472
2.48881
2.49282
2.49674
2.50056
2.50428
2.50787
2.51134
2.51466
2.51783
2.52084
2.52368
2.52633
2.52879
2.53247
2.5349
2.53711
2.5391
2.54085
2.54235
2.54359
2.54456
2.54526
2.54568
2.5458
2.54563
2.54515
2.54437
2.54327
2.54186
2.54013
2.53808
2.53571
2.53302
2.53001
2.52668
2.52304
2.51908
2.51483
2.51027
2.50542
2.50028
2.49487
2.48919
2.48324
2.47705
2.47061
2.46395
2.45707
2.44998
2.44269
2.53272
2.52594
2.51899
2.51188
2.50463
2.49724
2.48973
2.4821
2.47438
2.46656
2.45867
2.45071
2.4427
2.43463
2.42653
2.41841
2.41026
2.40211
2.39396
2.38581
2.37768
2.36958
2.3615
2.35347
2.34547
2.33753
2.32965
2.32183
2.31408
2.3064
2.29881
2.29129
2.28387
2.27654
2.26931
2.26218
2.25516
2.24825
2.24146
2.23478
2.22823
2.2218
2.2155
2.20934
2.20331
2.19741
2.19167
2.18606
2.18061
2.1753
2.17016
2.16516
2.0353
2.03047
2.02583
2.02136
2.01708
2.01298
2.00907
2.00534
2.00181
1.99846
1.99531
1.99235
1.98958
1.987
1.98461
1.98242
1.98041
1.97859
1.97695
1.97549
1.97422
1.97312
1.97219
1.97143
1.97084
1.9704
1.97011
1.96997
1.96996
1.97009
1.97034
1.97071
1.9712
1.97178
1.97245
1.97321
1.97404
1.97493
1.97588
1.97688
1.97791
1.97897
1.98005
1.98113
1.98221
1.98221
1.98373
1.98523
1.98671
1.98817
1.98959
1.99097
1.9923
1.99357
1.99479
1.99595
1.99703
1.99804
1.99898
1.99983
1.99387
1.99452
1.97228
1.97417
1.97597
1.97768
1.97929
1.98082
1.98225
1.9836
1.98485
1.98603
1.98712
1.98813
1.98906
1.98992
1.99071
1.99143
1.99209
1.9927
1.93795
1.93806
1.93814
1.93821
1.93826
1.9383
1.93833
1.93836
1.93839
1.93842
1.93845
1.9385
1.93856
1.93864
1.93873
1.93884
1.93898
1.93913
1.93931
1.93952
1.93975
1.94001
1.9403
1.94061
1.94096
1.94133
1.94173
1.94215
1.94261
1.94309
1.9436
1.94413
1.94468
1.94526
1.94586
1.94649
1.94713
1.94779
1.94847
1.94916
1.94987
1.95059
1.95133
1.94807
1.99244
1.99448
1.99653
1.99857
2.00062
2.00266
2.0047
2.00674
2.00877
2.0108
2.01281
2.01482
2.01682
2.01881
2.02079
2.02276
2.02472
2.02666
2.02859
2.0305
2.0324
2.03429
2.03616
2.03801
2.03985
2.04167
2.04347
2.04526
2.04703
2.04878
2.05052
2.05224
2.05394
2.05563
2.0573
2.05895
2.0606
2.06222
2.06383
2.06543
2.06702
2.06859
2.07016
2.07171
2.07326
2.07479
2.07632
2.07785
2.07936
2.08088
2.08239
2.08391
2.08542
2.08694
2.08846
2.08999
2.09153
2.09307
2.09463
2.0962
2.09778
2.09938
2.101
2.10264
2.10431
2.106
2.10771
2.10946
2.11123
2.11304
2.11488
2.11912
2.12143
2.12379
2.12619
2.12864
2.13113
2.13368
2.13628
2.13893
2.14164
2.14441
2.14724
2.15013
2.15309
2.1561
2.15919
2.16234
2.16555
2.16883
2.17219
2.22207
2.22645
2.23088
2.23537
2.23991
2.2445
2.24915
2.25384
2.25857
2.26335
2.26818
2.27304
2.27794
2.28288
2.28785
2.29286
2.29789
2.30295
2.30803
2.31313
2.31825
2.32339
2.32854
2.33371
2.33889
2.34407
2.34926
2.35445
2.35965
2.36485
2.37004
2.37524
2.38044
2.38563
2.39082
2.39601
2.40119
2.40637
2.41154
2.41671
2.42187
2.42703
2.43219
2.43734
2.44248
2.44762
2.45276
2.45789
2.46302
2.46814
2.47325
2.47836
2.48346
2.48855
2.49362
2.49868
2.50372
2.50874
2.51374
2.51871
2.52365
2.52856
2.53342
2.53824
2.543
2.5477
2.55234
2.55691
2.56139
2.56579
2.57009
2.57429
2.57837
2.58234
2.58616
2.58985
2.68424
2.68922
2.69397
2.69848
2.70275
2.70676
2.7105
2.65539
2.65886
2.66203
2.66489
2.66744
2.66967
2.67157
2.67314
2.67436
2.67524
2.67576
2.67593
2.67574
2.67518
2.67426
2.67298
2.67133
2.66932
2.66694
2.60354
2.60192
2.59993
2.59757
2.59486
2.5918
2.58841
2.58468
2.58065
2.57631
2.57168
2.56678
2.56162
2.55622
2.55059
2.54475
2.53871
2.5325
2.52613
2.51962
2.51299
2.50626
2.49943
2.49255
2.48561
2.47864
2.47166
2.46469
2.45773
2.45082
2.44396
2.43717
2.43047
2.42387
2.41739
2.41104
2.40482
2.39877
2.39287
2.38715
2.38161
2.37627
2.37113
2.39598
2.391
2.38623
2.38168
2.37734
2.37323
2.36933
2.36565
2.36219
2.42566
2.42359
2.42174
2.42009
2.41865
2.4174
2.41633
2.41544
2.51765
2.51776
2.5169
2.51755
2.51833
2.51922
2.52022
2.5213
2.52246
2.52368
2.52495
2.52626
2.52759
2.52893
2.53027
2.5316
2.5329
2.53417
2.5354
2.53658
2.53769
2.53874
2.53972
2.54062
2.54143
2.54215
2.54279
2.54333
2.54379
2.54414
2.54441
2.54459
2.54467
2.54467
2.54459
2.54443
2.55897
2.55931
2.55959
2.5598
2.55996
2.56006
2.56012
2.56015
2.56014
2.56011
2.56005
2.55999
2.55991
2.55984
2.55976
2.5597
2.55965
2.55963
2.55962
2.55965
2.55971
2.55981
2.55995
2.56013
2.56036
2.56064
2.56097
2.56135
2.5618
2.5623
2.56286
2.56349
2.56418
2.56493
2.56574
2.56662
2.56756
2.56857
2.56964
2.57077
2.57197
2.57323
2.57455
2.57593
2.57737
2.57886
2.58042
2.58203
2.57529
2.57707
2.5789
2.58077
2.58269
2.58466
2.58666
2.58871
2.59079
2.5929
2.59504
2.59721
2.5994
2.60161
2.60384
2.60608
2.60833
2.63518
2.63791
2.64064
2.64337
2.64608
2.64878
2.65147
2.65412
2.65675
2.65934
2.6619
2.66441
2.66688
2.66929
2.62336
2.62586
2.62829
2.63064
2.63292
2.63511
2.63721
2.63922
2.64113
2.64294
2.64465
2.64625
2.64773
2.6491
2.65036
2.65149
2.65251
2.65339
2.65416
2.65479
2.6553
2.65568
2.65593
2.65605
2.65604
2.65591
2.65565
2.65527
2.65477
2.65414
2.6534
2.65254
2.65158
2.6505
2.5869
2.58633
2.58564
2.58485
2.58396
2.58297
2.58188
2.5807
2.57944
2.5781
2.57668
2.57519
2.57364
2.57202
2.57036
2.56864
2.56688
2.56508
2.56324
2.56137
2.55948
2.55757
2.55563
2.55369
2.55173
2.54977
2.54781
2.54585
2.54389
2.54194
2.54001
2.53808
2.53617
2.53428
2.5324
2.53055
2.52872
2.52692
2.52514
2.52339
2.52166
2.51996
2.51829
2.51665
2.51504
2.51345
2.51189
2.4887
2.48764
2.4866
2.48557
2.48456
2.48357
2.48259
2.48162
2.48066
2.47971
2.47877
2.47783
2.47689
2.47595
2.47501
2.47406
2.47311
2.47214
2.47115
2.47015
2.46912
2.46806
2.46698
2.46586
2.4647
2.4635
2.46226
2.46096
2.4596
2.45819
2.45671
2.45517
2.45355
2.45185
2.45007
2.4482
2.44624
2.44419
2.44204
2.43978
2.43741
2.43493
2.43233
2.42961
2.42677
2.4238
2.42069
2.41745
2.41407
2.41056
2.40689
2.40309
2.39913
2.39502
2.4049
2.40051
2.39596
2.39126
2.3864
2.38139
2.37622
2.37089
2.3654
2.35976
2.35397
2.30091
2.29535
2.28963
2.28378
2.27779
2.27167
2.26541
2.25903
2.25252
2.2459
2.23915
2.2323
2.22534
2.21828
2.21113
2.20389
2.19656
2.18915
2.18168
2.17413
2.16653
2.15887
2.15117
2.14342
2.13564
2.12783
2.12
2.11215
2.1043
2.09644
2.08858
2.08073
2.0729
2.06509
2.05731
2.04957
2.04186
2.0342
2.02659
2.01904
2.01155
2.00412
1.99677
1.98949
1.9823
1.97519
1.96817
1.96124
1.95442
1.94769
1.94108
1.93457
1.92817
1.92189
1.91573
1.9097
1.90378
1.898
1.81737
1.81269
1.80815
1.80376
1.79953
1.79545
1.79153
1.78776
1.78415
1.78069
1.7774
1.77427
1.77129
1.76848
1.76583
1.76334
1.76101
1.75885
1.75685
1.75501
1.75334
1.75183
1.75048
1.7493
1.74829
1.74744
1.74675
1.74623
1.74587
1.74568
1.74565
1.74579
1.7461
1.74657
1.74721
1.74801
1.74898
1.75011
1.75141
1.75287
1.7545
1.7563
1.75826
1.76039
1.76269
1.76515
1.76777
1.77057
1.77353
1.77665
1.77994
1.7834
1.81838
1.82215
1.8261
1.8302
1.82643
1.83098
1.83569
1.84057
1.84561
1.85081
1.85617
1.87039
1.87632
1.88241
1.88866
1.87839
1.88437
1.89049
1.89675
1.90316
1.9097
1.91639
1.92321
1.93017
1.93726
1.94449
1.95185
1.95933
1.96694
1.97467
1.98251
1.99048
1.99855
2.00674
2.01503
2.02342
2.03192
2.0405
2.04918
2.05794
2.06678
2.0757
2.08469
2.09375
2.10288
2.11206
2.1213
2.13058
2.13991
2.14927
2.15867
2.1681
2.17755
2.18702
2.1965
2.20599
2.21549
2.22498
2.23446
2.24393
2.25339
2.26282
2.27222
2.2816
2.29093
2.30023
2.30947
2.31867
2.32781
2.33689
2.3459
2.35484
2.36371
2.37249
2.38119
2.3898
2.39831
2.40672
2.41503
2.42323
2.43131
2.43927
2.44711
2.45482
2.4624
2.46984
2.47715
2.4843
2.49131
2.49817
2.50488
2.51142
2.51781
2.52404
2.53011
2.53601
2.54174
2.54731
2.55272
2.55795
2.56303
2.56793
2.57267
2.57725
2.58167
2.58593
2.59003
2.59398
2.59777
2.60142
2.60491
2.60826
2.61147
2.61454
2.61748
2.62028
2.62295
2.6255
2.62792
2.63021
2.63239
2.63444
2.63639
2.63821
2.63992
2.64153
2.64302
2.6444
2.64567
2.64683
2.64788
2.64883
2.64967
2.65039
2.65101
2.65152
2.61861
2.61925
2.61978
2.62019
2.62047
2.62064
2.62069
2.62061
2.6204
2.62006
2.61959
2.61899
2.61825
2.61736
2.61634
2.61516
2.61384
2.61237
2.61074
2.60895
2.607
2.60489
2.60261
2.60017
2.59755
2.59476
2.59179
2.58865
2.62565
2.62258
2.61934
2.61591
2.6123
2.60851
2.60453
2.60036
2.59601
2.59147
2.58674
2.58183
2.57673
2.57145
2.56599
2.56034
2.55452
2.54852
2.54235
2.53601
2.5295
2.52282
2.51598
2.50899
2.50184
2.49455
2.48711
2.47953
2.47181
2.46396
2.45599
2.44789
2.43967
2.43134
2.42291
2.41437
2.40573
2.36569
2.35743
2.34907
2.34063
2.3321
2.3235
2.31482
2.30608
2.29727
2.2884
2.27948
2.27051
2.26149
2.25242
2.24332
2.23419
2.22503
2.21584
2.27664
2.2674
2.25817
2.24897
2.23979
2.23065
2.22155
2.21249
2.20348
2.19453
2.18564
2.17683
2.16809
2.15943
2.15087
2.1424
2.13404
2.12579
2.11765
2.10964
2.10175
2.09401
2.0864
2.07895
2.07165
2.06452
2.05755
2.05076
2.04415
2.03772
2.03148
2.02544
2.0196
2.01397
2.00854
2.00332
1.99833
1.99355
1.98899
1.98466
1.98056
1.97668
1.97304
1.96963
1.96645
1.9635
1.96078
1.9583
1.95605
1.95403
1.95224
1.95068
1.94934
1.94822
1.94732
1.94664
2.00186
2.00114
2.00063
2.00033
2.00022
2.00031
2.00059
2.00105
2.0017
2.00251
2.00349
2.00464
2.00594
2.00738
2.00897
2.01069
2.01253
2.0145
1.99566
1.99772
1.9999
2.00217
2.00454
2.00699
2.00952
2.01212
2.01479
2.01751
2.02027
2.02308
2.02591
2.02877
2.03165
2.03454
2.03743
2.04031
2.04317
2.04602
2.04884
2.05162
2.05436
2.05706
2.0597
2.06228
2.06479
2.06722
2.06959
2.07186
2.07405
2.07615
2.07815
2.08005
2.08185
2.08354
2.08511
2.08658
2.08793
2.08917
2.09029
2.09129
2.09217
2.09293
2.09358
2.09411
2.09453
2.09483
2.09502
2.09511
2.09509
2.09497
2.09475
2.09443
2.09403
2.09354
2.09297
2.09233
2.09162
2.09085
2.09002
2.08913
2.08821
2.08724
2.08625
2.08522
2.08418
2.08313
2.08207
2.08102
2.07997
2.07894
2.07793
2.07694
2.076
2.07509
2.07423
2.07342
2.07267
2.07199
2.07138
2.07084
2.07038
2.07002
2.06974
2.06956
2.06948
2.0695
2.06963
2.06988
2.07024
2.07072
2.07133
2.07206
2.07292
2.07391
2.07503
2.07628
2.07767
2.0792
2.08087
2.08267
2.08461
2.08669
2.08891
2.09127
2.09377
2.0964
2.09916
2.10206
2.10508
2.10823
2.11151
2.11491
2.11842
2.12204
2.12578
2.12961
2.13355
2.13757
2.14169
2.14588
2.15014
2.15448
2.15887
2.16331
2.16779
2.17231
2.17686
2.18142
2.18599
2.19057
2.19513
2.19967
2.20418
2.20865
2.21307
2.21743
2.22172
2.22593
2.23005
2.23408
2.238
2.2418
2.24547
2.24902
2.25242
2.25567
2.2288
2.23197
2.23498
2.23785
2.24056
2.2431
2.24548
2.2477
2.24974
2.25162
2.25332
2.25484
2.2562
2.25738
2.2584
2.25925
2.25994
2.26046
2.26083
2.26105
2.26112
2.26105
2.26084
2.2605
2.26003
2.25945
2.25876
2.25796
2.25706
2.25607
2.255
2.25384
2.25261
2.25132
2.27192
2.27078
2.26958
2.26834
2.26706
2.26574
2.26439
2.26302
2.26162
2.2602
2.25875
2.25729
2.25582
2.25433
2.25282
2.2513
2.24977
2.24822
2.24665
2.24506
2.24345
2.24182
2.24016
2.23847
2.23675
2.28756
2.28414
2.28059
2.36967
2.36575
2.36167
2.35743
2.35301
2.34843
2.34366
2.33872
2.33358
2.36781
2.36246
2.35691
2.35115
2.34517
2.33899
2.33259
2.32596
2.31912
2.31206
2.30477
2.29726
2.28953
2.28157
2.2734
2.265
2.25639
2.24757
2.23853
2.22929
2.21985
2.21021
2.20038
2.19036
2.18017
2.1698
2.15928
2.1486
2.13777
2.11613
2.10505
2.09386
2.08255
2.07115
2.05967
2.0481
2.03648
2.0248
2.01308
2.00133
1.98956
1.97778
1.96601
1.95426
1.94253
1.93085
1.91922
1.90764
1.89614
1.88473
1.87341
1.86219
1.85109
1.84012
1.82927
1.81857
1.80803
1.79764
1.78742
1.77737
1.76751
1.75784
1.74837
1.7391
1.73004
1.72119
1.71257
1.70417
1.696
1.6836
1.67607
1.66879
1.66177
1.65499
1.64847
1.64221
1.6362
1.63046
1.62497
1.61975
1.61479
1.6101
1.60566
1.60149
1.59759
1.59394
1.59056
1.58743
1.58456
1.58195
1.57959
1.57748
1.57562
1.57401
1.57264
1.57152
1.57063
1.56998
1.56956
1.56936
1.5694
1.56965
1.57012
1.5708
1.5717
1.57279
1.57409
1.57558
1.57726
1.57913
1.58117
1.5834
1.5858
1.58836
1.59108
1.59396
1.59699
1.60017
1.60349
1.60693
1.61051
1.61421
1.61803
1.62196
1.62599
1.63012
1.63435
1.63866
1.64305
1.64752
1.65205
1.65665
1.6613
1.66601
1.67075
1.67554
1.68035
1.68519
1.69004
1.69491
1.69978
1.70465
1.70951
1.71435
1.71917
1.72397
1.72873
1.73346
1.73813
1.74275
1.74732
1.75181
1.75624
1.76058
1.76484
1.76901
1.77308
1.77705
1.78091
1.78466
1.78828
1.79178
1.79515
1.79837
1.80146
1.80439
1.80718
1.8098
1.81226
1.81455
1.81667
1.81861
1.82037
1.82194
1.82333
1.82452
1.93925
1.94075
1.94199
1.94298
1.94371
1.94419
1.94441
1.94437
1.94407
1.94351
1.94269
1.94162
1.96694
1.96474
1.96229
1.9596
1.95668
1.95353
1.95016
1.94658
1.94279
1.93882
1.93466
1.93033
1.92584
1.9212
1.91642
1.91153
1.90652
1.90142
1.89623
1.89098
1.88568
1.88033
1.87496
1.86958
1.8642
1.85884
1.85351
1.84823
1.843
1.83784
1.83277
1.82779
1.82292
1.81817
1.81355
1.84127
1.83697
1.83283
1.82885
1.82505
1.82143
1.818
1.81476
1.81173
1.80891
1.8063
1.80391
1.80174
1.79979
1.79808
1.72506
1.72522
1.7256
1.72621
1.72704
1.7281
1.72937
1.73087
1.73258
1.73452
1.73666
1.73902
1.74159
1.74436
1.74734
1.75051
1.75388
1.75744
1.76118
1.7651
1.76921
1.77348
1.77792
1.78253
1.78728
1.79219
1.79074
1.79576
1.80092
1.80621
1.81163
1.81717
1.82283
1.82859
1.83446
1.84043
1.84648
1.85263
1.85885
1.86515
1.87151
1.87794
1.88443
1.89096
1.89755
1.90417
1.91083
1.91753
1.92425
1.93099
1.93774
1.94452
1.95129
1.95808
1.96486
1.97164
1.97841
1.98517
1.99192
1.99865
2.00536
2.01204
2.0187
2.02533
2.03193
2.0385
2.04504
2.05154
2.058
2.06442
2.07081
2.07715
2.08345
2.08971
2.09592
2.1021
2.10822
2.11431
2.12035
2.12911
2.13468
2.14022
2.14572
2.15118
2.15661
2.162
2.16735
2.17267
2.17795
2.18319
2.18841
2.19358
2.19873
2.15654
2.16241
2.16825
2.17406
2.17984
2.18558
2.19129
2.19697
2.20261
2.20821
2.21378
2.2193
2.22479
2.23023
2.23563
2.24097
2.24627
2.25152
2.25671
2.26184
2.26691
2.27191
2.29557
2.30012
2.3046
2.309
2.31333
2.31758
2.32175
2.32582
2.3298
2.33368
2.33745
2.34112
2.34467
2.34811
2.35143
2.35462
2.35768
2.36061
2.3634
2.36605
2.36856
2.37092
2.37314
2.3752
2.37712
2.37887
2.38048
2.38192
2.38321
2.38434
2.38532
2.38614
2.38681
2.38732
2.38769
2.3879
2.38798
2.38791
2.3729
2.3749
2.37674
2.37844
2.38
2.38142
2.38271
2.38388
2.38494
2.38589
2.38673
2.45365
2.45486
2.456
2.45707
2.45807
2.45902
2.45992
2.46079
2.46161
2.46241
2.46319
2.46396
2.46471
2.46546
2.46621
2.46697
2.46773
2.4685
2.46929
2.47009
2.47091
2.47175
2.47261
2.47349
2.47439
2.4753
2.47623
2.47717
2.47813
2.47908
2.48005
2.48101
2.48196
2.4829
2.48382
2.48472
2.48559
2.48642
2.4834
2.4847
2.48594
2.48712
2.48822
2.48924
2.49018
2.49103
2.49178
2.49243
2.49296
2.49339
2.4937
2.49389
2.49395
2.49389
2.49369
2.49337
2.49291
2.49231
2.49158
2.49072
2.48973
2.4886
2.48734
2.48595
2.48443
2.48279
2.48103
2.47915
2.47716
2.47507
2.47286
2.47056
2.46816
2.46568
2.4631
2.46045
2.45772
2.45492
2.45206
2.44913
2.44615
2.44311
2.44003
2.43691
2.43374
2.43054
2.42731
2.42405
2.42077
2.41746
2.41414
2.4108
2.40744
2.40407
2.4007
2.39731
2.39392
2.39052
2.38712
2.38372
2.38031
2.3769
2.37349
2.37007
2.36666
2.36324
2.35981
2.35639
2.35296
2.34952
2.34608
2.34263
2.33917
2.3357
2.33222
2.32872
2.3252
2.32167
2.31811
2.31454
2.31093
2.3073
2.30364
2.29995
2.29622
2.29245
2.28864
2.28479
2.2809
2.27695
2.27296
2.26892
2.26482
2.26067
2.25646
2.2522
2.24787
2.24348
2.23903
2.23452
2.22995
2.22531
2.22061
2.21585
2.21102
2.20614
2.20119
2.19618
2.19112
2.186
2.18083
2.17561
2.17034
2.16502
2.15966
2.15427
2.14884
2.14338
2.1379
2.13239
2.12687
2.12133
2.11579
2.11024
2.1047
2.09916
2.09364
2.08814
2.08266
2.07722
2.0718
2.06643
2.06111
2.05584
2.05062
2.04547
2.04039
2.03538
2.03045
2.0256
2.02085
2.01619
2.01163
2.00717
2.00281
1.99857
1.99445
1.99044
1.98656
1.9828
1.97917
1.97567
1.9723
1.96907
1.96598
1.96302
1.96021
1.95753
1.955
1.95261
1.95036
1.96352
1.96194
1.96046
1.95909
2.09608
2.09371
2.09143
2.08924
2.08714
2.08514
2.08324
2.08142
2.07969
2.07806
2.07651
2.07504
2.07366
2.07235
2.07113
2.06998
2.0689
2.0679
2.06696
2.06608
2.06527
2.06451
2.06381
2.06316
2.06256
2.06201
2.0615
2.0329
2.03057
2.02827
2.06415
2.06289
2.06164
2.06041
2.0592
2.058
2.05681
2.05563
2.05447
2.05332
2.05217
2.05104
2.04992
2.04881
2.04771
2.04661
2.04553
2.04446
2.0434
2.04235
2.04131
2.04028
2.03927
2.03826
2.03727
2.03629
2.03533
2.03437
2.03343
2.0325
2.03158
2.03068
2.02978
2.0289
2.02802
2.02716
2.0263
2.02545
2.0246
2.02376
2.02292
2.02208
2.02123
2.02038
2.01953
2.01866
2.01778
2.01689
2.01598
2.01504
2.01408
2.0131
2.01208
2.01102
2.00993
2.00879
2.00761
2.00638
2.00509
2.00375
2.00234
2.00087
1.99934
1.99773
1.99605
1.91064
1.9091
1.9075
1.90582
1.90407
1.90224
1.90034
1.89836
1.8963
1.89417
1.89197
1.88969
1.88734
1.88491
1.93494
1.93332
1.9316
1.92978
1.92788
1.92589
1.92381
1.92166
1.91943
1.91713
1.91476
1.91233
1.90984
1.90731
1.90473
1.9021
1.89945
1.89676
1.89405
1.89132
1.88858
1.88583
1.88307
1.88032
1.87757
1.87482
1.87209
1.86938
1.86668
1.84296
1.77304
1.77025
1.76749
1.76477
1.7621
1.75946
1.75686
1.7543
1.75176
1.74924
1.74675
1.74427
1.74179
1.73932
1.73684
1.73434
1.73182
1.72927
1.72668
1.72404
1.72133
1.71856
1.71571
1.71277
1.70973
1.70658
1.70332
1.69993
1.69641
1.69275
1.68894
1.68498
1.68086
1.67659
1.67215
1.66755
1.66278
1.65785
1.65275
1.64749
1.64208
1.63651
1.6308
1.62496
1.61898
1.61288
1.60666
1.57457
1.56844
1.56224
1.55599
1.54971
1.5434
1.53707
1.53075
1.52444
1.51815
1.51191
1.50572
1.4996
1.57024
1.56614
1.56214
1.55824
1.55447
1.55082
1.5473
1.54393
1.5407
1.53763
1.53471
1.53196
1.52937
1.52695
1.5247
1.52261
1.5207
1.48397
1.48428
1.48481
1.48555
1.4865
1.48765
1.48901
1.49055
1.49229
1.49422
1.49632
1.4986
1.50104
1.50364
1.50639
1.50928
1.51231
1.51547
1.51875
1.52214
1.52563
1.52922
1.53289
1.53664
1.54046
1.54434
1.54828
1.55225
1.55626
1.56029
1.56435
1.56841
1.57247
1.57653
1.58057
1.58459
1.58858
1.59253
1.59644
1.60029
1.65141
1.65736
1.66328
1.66914
1.67495
1.6807
1.68638
1.69197
1.69748
1.7029
1.70821
1.71342
1.71851
1.72348
1.72832
1.73302
1.73758
1.74199
1.74624
1.75034
1.75426
1.75801
1.76158
1.76497
1.76817
1.77117
1.77398
1.7894
1.79228
1.79496
1.79741
1.79966
1.80168
1.80349
1.80507
1.80644
1.80759
1.80852
1.80924
1.80974
1.81003
1.81012
1.81001
1.80969
1.80919
1.8085
1.80763
1.80658
1.80537
1.804
1.80248
1.80082
1.79902
1.7971
1.79507
1.79293
1.7907
1.81229
1.81006
1.80778
1.80545
1.80308
1.8007
1.7983
1.7959
1.79351
1.79115
1.67211
1.66903
1.66593
1.66283
1.65973
1.65664
1.65357
1.65053
1.64752
1.64457
1.64166
1.63882
1.63604
1.63334
1.63072
1.62818
1.62574
1.6234
1.62117
1.61904
1.61703
1.61514
1.61337
1.61172
1.61021
1.60883
1.60758
1.60648
1.60552
1.6047
1.60403
1.60351
1.60313
1.60292
1.60285
1.60294
1.60319
1.6036
1.60416
1.60489
1.60578
1.60683
1.60804
1.60942
1.61096
1.61266
1.61454
1.61658
1.61878
1.62115
1.62369
1.6264
1.62927
1.63231
1.63552
1.63889
1.64243
1.64614
1.65001
1.65405
1.65826
1.66263
1.66716
1.67186
1.67671
1.68173
1.68691
1.69224
1.69773
1.70337
1.70916
1.7151
1.72119
1.72742
1.7338
1.74031
1.74695
1.75373
1.76064
1.76766
1.77481
1.78208
1.78946
1.79695
1.82895
1.83766
1.84649
1.85541
1.86443
1.87353
1.88273
1.89201
1.90138
1.91082
1.92033
1.92992
1.93957
1.94929
1.95908
1.96891
1.97881
1.98875
1.99875
2.00879
2.01888
2.029
2.03916
2.04936
2.05959
2.06984
2.08012
2.09043
2.10075
2.11109
2.12144
2.13181
2.14217
2.15254
2.16291
2.17327
2.18362
2.19395
2.13392
2.14535
2.15677
2.16815
2.1795
2.19081
2.20208
2.21331
2.22448
2.23559
2.24664
2.25762
2.26853
2.27936
2.29011
2.30077
2.31134
2.32181
2.33218
2.33817
2.34956
2.36083
2.37195
2.38294
2.39378
2.40448
2.41502
2.42541
2.43564
2.44571
2.45561
2.46535
2.47491
2.48429
2.4935
2.50253
2.51137
2.52003
2.52849
2.53677
2.54484
2.55272
2.5604
2.56787
2.57514
2.58219
2.58903
2.59566
2.60206
2.60825
2.61421
2.61994
2.62544
2.63071
2.63574
2.64054
2.64509
2.6494
2.65347
2.65728
2.66086
2.66418
2.66725
2.67008
2.67266
2.67498
2.67707
2.6789
2.68049
2.68184
2.68295
2.68383
2.68448
2.6849
2.68511
2.6851
2.68489
2.68447
2.68387
2.68308
2.68212
2.68099
2.67971
2.67827
2.67671
2.67501
2.6732
2.67128
2.66926
2.66716
2.66498
2.66274
2.66044
2.6581
2.65572
2.65331
2.65089
2.64845
2.64602
2.6436
2.64119
2.6388
2.63644
2.63412
2.63183
2.6296
2.62741
2.62529
2.62322
2.62121
2.61927
2.6174
2.63409
2.63272
2.63141
2.63017
2.62899
2.62789
2.62685
2.62587
2.62496
2.62412
2.62334
2.62263
2.62197
2.62138
2.62084
2.62036
2.61993
2.61955
2.61921
2.61893
2.61869
2.61848
2.61832
2.61819
2.61809
2.61802
2.58958
2.59109
2.59265
2.59423
2.59585
2.75378
2.77558
2.77893
2.78226
2.8747
2.879
2.88326
2.88749
2.89167
2.89581
2.8999
2.90394
2.90792
2.91184
2.9157
2.9195
2.92323
2.92689
2.93047
2.93397
2.9374
2.94074
2.94399
2.94715
2.95021
2.95318
2.95604
2.9588
2.96144
2.96398
2.96639
2.96869
2.97086
2.9729
2.9748
2.97657
2.97819
2.97967
2.98099
2.98216
2.87004
2.87507
2.87995
2.88466
2.88921
2.89357
2.89775
2.90175
2.90555
2.90916
2.91256
2.91576
2.91874
2.92151
2.92406
2.92638
2.92848
2.93035
2.93199
2.9334
2.93457
2.9355
2.9362
2.93666
2.93688
2.93686
2.93661
2.93612
2.93539
2.93443
2.93324
2.93182
2.93017
2.9283
2.92621
2.9239
2.92138
2.91865
2.91571
2.91257
2.90923
2.90569
2.90197
2.89806
2.89396
2.8897
2.88525
2.88064
2.87587
2.87093
2.86584
2.8606
2.85521
2.84967
2.74707
2.74212
2.73702
2.73176
2.72635
2.7208
2.7151
2.70927
2.7033
2.6972
2.69096
2.68461
2.67812
2.67152
2.66481
2.65798
2.65103
2.64398
2.63683
2.62957
2.62221
2.61476
2.60721
2.59957
2.64683
2.63908
2.63123
2.6233
2.61528
2.60719
2.59901
2.59076
2.58244
2.57406
2.56561
2.55711
2.54855
2.53994
2.5313
2.52261
2.51389
2.50514
2.49636
2.48757
2.47876
2.46995
2.46113
2.45231
2.4435
2.4347
2.42592
2.41716
2.40843
2.39974
2.39108
2.38245
2.37388
2.36535
2.35688
2.34847
2.34012
2.33183
2.24869
2.24172
2.23481
2.22796
2.22117
2.21445
2.2078
2.20121
2.19468
2.18822
2.18183
2.17551
2.16925
2.16305
2.15692
2.15084
2.14483
2.13886
2.13295
2.12709
2.12128
2.1155
2.10976
2.10406
2.09838
2.09273
2.08709
2.08147
2.07586
2.07025
2.06465
2.05904
2.05342
2.04779
2.04214
2.03648
2.03078
2.02507
2.01932
2.01354
2.00773
2.00188
1.996
1.98518
2.00787
2.00317
1.99841
1.99359
1.98872
1.98379
1.97881
1.9738
1.96874
1.96366
1.95855
1.95342
1.94827
1.94313
1.93799
1.93286
1.92776
1.92268
1.91765
1.91266
1.90773
1.90288
1.95451
1.95062
1.94682
1.94313
1.93954
1.93608
1.93274
1.92953
1.92647
1.92355
1.92079
1.91819
1.91576
1.92283
1.92042
1.91819
1.91615
1.9143
1.91264
1.91118
1.90992
1.96911
1.9691
1.96926
1.9696
1.97012
1.9708
1.97167
1.97271
1.97392
1.97529
1.97684
1.97855
1.98042
1.98245
1.98463
2.0993
2.10036
2.10154
2.10284
2.10426
2.10579
2.10743
2.10918
2.11103
2.11298
2.11502
2.11715
2.11937
2.12166
2.10698
2.10994
2.11297
2.11604
2.11916
2.12232
2.12552
2.12874
2.13199
2.13526
2.13855
2.14184
2.14513
2.15257
2.15585
2.15911
2.13375
2.13808
2.14236
2.14658
2.15075
2.15485
2.15888
2.16284
2.16673
2.17054
2.17426
2.17791
2.18146
2.18493
2.18831
2.1916
2.14705
2.15122
2.15528
2.15923
2.16307
2.16681
2.17043
2.17395
2.17737
2.18069
2.18391
2.18704
2.19008
2.19303
2.12529
2.1291
2.13285
2.13654
2.14018
2.14377
2.14733
2.08205
2.08608
2.13581
2.14061
2.14542
2.15023
2.15505
2.15989
2.16475
2.16964
2.17455
2.1795
2.18449
2.18952
2.1946
2.19973
2.20492
2.21016
2.21546
2.22083
2.22625
2.23175
2.23731
2.24294
2.24864
2.25441
2.26025
2.26616
2.27213
2.27817
2.28427
2.29044
2.29666
2.30294
2.30928
2.31566
2.32209
2.32856
2.33507
2.3416
2.34817
2.35475
2.36135
2.36796
2.37457
2.38118
2.38777
2.39435
2.40091
2.40743
2.41392
2.42036
2.42674
2.43307
2.43932
2.4455
2.4516
2.45761
2.46351
2.46931
2.475
2.48057
2.486
2.4913
2.49646
2.50147
2.50632
2.51101
2.51553
2.51987
2.52402
2.52799
2.53176
2.53534
2.53871
2.54186
2.54481
2.54753
2.55004
2.55231
2.55436
2.55618
2.55776
2.55911
2.56022
2.51012
2.51124
2.51214
2.51283
2.5133
2.51356
2.51361
2.51344
2.51308
2.58683
2.58752
2.58808
2.58851
2.58881
2.58899
2.58906
2.58902
2.5889
2.58869
2.5884
2.58805
2.58764
2.58719
2.5867
2.58619
2.58566
2.58513
2.58461
2.5841
2.58362
2.58318
2.58279
2.58245
2.58218
2.58199
2.58188
2.58185
2.58193
2.58211
2.58241
2.58282
2.58335
2.58402
2.58481
2.58574
2.58681
2.68875
2.69159
2.69459
2.69773
2.70103
2.70448
2.70807
2.7118
2.65242
2.65488
2.65747
2.66019
2.66302
2.66597
2.66903
2.6722
2.67546
2.67882
2.68227
2.68581
2.68942
2.6931
2.69685
2.70066
2.70452
2.70843
2.71238
2.71637
2.7204
2.72444
2.72851
2.7326
2.7367
2.74081
2.74492
2.74903
2.75314
2.75724
2.76133
2.76541
2.76948
2.77353
2.77756
2.78156
2.78555
2.78951
2.79345
2.79736
2.80125
2.80511
2.80894
2.81274
2.81651
2.82025
2.82397
2.82765
2.8313
2.83492
2.8385
2.84206
2.84557
2.84905
2.8525
2.8559
2.85926
2.86258
2.86585
2.86907
2.87224
2.87536
2.87843
2.88143
2.88436
2.88723
2.89003
2.89275
2.89539
2.89794
2.90041
2.90277
2.90504
2.9072
2.85676
2.86041
2.86396
2.8674
2.87073
2.87394
2.87702
2.87998
2.8828
2.88548
2.88801
2.89039
2.89261
2.89467
2.89656
2.89828
2.89982
2.90119
2.90236
2.90335
2.90415
2.90476
2.90516
2.90537
2.90538
2.90519
2.90479
2.90418
2.90337
2.90236
2.90113
2.8997
2.89807
2.89623
2.89418
2.89193
2.85922
2.85712
2.85482
2.85231
2.84961
2.8467
2.8436
2.84029
2.8368
2.83312
2.82924
2.82518
2.82093
2.81649
2.81188
2.80708
2.68843
2.68374
2.6789
2.67392
2.66878
2.66349
2.65805
2.65246
2.64672
2.64083
2.6348
2.62861
2.62227
2.61579
2.60915
2.60236
2.59542
2.58833
2.58108
2.57369
2.56613
2.55843
2.55057
2.54255
2.53438
2.52605
2.51757
2.50893
2.50014
2.49119
2.48209
2.47283
2.46342
2.45386
2.44415
2.43429
2.42428
2.47141
2.46326
2.455
2.44666
2.43822
2.4297
2.4211
2.41243
2.40368
2.39487
2.386
2.37707
2.3681
2.35909
2.35004
2.34096
2.33187
2.32275
2.31363
2.30451
2.29539
2.28629
2.27722
2.26817
2.25915
2.25019
2.24127
2.23241
2.22363
2.21491
2.20628
2.19773
2.18928
2.18093
2.17269
2.16457
2.15656
2.14868
2.14093
2.13332
2.12585
2.11853
2.11135
2.10433
2.09747
2.09077
2.08423
2.07786
2.07166
2.06562
2.05976
2.05408
2.04857
2.04323
2.03807
2.03309
2.02829
2.02366
2.01921
2.01494
2.01084
2.00691
2.00316
1.99958
1.99618
1.99294
1.98988
1.98698
1.98426
1.98169
1.9793
1.93591
1.93422
1.9327
1.93135
1.93018
1.92917
1.92833
1.92766
1.92715
1.92681
1.92663
1.92661
1.92675
1.92705
1.9275
2.20433
2.20659
2.20891
2.2113
1.97691
1.97927
1.98179
1.98447
1.98729
1.99025
1.99336
1.99661
2
2.00352
2.00717
2.01094
2.01484
2.01886
2.02299
2.02724
2.03159
2.03605
2.0406
2.04524
2.04998
2.0548
2.0597
2.06468
2.06972
2.07483
2.08
2.08523
2.09051
2.09583
2.10118
2.10658
2.112
2.11744
2.1229
2.12838
2.13386
2.13934
2.14482
2.15029
2.15575
2.16119
2.1666
2.17198
2.17733
2.18263
2.18789
2.1931
2.19826
2.20335
2.20838
2.21334
2.21822
2.22302
2.22774
2.23238
2.23692
2.24136
2.24571
2.24995
2.25409
2.25811
2.26203
2.26582
2.2695
2.27305
2.27648
2.27979
2.28296
2.28601
2.28892
2.2917
2.29435
2.29687
2.29925
2.3015
2.30361
2.30559
2.30744
2.30915
2.31074
2.3122
2.31353
2.31473
2.31582
2.31679
2.31764
2.31838
2.31902
2.31955
2.31997
2.32031
2.15816
2.15767
2.15717
2.21205
2.21304
2.21404
2.21505
2.22868
2.22978
2.23092
2.2321
2.23333
2.23461
2.17765
2.17954
2.18151
2.18356
2.18569
2.18791
2.19023
2.19264
2.19515
2.19776
2.20048
2.2033
2.20622
2.15692
2.15934
2.16188
2.16454
2.16731
2.1702
2.1732
2.17631
2.17952
2.18284
2.18626
2.18977
2.19337
2.19706
2.20082
