1.66443
1.66221
1.65995
1.65767
1.65537
1.65304
1.6507
1.64834
1.64598
1.64361
1.64124
1.63887
1.63651
1.63416
1.63182
1.6295
1.62721
1.62493
1.62269
1.62048
1.6183
1.61615
1.61405
1.61199
1.60998
1.60802
1.6061
1.60423
1.60242
1.60066
1.59896
1.59732
1.59573
1.5942
1.59274
1.59133
1.58998
1.5887
1.58748
1.58632
1.58522
1.58418
1.58321
1.5823
1.58145
1.58066
1.57994
1.57928
1.57867
1.57814
1.57766
1.57725
1.57689
1.5766
1.57638
1.57621
1.57611
1.57608
1.5761
1.5762
1.57635
1.57658
1.57686
1.57722
1.57764
1.57813
1.57869
1.57931
1.58001
1.58077
1.58161
1.58251
1.58348
1.58451
1.58562
1.58679
1.58802
1.58932
1.59068
1.59211
1.5936
1.59514
1.59675
1.59841
1.60012
1.60188
1.60369
1.60555
1.60745
1.6094
1.61138
1.6134
1.61545
1.61753
1.61964
1.62178
1.62394
1.62612
1.62832
1.63054
1.63277
1.63501
1.63726
1.63952
1.64179
1.64406
1.64634
1.64862
1.6509
1.65317
1.65545
1.65773
1.66
1.66226
1.66453
1.66678
1.66903
1.67128
1.67352
1.67575
1.67797
1.68018
1.68238
1.68458
1.68675
1.68892
1.69107
1.69321
1.69533
1.69743
1.69952
1.70158
1.70362
1.70564
1.70763
1.70959
1.71153
1.71343
1.7153
1.71713
1.71892
1.72067
1.72238
1.72404
1.72566
1.72722
1.72873
1.73018
1.73158
1.73292
1.73419
1.7354
1.73654
1.73761
1.7386
1.73953
1.74037
1.74114
1.74183
1.74243
1.74296
1.74339
1.74374
1.744
1.74417
1.74425
1.74424
1.74414
1.74395
1.74366
1.74328
1.74281
1.74225
1.74159
1.74085
1.74001
1.73908
1.73806
1.73695
1.73576
1.73447
1.73311
1.73165
1.73012
1.7285
1.72681
1.72504
1.72319
1.72127
1.71928
1.71722
1.71509
1.71291
1.71066
1.70835
1.70599
1.70357
1.70111
1.69859
1.69603
1.69343
1.69079
1.68812
1.68541
1.68266
1.67989
1.67709
1.67427
1.67143
1.66856
1.66568
1.66278
1.65987
1.65695
1.65402
1.65109
1.64815
1.6452
1.64225
1.6393
1.63635
1.6334
1.63045
1.6275
1.62455
1.62161
1.61868
1.61575
1.61282
1.6099
1.60699
1.60408
1.60118
1.59829
1.59541
1.59254
1.58967
1.58682
1.58398
1.58115
1.57833
1.57553
1.57274
1.56997
1.56721
1.56448
1.56176
1.55907
1.55641
1.55377
1.55116
1.54859
1.54604
1.54354
1.54108
1.53865
1.53628
1.53396
1.53168
1.52946
1.52731
1.52521
1.52318
1.52122
1.51933
1.51751
1.51578
1.51413
1.51256
1.51108
1.50969
1.50839
1.50719
1.50608
1.50508
1.50417
1.50337
1.50267
1.50208
1.50159
1.50121
1.50094
1.50078
1.50072
1.50077
1.50092
1.50118
1.50154
1.502
1.50257
1.50323
1.50398
1.50483
1.50577
1.5068
1.50791
1.50911
1.51038
1.51173
1.51315
1.51464
1.5162
1.51781
1.51949
1.52121
1.52299
1.52481
1.52668
1.52858
1.53052
1.53249
1.53448
1.5365
1.53855
1.54061
1.54268
1.54477
1.54686
1.54897
1.55107
1.55318
1.55528
1.55738
1.55947
1.56156
1.56364
1.5657
1.56776
1.5698
1.57183
1.57384
1.57583
1.57781
1.57977
1.58171
1.58363
1.58553
1.58742
1.58928
1.59113
1.59295
1.59476
1.59654
1.59831
1.60006
1.60179
1.60351
1.6052
1.60688
1.60855
1.61019
1.61182
1.61344
1.61504
1.61662
1.6182
1.61976
1.6213
1.62283
1.62435
1.62586
1.62735
1.62884
1.63031
1.63177
1.63322
1.63466
1.63609
1.63751
1.63892
1.64032
1.64171
1.64309
1.64446
1.64582
1.64718
1.64852
1.64985
1.65118
1.6525
1.65381
1.65511
1.65641
1.6577
1.65898
1.66025
1.66151
1.66277
1.66403
1.66527
1.66651
1.66774
1.66896
1.67018
1.67139
1.6726
1.6738
1.67499
1.67617
1.67735
1.67852
1.67968
1.68084
1.68199
1.68312
1.68425
1.68537
1.68648
1.68758
1.68867
1.68975
1.69081
1.69186
1.69289
1.69391
1.69491
1.69589
1.69686
1.69781
1.69874
1.69965
1.70053
1.7014
1.70224
1.70306
1.70385
1.70462
1.70536
1.70608
1.70676
1.70742
1.70806
1.70866
1.70923
1.70978
1.71029
1.71077
1.71123
1.71165
1.71205
1.71242
1.71275
1.71306
1.71334
1.71358
1.7138
1.714
1.71416
1.7143
1.71441
1.71449
1.71455
1.71458
1.71459
1.71457
1.71453
1.71447
1.71439
1.71428
1.71416
1.71401
1.71385
1.71367
1.71347
1.71326
1.71302
1.71278
1.71251
1.71224
1.71194
1.71164
1.71133
1.711
1.71066
1.71031
1.70995
1.70957
1.70919
1.7088
1.7084
1.708
1.70758
1.70716
1.70673
1.70629
1.70585
1.7054
1.70495
1.70449
1.70403
1.70356
1.70309
1.70262
1.70215
1.70167
1.70119
1.70072
1.70024
1.69976
1.69928
1.69881
1.69833
1.69786
1.69739
1.69692
1.69646
1.696
1.69554
1.69508
1.69463
1.69419
1.69375
1.69331
1.69289
1.69246
1.69204
1.69163
1.69122
1.69082
1.69042
1.69003
1.68965
1.68927
1.68889
1.68852
1.68816
1.68779
1.68743
1.68707
1.68672
1.68636
1.68601
1.68565
1.6853
1.68494
1.68459
1.68423
1.68386
1.68349
1.68312
1.68274
1.68235
1.68195
1.68155
1.68113
1.68071
1.68027
1.67982
1.67935
1.67887
1.67838
1.67786
1.67733
1.67678
1.67621
1.67563
1.67502
1.67439
1.67374
1.67307
1.67238
1.67167
1.67094
1.67018
1.6694
1.6686
1.66778
1.66694
1.66607
1.66519
1.66428
1.66336
1.66242
1.66147
1.6605
1.65952
1.65852
1.65751
1.65649
1.65546
1.65443
1.65339
1.65235
1.65131
1.65026
1.64922
1.64819
1.64716
1.64615
1.64514
1.64416
1.64319
1.64224
1.64131
1.64041
1.63953
1.63869
1.63788
1.63711
1.63637
1.63567
1.63501
1.6344
1.63383
1.63331
1.63284
1.63241
1.63204
1.63171
1.63144
1.63122
1.63105
1.63094
1.63087
1.63086
1.6309
1.63099
1.63112
1.6313
1.63153
1.6318
1.63211
1.63246
1.63284
1.63326
1.63371
1.63419
1.63469
1.63521
1.63575
1.63631
1.63687
1.63745
1.63803
1.6386
1.63918
1.63975
1.64031
1.64085
1.64138
1.64189
1.64238
1.64284
1.64327
1.64367
1.64404
1.64437
1.64466
1.64492
1.64513
1.6453
1.64542
1.64549
1.64552
1.6455
1.64543
1.64531
1.64514
1.64492
1.64465
1.64433
1.64395
1.64353
1.64305
1.64252
1.64195
1.64133
1.64066
1.63994
1.63918
1.63837
1.63752
1.63663
1.6357
1.63474
1.63373
1.63269
1.63162
1.63052
1.62938
1.62822
1.62703
1.62582
1.62458
1.62332
1.62205
1.62075
1.61944
1.61811
1.61677
1.61542
1.61406
1.61269
1.61131
1.60993
1.60855
1.60716
1.60577
1.60439
1.60301
1.60163
1.60026
1.5989
1.59754
1.5962
1.59487
1.59355
1.59225
1.59096
1.5897
1.58845
1.58722
1.58602
1.58484
1.58369
1.58257
1.58148
1.58042
1.5794
1.57841
1.57746
1.57654
1.57567
1.57484
1.57406
1.57332
1.57263
1.57199
1.5714
1.57086
1.57037
1.56993
1.56955
1.56922
1.56895
1.56874
1.56857
1.56847
1.56842
1.56842
1.56848
1.56859
1.56875
1.56896
1.56922
1.56952
1.56986
1.57025
1.57067
1.57113
1.57162
1.57214
1.57268
1.57324
1.57383
1.57442
1.57503
1.57564
1.57625
1.57686
1.57747
1.57806
1.57864
1.57921
1.57974
1.58026
1.58074
1.58119
1.5816
1.58197
1.5823
1.58257
1.5828
1.58298
1.5831
1.58316
1.58317
1.58311
1.583
1.58282
1.58257
1.58226
1.58188
1.58143
1.58092
1.58034
1.57969
1.57897
1.57819
1.57734
1.57643
1.57545
1.5744
1.5733
1.57214
1.57091
1.56963
1.5683
1.56691
1.56547
1.56399
1.56245
1.56088
1.55926
1.5576
1.55591
1.55418
1.55242
1.55064
1.54884
1.54701
1.54518
1.54332
1.54146
1.5396
1.53773
1.53586
1.53401
1.53216
1.53033
1.52852
1.52673
1.52497
1.52324
1.52154
1.51989
1.51828
1.51671
1.5152
1.51374
1.51234
1.51101
1.50974
1.50854
1.50741
1.50636
1.50539
1.50451
1.50371
1.503
1.50238
1.50186
1.50144
1.50111
1.50088
1.50076
1.50074
1.50083
1.50102
1.50132
1.50173
1.50225
1.50288
1.50362
1.50446
1.50542
1.50648
1.50765
1.50893
1.51031
1.51179
1.51337
1.51506
1.51684
1.51872
1.52068
1.52274
1.52488
1.52711
1.52942
1.5318
1.53425
1.53677
1.53936
1.54201
1.54471
1.54747
1.55027
1.55312
1.55601
1.55893
1.56188
1.56485
1.56785
1.57086
1.57389
1.57692
1.57995
1.58298
1.58601
1.58902
1.59202
1.595
1.59795
1.60088
1.60378
1.60664
1.60946
1.61225
1.61499
1.61768
1.62032
1.62291
1.62544
1.62791
1.63033
1.63267
1.63496
1.63718
1.63933
1.64141
1.64342
1.64536
1.64722
1.64901
1.65073
1.65237
1.65394
1.65543
1.65685
1.65819
1.65946
1.66065
1.66177
1.66281
1.66378
1.66468
1.66551
1.66627
1.66696
1.66758
1.66813
1.66861
1.66903
1.66939
1.66968
1.66991
1.67007
1.67018
1.67023
1.67022
1.67016
1.67004
1.66987
1.66964
1.66937
1.66904
1.66867
1.66825
1.66777
1.66726
1.6667
1.66609
1.66543
1.66474
1.664
1.66322
1.6624
1.66154
1.66064
1.65971
1.65873
1.65772
1.65667
1.65558
1.65446
1.6533
1.65211
1.65088
1.64962
1.64833
1.647
1.64564
1.64425
1.64283
1.64138
1.63989
1.63838
1.63684
1.63527
1.63367
1.63204
1.63039
1.62871
1.62701
1.62529
1.62354
1.62177
1.61998
1.61817
1.61634
1.6145
1.61264
1.61076
1.60888
1.60698
1.60508
1.60317
1.60125
1.59933
1.59741
1.59549
1.59358
1.59167
1.58977
1.58789
1.58602
1.58416
1.58233
1.58052
1.57874
1.57699
1.57527
1.57359
1.57194
1.57034
1.56879
1.56728
1.56583
1.56443
1.56309
1.56181
1.5606
1.55945
1.55837
1.55737
1.55644
1.55559
1.55481
1.55412
1.55351
1.55298
1.55254
1.55218
1.55191
1.55173
1.55163
1.55162
1.5517
1.55187
1.55212
1.55245
1.55288
1.55338
1.55397
1.55463
1.55537
1.55619
1.55708
1.55804
1.55907
1.56017
1.56133
1.56255
1.56384
1.56518
1.56657
1.56802
1.56951
1.57105
1.57263
1.57425
1.57591
1.57761
1.57934
1.5811
1.58289
1.5847
1.58654
1.5884
1.59028
1.59217
1.59409
1.59601
1.59795
1.5999
1.60185
1.60381
1.60577
1.60774
1.60971
1.61168
1.61364
1.6156
1.61755
1.6195
1.62144
1.62337
1.62528
1.62718
1.62907
1.63094
1.6328
1.63463
1.63645
1.63824
1.64001
1.64176
1.64348
1.64517
1.64683
1.64847
1.65007
1.65164
1.65318
1.65468
1.65614
1.65757
1.65896
1.66031
1.66162
1.66289
1.66412
1.6653
1.66644
1.66753
1.66858
1.66958
1.67054
1.67144
1.6723
1.6731
1.67386
1.67456
1.67521
1.67581
1.67636
1.67685
1.67729
1.67768
1.67801
1.67829
1.67851
1.67868
1.67879
1.67884
1.67884
1.67879
1.67867
1.6785
1.67828
1.67799
1.67765
1.67725
1.6768
1.67628
1.67571
1.67508
1.6744
1.67365
1.67285
1.67199
1.67108
1.6701
1.66907
1.66799
1.66685
1.66565
1.6644
1.66309
1.66173
1.66031
1.65884
1.65732
1.65574
1.65412
1.65245
1.65073
1.64896
1.64714
1.64528
1.64337
1.64142
1.63943
1.6374
1.63533
1.63323
1.63109
1.62892
1.62672
1.62448
1.62223
1.61994
1.61764
1.61531
1.61296
1.6106
1.60823
1.60584
1.60345
1.60105
1.59865
1.59624
1.59384
1.59144
1.58904
1.58666
1.58428
1.58192
1.57957
1.57724
1.57493
1.57265
1.57038
1.56815
1.56595
1.56377
1.56163
1.55953
1.55747
1.55544
1.55346
1.55152
1.54963
1.54779
1.54599
1.54425
1.54255
1.54091
1.53933
1.5378
1.53633
1.53491
1.53356
1.53226
1.53102
1.52984
1.52873
1.52767
1.52668
1.52574
1.52487
1.52406
1.52331
1.52261
1.52198
1.5214
1.52088
1.52041
1.52
1.51964
1.51932
1.51905
1.51883
1.51865
1.5185
1.5184
1.51832
1.51828
1.51826
1.51827
1.51829
1.51834
1.5184
1.51847
1.51855
1.51863
1.51872
1.51881
1.51889
1.51896
1.51903
1.51908
1.51913
1.51915
1.51916
1.51915
1.51913
1.51908
1.51901
1.51893
1.51882
1.51869
1.51855
1.51838
1.5182
1.51801
1.5178
1.51758
1.51735
1.51711
1.51687
1.51663
1.51639
1.51615
1.51593
1.51571
1.51551
1.51533
1.51517
1.51504
1.51494
1.51488
1.51485
1.51486
1.51491
1.51501
1.51516
1.51536
1.51561
1.51592
1.51629
1.51672
1.51722
1.51778
1.5184
1.51908
1.51984
1.52065
1.52154
1.52248
1.5235
1.52457
1.52571
1.5269
1.52816
1.52946
1.53083
1.53224
1.5337
1.53521
1.53675
1.53834
1.53996
1.5416
1.54328
1.54498
1.54669
1.54842
1.55016
1.55191
1.55366
1.5554
1.55714
1.55886
1.56057
1.56226
1.56392
1.56555
1.56716
1.56872
1.57025
1.57173
1.57317
1.57455
1.57588
1.57716
1.57838
1.57953
1.58063
1.58165
1.58262
1.58351
1.58433
1.58508
1.58576
1.58637
1.58691
1.58738
1.58778
1.58811
1.58837
1.58857
1.5887
1.58877
1.58878
1.58874
1.58865
1.5885
1.58831
1.58807
1.5878
1.58749
1.58715
1.58678
1.58639
1.58598
1.58556
1.58513
1.58469
1.58426
1.58382
1.5834
1.58298
1.58258
1.5822
1.58184
1.5815
1.5812
1.58093
1.5807
1.5805
1.58034
1.58023
1.58016
1.58014
1.58017
1.58024
1.58036
1.58054
1.58076
1.58103
1.58136
1.58173
1.58216
1.58263
1.58315
1.58372
1.58433
1.58499
1.58569
1.58643
1.58721
1.58803
1.58888
1.58976
1.59067
1.59162
1.59258
1.59357
1.59458
1.59561
1.59666
1.59772
1.59879
1.59987
1.60095
1.60204
1.60313
1.60422
1.6053
1.60637
1.60744
1.6085
1.60954
1.61056
1.61157
1.61256
1.61353
1.61448
1.6154
1.6163
1.61716
1.618
1.61881
1.61958
1.62032
1.62103
1.62171
1.62235
1.62295
1.62352
1.62405
1.62455
1.62501
1.62543
1.62581
1.62616
1.62647
1.62675
1.62699
1.62719
1.62737
1.6275
1.62761
1.62768
1.62773
1.62774
1.62773
1.62769
1.62763
1.62754
1.62744
1.62731
1.62716
1.62699
1.62681
1.62661
1.6264
1.62618
1.62595
1.6257
1.62546
1.6252
1.62495
1.62469
1.62442
1.62416
1.6239
1.62365
1.62339
1.62315
1.6229
1.62267
1.62244
1.62222
1.62201
1.62181
1.62162
1.62144
1.62128
1.62112
1.62098
1.62086
1.62075
1.62065
1.62057
1.62051
1.62046
1.62043
1.62041
1.62042
1.62044
1.62048
1.62054
1.62062
1.62072
1.62084
1.62099
1.62116
1.62135
1.62157
1.62182
1.62209
1.62239
1.62272
1.62308
1.62348
1.6239
1.62436
1.62486
1.62539
1.62596
1.62657
1.62722
1.6279
1.62863
1.6294
1.63022
1.63107
1.63197
1.63292
1.63391
1.63494
1.63601
1.63713
1.63829
1.6395
1.64074
1.64202
1.64334
1.6447
1.6461
1.64753
1.64899
1.65048
1.65199
1.65354
1.65511
1.65669
1.6583
1.65993
1.66157
1.66322
1.66488
1.66654
1.66821
1.66988
1.67155
1.67322
1.67488
1.67653
1.67817
1.6798
1.68142
1.68302
1.68459
1.68615
1.68769
1.6892
1.69068
1.69214
1.69357
1.69497
1.69633
1.69766
1.69895
1.70021
1.70143
1.70261
1.70375
1.70484
1.7059
1.70691
1.70788
1.7088
1.70967
1.7105
1.71127
1.712
1.71267
1.7133
1.71387
1.71439
1.71485
1.71526
1.71561
1.71591
1.71615
1.71633
1.71645
1.71652
1.71652
1.71647
1.71635
1.71618
1.71595
1.71565
1.7153
1.71489
1.71441
1.71388
1.71328
1.71263
1.71191
1.71114
1.71031
1.70943
1.70849
1.70749
1.70644
1.70534
1.70419
1.70299
1.70174
1.70045
1.69911
1.69773
1.69631
1.69486
1.69337
1.69185
1.69031
1.68874
1.68715
1.68553
1.68391
1.68227
1.68063
1.67898
1.67733
1.67569
1.67406
1.67244
1.67085
1.66927
1.66772
1.66621
1.66473
1.6633
1.66191
1.66057
1.65929
1.65807
1.65691
1.65582
1.65481
1.65387
1.65302
1.65225
1.65157
1.65098
1.65048
1.65009
1.64979
1.6496
1.64951
1.64952
1.64965
1.64988
1.65022
1.65068
1.65124
1.65191
1.6527
1.65359
1.65459
1.65569
1.65691
1.65822
1.65965
1.66117
1.66279
1.66451
1.66632
1.66822
1.67021
1.67229
1.67445
1.67669
1.67901
1.68141
1.68387
1.68641
1.68901
1.69167
1.6944
1.69718
1.70002
1.70291
1.70585
1.70884
1.71187
1.71495
1.71806
1.72122
1.72441
1.72763
1.73089
1.73417
1.73748
1.74081
1.74416
1.74753
1.75091
1.75431
1.75771
1.76113
1.76455
1.76797
1.77138
1.7748
1.77821
1.7816
1.78498
1.78835
1.79169
1.79501
1.7983
1.80156
1.80478
1.80796
1.8111
1.81419
1.81723
1.82022
1.82314
1.82601
1.82881
1.83153
1.83418
1.83676
1.83925
1.84166
1.84398
1.8462
1.84834
1.85037
1.8523
1.85413
1.85585
1.85746
1.85895
1.86033
1.86159
1.86273
1.86374
1.86463
1.86539
1.86602
1.86652
1.86689
1.86712
1.86721
1.86717
1.86699
1.86667
1.86621
1.86561
1.86487
1.86399
1.86297
1.86181
1.86051
1.85906
1.85748
1.85576
1.8539
1.8519
1.84977
1.84751
1.84512
1.84259
1.83994
1.83716
1.83427
1.83125
1.82811
1.82487
1.82151
1.81804
1.81448
1.81081
1.80705
1.80319
1.79925
1.79523
1.79113
1.78696
1.78272
1.77842
1.77406
1.76964
1.76518
1.76068
1.75613
1.75156
1.74696
1.74234
1.7377
1.73304
1.72838
1.72372
1.71906
1.71441
1.70977
1.70514
1.70054
1.69595
1.6914
1.68687
1.68238
1.67792
1.6735
1.66911
1.66478
1.66048
1.65623
1.65203
1.64787
1.64376
1.6397
1.63568
1.63171
1.62779
1.62392
1.6201
1.61632
1.61258
1.60889
1.60525
1.60164
1.59807
1.59455
1.59106
1.58761
1.58419
1.58081
1.57746
1.57415
1.57087
1.56762
1.5644
1.56121
1.55805
1.55493
1.55183
1.54878
1.54575
1.54276
1.53981
1.53689
1.53401
1.53118
1.52839
1.52564
1.52294
1.5203
1.51771
1.51518
1.51271
1.5103
1.50796
1.50569
1.5035
1.50138
1.49935
1.4974
1.49554
1.49378
1.4921
1.49053
1.48906
1.48769
1.48644
1.48529
1.48425
1.48333
1.48253
1.48184
1.48128
1.48084
1.48052
1.48033
1.48026
1.48032
1.4805
1.48081
1.48124
1.4818
1.48248
1.48328
1.48419
1.48523
1.48638
1.48765
1.48903
1.49051
1.4921
1.4938
1.49559
1.49748
1.49946
1.50153
1.50368
1.50592
1.50823
1.51062
1.51307
1.51559
1.51817
1.52081
1.5235
1.52623
1.52902
1.53184
1.5347
1.53759
1.54051
1.54345
1.54641
1.54939
1.55238
1.55538
1.55838
1.56138
1.56438
1.56738
1.57036
1.57334
1.57629
1.57923
1.58215
1.58504
1.58791
1.59074
1.59354
1.59631
1.59903
1.60172
1.60437
1.60697
1.60953
1.61204
1.6145
1.6169
1.61926
1.62156
1.62381
1.626
1.62814
1.63022
1.63225
1.63421
1.63611
1.63796
1.63974
1.64146
1.64313
1.64473
1.64627
1.64775
1.64917
1.65053
1.65183
1.65307
1.65426
1.65538
1.65645
1.65747
1.65843
1.65933
1.66018
1.66098
1.66173
1.66243
1.66308
1.66368
1.66423
1.66474
1.66521
1.66563
1.66602
1.66636
1.66666
1.66693
1.66716
1.66736
1.66752
1.66765
1.66775
1.66782
1.66786
1.66788
1.66786
1.66783
1.66776
1.66768
1.66757
1.66744
1.6673
1.66713
1.66695
1.66675
1.66654
1.66631
1.66607
1.66582
1.66556
1.66529
1.66502
1.66474
1.66445
1.66416
1.66387
1.66358
1.66329
1.66301
1.66272
1.66244
1.66217
1.66191
1.66166
1.66142
1.66119
1.66097
1.66077
1.66058
1.6604
1.66025
1.66011
1.65998
1.65988
1.65979
1.65972
1.65967
1.65963
1.65961
1.65961
1.65962
1.65964
1.65968
1.65972
1.65978
1.65984
1.65991
1.65997
1.66004
1.66011
1.66017
1.66022
1.66027
1.6603
1.66032
1.66033
1.66031
1.66028
1.66022
1.66014
1.66003
1.65989
1.65972
1.65952
1.65928
1.65901
1.65871
1.65837
1.658
1.65758
1.65713
1.65665
1.65613
1.65557
1.65499
1.65436
1.65371
1.65303
1.65232
1.65159
1.65083
1.65005
1.64926
1.64845
1.64762
1.64679
1.64596
1.64512
1.64428
1.64345
1.64263
1.64182
1.64103
1.64026
1.63952
1.63881
1.63812
1.63748
1.63688
1.63632
1.63581
1.63535
1.63495
1.63461
1.63433
1.63412
1.63398
1.63391
1.63392
1.634
1.63417
1.63442
1.63476
1.63518
1.63569
1.6363
1.63699
1.63778
1.63866
1.63963
1.6407
1.64186
1.64311
1.64446
1.6459
1.64743
1.64905
1.65076
1.65255
1.65443
1.65638
1.65842
1.66053
1.66272
1.66497
1.66729
1.66967
1.6721
1.67459
1.67713
1.67971
1.68233
1.68499
1.68767
1.69038
1.69311
1.69585
1.69861
1.70136
1.70412
1.70687
1.70961
1.71233
1.71503
1.7177
1.72035
1.72295
1.72552
1.72804
1.73051
1.73293
1.73529
1.73758
1.73981
1.74197
1.74405
1.74605
1.74798
1.74981
1.75156
1.75322
1.75478
1.75625
1.75762
1.75888
1.76005
1.76111
1.76206
1.7629
1.76364
1.76426
1.76477
1.76517
1.76545
1.76562
1.76568
1.76562
1.76544
1.76515
1.76475
1.76423
1.7636
1.76285
1.76199
1.76101
1.75993
1.75873
1.75743
1.75602
1.7545
1.75288
1.75116
1.74934
1.74742
1.7454
1.74329
1.74109
1.7388
1.73643
1.73397
1.73143
1.72881
1.72613
1.72336
1.72054
1.71764
1.71469
1.71168
1.70861
1.70549
1.70233
1.69913
1.69588
1.6926
1.68929
1.68595
1.68258
1.6792
1.67579
1.67238
1.66895
1.66552
1.66209
1.65866
1.65523
1.65181
1.64841
1.64502
1.64165
1.6383
1.63498
1.63169
1.62842
1.6252
1.62201
1.61886
1.61575
1.61269
1.60968
1.60672
1.60382
1.60097
1.59818
1.59545
1.59279
1.59019
1.58766
1.58521
1.58282
1.58052
1.57829
1.57614
1.57407
1.57208
1.57018
1.56836
1.56664
1.565
1.56345
1.56199
1.56063
1.55935
1.55818
1.55709
1.5561
1.55521
1.55441
1.55371
1.5531
1.55259
1.55218
1.55186
1.55164
1.55151
1.55147
1.55153
1.55167
1.55191
1.55223
1.55264
1.55314
1.55372
1.55438
1.55512
1.55594
1.55683
1.5578
1.55884
1.55995
1.56113
1.56236
1.56366
1.56502
1.56644
1.5679
1.56942
1.57098
1.57258
1.57423
1.57591
1.57762
1.57937
1.58115
1.58295
1.58477
1.58662
1.58847
1.59034
1.59222
1.59411
1.596
1.59789
1.59978
1.60166
1.60354
1.60541
1.60726
1.60909
1.61091
1.61271
1.61449
1.61624
1.61797
1.61967
1.62134
1.62297
1.62458
1.62615
1.62769
1.62919
1.63065
1.63208
1.63347
1.63482
1.63614
1.63742
1.63867
1.63988
1.64105
1.64219
1.6433
1.64438
1.64543
1.64645
1.64744
1.64841
1.64935
1.65028
1.65118
1.65207
1.65294
1.6538
1.65465
1.6555
1.65634
1.65717
1.65801
1.65884
1.65968
1.66053
1.66138
1.66224
1.66311
1.66399
1.66489
1.6658
1.66673
1.66767
1.66863
1.66962
1.67061
1.67163
1.67267
1.67372
1.6748
1.67589
1.67699
1.67811
1.67924
1.68039
1.68154
1.68271
1.68388
1.68505
1.68623
1.68741
1.68859
1.68976
1.69092
1.69208
1.69323
1.69436
1.69547
1.69657
1.69764
1.69868
1.6997
1.70069
1.70165
1.70257
1.70345
1.70429
1.70508
1.70583
1.70654
1.70719
1.70779
1.70834
1.70883
1.70927
1.70964
1.70996
1.71021
1.7104
1.71053
1.71059
1.71059
1.71051
1.71037
1.71017
1.70989
1.70954
1.70913
1.70864
1.70808
1.70746
1.70677
1.70601
1.70518
1.70429
1.70333
1.7023
1.70122
1.70007
1.69886
1.6976
1.69628
1.69491
1.69348
1.69201
1.69049
1.68893
1.68733
1.6857
1.68403
1.68233
1.68061
1.67886
1.67709
1.67531
1.67351
1.67171
1.66991
1.6681
1.6663
1.66451
1.66274
1.66097
1.65923
1.65751
1.65583
1.65417
1.65255
1.65096
1.64942
1.64792
1.64648
1.64508
1.64374
1.64245
1.64122
1.64006
1.63895
1.63792
1.63694
1.63603
1.6352
1.63443
1.63373
1.63309
1.63253
1.63204
1.63162
1.63127
1.63099
1.63077
1.63063
1.63055
1.63053
1.63058
1.6307
1.63087
1.6311
1.63139
1.63173
1.63213
1.63258
1.63307
1.63362
1.6342
1.63483
1.63549
1.63619
1.63692
1.63769
1.63848
1.6393
1.64014
1.64099
1.64187
1.64276
1.64365
1.64456
1.64547
1.64639
1.6473
1.64821
1.64911
1.65
1.65089
1.65175
1.6526
1.65343
1.65423
1.65501
1.65577
1.65649
1.65718
1.65784
1.65845
1.65903
1.65957
1.66006
1.66051
1.66091
1.66126
1.66156
1.66181
1.662
1.66213
1.66221
1.66222
1.66218
1.66208
1.66191
1.66168
1.66139
1.66103
1.66061
1.66012
1.65957
1.65895
1.65827
1.65752
1.65671
1.65584
1.6549
1.65391
1.65285
1.65174
1.65056
1.64934
1.64806
1.64674
1.64536
1.64395
1.64249
1.64099
1.63946
1.6379
1.63631
1.63469
1.63306
1.63141
1.62975
1.62808
1.6264
1.62473
1.62306
1.6214
1.61975
1.61811
1.61649
1.61489
1.61331
1.61177
1.61024
1.60875
1.60729
1.60587
1.60447
1.60311
1.60179
1.6005
1.59925
1.59803
1.59684
1.59568
1.59455
1.59345
1.59237
1.59132
1.59029
1.58927
1.58828
1.58729
1.58632
1.58535
1.58439
1.58344
1.58248
1.58153
1.58057
1.57961
1.57864
1.57767
1.57668
1.57569
1.57469
1.57368
1.57265
1.57162
1.57058
1.56954
1.56848
1.56742
1.56636
1.5653
1.56424
1.56318
1.56213
1.56108
1.56005
1.55904
1.55804
1.55706
1.55611
1.55518
1.55429
1.55343
1.55261
1.55183
1.55109
1.5504
1.54977
1.54918
1.54865
1.54818
1.54778
1.54743
1.54715
1.54694
1.5468
1.54673
1.54674
1.54681
1.54697
1.5472
1.54751
1.5479
1.54836
1.5489
1.54953
1.55023
1.551
1.55185
1.55279
1.55379
1.55487
1.55602
1.55725
1.55854
1.5599
1.56133
1.56283
1.56438
1.566
1.56768
1.56941
1.5712
1.57304
1.57493
1.57687
1.57884
1.58086
1.58292
1.58501
1.58714
1.58929
1.59147
1.59367
1.59589
1.59812
1.60037
1.60263
1.6049
1.60716
1.60943
1.6117
1.61396
1.61621
1.61845
1.62068
1.62288
1.62507
1.62723
1.62937
1.63148
1.63355
1.63559
1.63759
1.63955
1.64147
1.64334
1.64517
1.64695
1.64868
1.65036
1.65199
1.65356
1.65507
1.65653
1.65793
1.65928
1.66056
1.66179
1.66296
1.66407
1.66512
1.66611
1.66705
1.66793
1.66875
1.66952
1.67023
1.67089
1.6715
1.67206
1.67256
1.67302
1.67343
1.6738
1.67412
1.67439
1.67463
1.67482
1.67497
1.67509
1.67516
1.6752
1.67521
1.67518
1.67511
1.67501
1.67488
1.67471
1.6745
1.67427
1.67399
1.67369
1.67335
1.67298
1.67257
1.67212
1.67165
1.67113
1.67058
1.66999
1.66937
1.66871
1.66802
1.66729
1.66652
1.66572
1.66488
1.664
1.6631
1.66215
1.66118
1.66017
1.65913
1.65806
1.65697
1.65585
1.6547
1.65354
1.65235
1.65115
1.64994
1.64871
1.64748
1.64624
1.64501
1.64377
1.64254
1.64133
1.64012
1.63894
1.63777
1.63663
1.63553
1.63445
1.63341
1.63242
1.63147
1.63056
1.62971
1.62892
1.62819
1.62752
1.62691
1.62638
1.62591
1.62552
1.62521
1.62498
1.62483
1.62476
1.62477
1.62487
1.62506
1.62533
1.62568
1.62613
1.62665
1.62726
1.62796
1.62874
1.62959
1.63053
1.63154
1.63262
1.63377
1.63499
1.63627
1.6376
1.639
1.64044
1.64193
1.64345
1.64502
1.64662
1.64824
1.64988
1.65154
1.6532
1.65488
1.65655
1.65821
1.65987
1.6615
1.66312
1.6647
1.66625
1.66777
1.66923
1.67065
1.67202
1.67333
1.67458
1.67576
1.67686
1.6779
1.67886
1.67973
1.68052
1.68122
1.68183
1.68234
1.68276
1.68308
1.6833
1.68341
1.68341
1.68331
1.68311
1.68279
1.68236
1.68183
1.68118
1.68042
1.67955
1.67857
1.67747
1.67627
1.67496
1.67355
1.67202
1.67039
1.66866
1.66683
1.6649
1.66287
1.66075
1.65854
1.65625
1.65386
1.6514
1.64886
1.64624
1.64356
1.64081
1.638
1.63513
1.63221
1.62924
1.62623
1.62318
1.6201
1.61699
1.61387
1.61072
1.60757
1.60441
1.60125
1.5981
1.59497
1.59185
1.58876
1.5857
1.58267
1.57969
1.57676
1.57389
1.57108
1.56833
1.56566
1.56307
1.56056
1.55815
1.55582
1.5536
1.55148
1.54948
1.54758
1.54581
1.54415
1.54263
1.54123
1.53996
1.53883
1.53784
1.53698
1.53627
1.53569
1.53526
1.53498
1.53484
1.53484
1.53499
1.53529
1.53572
1.5363
1.53702
1.53787
1.53886
1.53999
1.54124
1.54262
1.54412
1.54575
1.54749
1.54934
1.55131
1.55337
1.55554
1.5578
1.56015
1.56259
1.56511
1.56771
1.57037
1.5731
1.5759
1.57874
1.58164
1.58458
1.58756
1.59058
1.59363
1.5967
1.5998
1.6029
1.60603
1.60915
1.61228
1.61541
1.61854
1.62165
1.62475
1.62783
1.6309
1.63393
1.63694
1.63991
1.64285
1.64575
1.64861
1.65142
1.65419
1.6569
1.65956
1.66216
1.66471
1.66719
1.6696
1.67195
1.67423
1.67643
1.67856
1.68061
1.68259
1.68448
1.68628
1.688
1.68963
1.69117
1.69262
1.69397
1.69523
1.69639
1.69745
1.69841
1.69927
1.70002
1.70066
1.7012
1.70163
1.70195
1.70216
1.70226
1.70224
1.70212
1.70187
1.70152
1.70104
1.70046
1.69975
1.69894
1.698
1.69695
1.69579
1.69451
1.69312
1.69162
1.69
1.68827
1.68643
1.68448
1.68242
1.68025
1.67798
1.6756
1.67312
1.67054
1.66786
1.66508
1.66221
1.65924
1.65618
1.65303
1.6498
1.64648
1.64308
1.6396
1.63605
1.63243
1.62873
1.62497
1.62115
1.61727
1.61334
1.60935
1.60531
1.60123
1.59711
1.59296
1.58877
1.58456
1.58033
1.57608
1.57182
1.56756
1.56329
1.55904
1.55479
1.55057
1.54638
1.54222
1.5381
1.53404
1.53003
1.52608
1.52222
1.51843
1.51474
1.51115
1.50767
1.50431
1.50108
1.49798
1.49504
1.49224
1.48962
1.48716
1.48488
1.48278
1.48088
1.47918
1.47768
1.47639
1.47532
1.47445
1.4738
1.47337
1.47315
1.47314
1.47335
1.47376
1.47438
1.4752
1.47621
1.47741
1.47879
1.48033
1.48204
1.4839
1.4859
1.48803
1.49029
1.49265
1.49512
1.49767
1.5003
1.503
1.50576
1.50856
1.51141
1.51428
1.51718
1.52009
1.523
1.52592
1.52882
1.53172
1.53459
1.53744
1.54027
1.54306
1.54581
1.54853
1.55121
1.55384
1.55643
1.55897
1.56147
1.56391
1.56631
1.56866
1.57096
1.57321
1.57541
1.57756
1.57966
1.58171
1.58371
1.58567
1.58759
1.58945
1.59128
1.59306
1.59479
1.59648
1.59813
1.59974
1.6013
1.60282
1.60431
1.60575
1.60715
1.60851
1.60984
1.61112
1.61236
1.61356
1.61473
1.61585
1.61694
1.61799
1.619
1.61997
1.6209
1.62179
1.62265
1.62346
1.62424
1.62498
1.62568
1.62634
1.62696
1.62755
1.6281
1.62861
1.62908
1.62951
1.62991
1.63027
1.6306
1.63089
1.63115
1.63137
1.63157
1.63173
1.63186
1.63195
1.63202
1.63207
1.63208
1.63207
1.63204
1.63198
1.63191
1.63181
1.63169
1.63155
1.6314
1.63123
1.63105
1.63086
1.63066
1.63045
1.63024
1.63002
1.6298
1.62957
1.62935
1.62914
1.62893
1.62872
1.62853
1.62834
1.62817
1.62801
1.62787
1.62774
1.62763
1.62755
1.62749
1.62745
1.62744
1.62745
1.62749
1.62756
1.62767
1.6278
1.62796
1.62816
1.62839
1.62865
1.62895
1.62929
1.62965
1.63006
1.6305
1.63097
1.63148
1.63202
1.6326
1.63321
1.63386
1.63454
1.63525
1.636
1.63677
1.63757
1.6384
1.63926
1.64015
1.64106
1.64199
1.64295
1.64392
1.64492
1.64593
1.64696
1.648
1.64905
1.65012
1.65119
1.65228
1.65337
1.65447
1.65558
1.65669
1.6578
1.65891
1.66002
1.66113
1.66223
1.66334
1.66444
1.66553
1.66662
1.66771
1.66878
1.66985
1.67091
1.67196
1.673
1.67403
1.67506
1.67607
1.67708
1.67808
1.67907
1.68006
1.68103
1.682
1.68297
1.68393
1.68489
1.68584
1.68679
1.68774
1.68869
1.68964
1.69059
1.69155
1.69251
1.69348
1.69445
1.69543
1.69642
1.69742
1.69843
1.69945
1.70049
1.70155
1.70261
1.7037
1.70481
1.70593
1.70708
1.70824
1.70943
1.71064
1.71188
1.71313
1.71442
1.71572
1.71705
1.71841
1.71979
1.7212
1.72263
1.72408
1.72556
1.72706
1.72858
1.73013
1.7317
1.73328
1.73489
1.73651
1.73815
1.7398
1.74147
1.74314
1.74483
1.74652
1.74822
1.74992
1.75162
1.75333
1.75503
1.75673
1.75842
1.7601
1.76177
1.76343
1.76507
1.76669
1.76829
1.76987
1.77142
1.77295
1.77444
1.7759
1.77733
1.77872
1.78008
1.78139
1.78266
1.78389
1.78507
1.78621
1.7873
1.78834
1.78933
1.79026
1.79115
1.79197
1.79275
1.79347
1.79413
1.79473
1.79528
1.79577
1.7962
1.79657
1.79688
1.79714
1.79733
1.79746
1.79754
1.79755
1.7975
1.79739
1.79722
1.79699
1.7967
1.79634
1.79593
1.79546
1.79492
1.79433
1.79367
1.79295
1.79217
1.79132
1.79042
1.78945
1.78841
1.78732
1.78616
1.78493
1.78364
1.78228
1.78086
1.77937
1.77782
1.77619
1.7745
1.77274
1.77091
1.76901
1.76704
1.765
1.7629
1.76072
1.75848
1.75617
1.75379
1.75135
1.74883
1.74626
1.74362
1.74092
1.73815
1.73533
1.73245
1.72952
1.72653
1.7235
1.72041
1.71728
1.71411
1.7109
1.70766
1.70438
1.70108
1.69775
1.69441
1.69105
1.68768
1.6843
1.68092
1.67755
1.67418
1.67083
1.6675
1.66419
1.66091
1.65766
1.65446
1.6513
1.64819
1.64513
1.64213
1.63919
1.63632
1.63353
1.6308
1.62816
1.6256
1.62313
1.62075
1.61845
1.61626
1.61416
1.61215
1.61025
1.60845
1.60675
1.60514
1.60364
1.60224
1.60094
1.59973
1.59862
1.59761
1.59668
1.59584
1.59509
1.59442
1.59382
1.5933
1.59284
1.59246
1.59213
1.59186
1.59163
1.59145
1.59131
1.5912
1.59113
1.59107
1.59103
1.59101
1.59099
1.59098
1.59096
1.59093
1.59089
1.59083
1.59075
1.59065
1.59051
1.59035
1.59014
1.5899
1.58962
1.58929
1.58892
1.5885
1.58803
1.58751
1.58694
1.58632
1.58565
1.58493
1.58416
1.58335
1.5825
1.58161
1.58069
1.57973
1.57875
1.57774
1.57671
1.57568
1.57464
1.5736
1.57257
1.57156
1.57057
1.56962
1.5687
1.56784
1.56704
1.5663
1.56565
1.56508
1.5646
1.56423
1.56398
1.56384
1.56384
1.56397
1.56424
1.56467
1.56525
1.56598
1.56689
1.56796
1.5692
1.57061
1.57218
1.57393
1.57585
1.57793
1.58018
1.58258
1.58513
1.58783
1.59067
1.59365
1.59675
1.59996
1.60328
1.60671
1.61022
1.61381
1.61748
1.62121
1.62499
1.62881
1.63267
1.63655
1.64046
1.64437
1.64828
1.65219
1.65608
1.65996
1.66381
1.66763
1.67141
1.67515
1.67884
1.68248
1.68606
1.68959
1.69305
1.69645
1.69978
1.70304
1.70623
1.70935
1.71239
1.71535
1.71823
1.72104
1.72376
1.7264
1.72897
1.73145
1.73384
1.73616
1.73839
1.74054
1.74261
1.7446
1.7465
1.74833
1.75007
1.75174
1.75332
1.75483
1.75626
1.75761
1.75888
1.76008
1.7612
1.76225
1.76323
1.76413
1.76496
1.76571
1.7664
1.76702
1.76756
1.76804
1.76845
1.7688
1.76908
1.7693
1.76945
1.76954
1.76957
1.76955
1.76946
1.76932
1.76912
1.76886
1.76855
1.76819
1.76778
1.76732
1.76681
1.76625
1.76565
1.765
1.76432
1.76359
1.76282
1.76201
1.76117
1.76029
1.75938
1.75844
1.75747
1.75647
1.75545
1.75439
1.75332
1.75222
1.75111
1.74997
1.74882
1.74765
1.74646
1.74527
1.74406
1.74285
1.74162
1.74038
1.73914
1.73789
1.73664
1.73538
1.73412
1.73285
1.73157
1.7303
1.72902
1.72774
1.72645
1.72516
1.72387
1.72258
1.72128
1.71997
1.71866
1.71735
1.71602
1.71469
1.71336
1.71201
1.71066
1.70929
1.70792
1.70653
1.70514
1.70373
1.70231
1.70088
1.69944
1.69799
1.69652
1.69505
1.69356
1.69206
1.69055
1.68903
1.6875
1.68596
1.68442
1.68288
1.68133
1.67978
1.67823
1.67668
1.67513
1.67359
1.67206
1.67054
1.66903
1.66753
1.66605
1.66459
1.66316
1.66175
1.66036
1.659
1.65768
1.65639
1.65514
1.65392
1.65275
1.65162
1.65054
1.64951
1.64852
1.64759
1.64671
1.64588
1.64511
1.6444
1.64374
1.64314
1.6426
1.64212
1.6417
1.64134
1.64104
1.6408
1.64061
1.64049
1.64042
1.64041
1.64045
1.64055
1.6407
1.6409
1.64115
1.64144
1.64178
1.64217
1.64259
1.64306
1.64356
1.64409
1.64466
1.64525
1.64587
1.64652
1.64718
1.64786
1.64857
1.64928
1.65
1.65073
1.65147
1.65221
1.65295
1.65369
1.65442
1.65515
1.65587
1.65657
1.65726
1.65793
1.65858
1.65921
1.65981
1.66039
1.66094
1.66146
1.66195
1.66241
1.66283
1.66321
1.66355
1.66385
1.66411
1.66433
1.6645
1.66463
1.66471
1.66474
1.66473
1.66466
1.66455
1.66439
1.66418
1.66393
1.66362
1.66327
1.66287
1.66243
1.66194
1.66141
1.66083
1.66022
1.65956
1.65887
1.65815
1.65739
1.6566
1.65578
1.65493
1.65407
1.65318
1.65228
1.65136
1.65044
1.6495
1.64856
1.64762
1.64669
1.64576
1.64484
1.64393
1.64304
1.64217
1.64133
1.64051
1.63972
1.63896
1.63824
1.63755
1.63691
1.63631
1.63576
1.63525
1.6348
1.6344
1.63406
1.63377
1.63354
1.63336
1.63325
1.6332
1.6332
1.63327
1.6334
1.6336
1.63385
1.63417
1.63454
1.63498
1.63547
1.63602
1.63662
1.63728
1.638
1.63876
1.63957
1.64043
1.64134
1.64228
1.64327
1.64429
1.64536
1.64645
1.64757
1.64872
1.6499
1.65109
1.65231
1.65353
1.65478
1.65603
1.65728
1.65855
1.65981
1.66107
1.66233
1.66358
1.66481
1.66604
1.66725
1.66845
1.66962
1.67078
1.6719
1.67301
1.67408
1.67512
1.67613
1.67711
1.67805
1.67895
1.67981
1.68063
1.68141
1.68215
1.68284
1.68349
1.68409
1.68464
1.68514
1.68559
1.68599
1.68634
1.68664
1.68689
1.68708
1.68722
1.68731
1.68734
1.68732
1.68725
1.68712
1.68694
1.68671
1.68642
1.68608
1.68569
1.68525
1.68476
1.68422
1.68363
1.68299
1.6823
1.68157
1.68079
1.67997
1.6791
1.67819
1.67723
1.67624
1.67521
1.67413
1.67303
1.67188
1.67071
1.6695
1.66826
1.66698
1.66569
1.66436
1.66301
1.66164
1.66025
1.65883
1.65741
1.65596
1.65451
1.65304
1.65156
1.65008
1.64859
1.6471
1.64561
1.64413
1.64265
1.64118
1.63971
1.63827
1.63683
1.63542
1.63403
1.63267
1.63133
1.63003
1.62876
1.62752
1.62633
1.62518
1.62408
1.62303
1.62203
1.62108
1.6202
1.61937
1.61861
1.61791
1.61728
1.61673
1.61624
1.61583
1.6155
1.61525
1.61507
1.61498
1.61496
1.61503
1.61518
1.61542
1.61574
1.61614
1.61663
1.61719
1.61784
1.61857
1.61937
1.62026
1.62122
1.62225
1.62335
1.62452
1.62576
1.62707
1.62843
1.62985
1.63133
1.63285
1.63443
1.63605
1.63771
1.63942
1.64115
1.64292
1.64471
1.64653
1.64838
1.65023
1.65211
1.65399
1.65588
1.65777
1.65966
1.66155
1.66343
1.6653
1.66716
1.669
1.67082
1.67262
1.6744
1.67615
1.67787
1.67955
1.6812
1.68282
1.6844
1.68593
1.68742
1.68886
1.69026
1.69161
1.69291
1.69416
1.69535
1.69649
1.69757
1.69859
1.69956
1.70047
1.70131
1.70209
1.70281
1.70347
1.70406
1.70459
1.70506
1.70546
1.7058
1.70607
1.70628
1.70643
1.70651
1.70653
1.70649
1.70638
1.70622
1.706
1.70571
1.70537
1.70498
1.70453
1.70402
1.70346
1.70285
1.7022
1.7015
1.70075
1.69996
1.69913
1.69826
1.69736
1.69642
1.69545
1.69446
1.69343
1.69238
1.69131
1.69022
1.6891
1.68798
1.68684
1.68569
1.68454
1.68337
1.68221
1.68104
1.67987
1.67871
1.67755
1.67639
1.67525
1.67411
1.67298
1.67187
1.67077
1.66969
1.66863
1.66758
1.66655
1.66554
1.66455
1.66358
1.66264
1.66171
1.66081
1.65994
1.65908
1.65825
1.65745
1.65667
1.65591
1.65518
1.65447
1.65378
1.65312
1.65249
1.65187
1.65129
1.65072
1.65019
1.64967
1.64918
1.64871
1.64827
1.64785
1.64746
1.64709
1.64674
1.64642
1.64612
1.64585
1.64561
1.64538
1.64519
1.64501
1.64487
1.64475
1.64465
1.64458
1.64454
1.64452
1.64453
1.64457
1.64463
1.64472
1.64484
1.64498
1.64515
1.64535
1.64558
1.64583
1.64611
1.64641
1.64675
1.6471
1.64749
1.64789
1.64833
1.64879
1.64927
1.64978
1.65031
1.65086
1.65143
1.65203
1.65265
1.65328
1.65394
1.65461
1.6553
1.65601
1.65674
1.65748
1.65825
1.65902
1.65982
1.66063
1.66145
1.66229
1.66314
1.66401
1.66489
1.66578
1.66668
1.6676
1.66853
1.66947
1.67042
1.67138
1.67235
1.67334
1.67433
1.67534
1.67636
1.67739
1.67843
1.67947
1.68053
1.6816
1.68268
1.68377
1.68486
1.68597
1.68708
1.68821
1.68934
1.69048
1.69163
1.69278
1.69394
1.69511
1.69629
1.69747
1.69865
1.69984
1.70104
1.70223
1.70343
1.70463
1.70583
1.70703
1.70822
1.70942
1.71062
1.71181
1.71299
1.71418
1.71535
1.71652
1.71768
1.71884
1.71998
1.72112
1.72224
1.72335
1.72445
1.72554
1.72661
1.72766
1.7287
1.72973
1.73073
1.73172
1.73269
1.73364
1.73457
1.73549
1.73638
1.73725
1.73809
1.73892
1.73972
1.74051
1.74126
1.742
1.7427
1.74339
1.74404
1.74467
1.74527
1.74585
1.7464
1.74692
1.74741
1.74787
1.7483
1.74871
1.74908
1.74942
1.74973
1.75001
1.75025
1.75047
1.75065
1.75079
1.7509
1.75098
1.75102
1.75102
1.75099
1.75092
1.75081
1.75067
1.75049
1.75028
1.75003
1.74974
1.74941
1.74905
1.74865
1.74821
1.74774
1.74723
1.74669
1.74611
1.7455
1.74485
1.74416
1.74345
1.7427
1.74192
1.74111
1.74027
1.7394
1.7385
1.73757
1.73662
1.73564
1.73464
1.73361
1.73256
1.73149
1.73041
1.7293
1.72817
1.72703
1.72587
1.7247
1.72351
1.72231
1.72109
1.71986
1.71863
1.71738
1.71613
1.71486
1.71359
1.71232
1.71103
1.70974
1.70845
1.70715
1.70585
1.70455
1.70324
1.70194
1.70063
1.69933
1.69802
1.69672
1.69542
1.69413
1.69285
1.69157
1.69029
1.68903
1.68778
1.68654
1.68532
1.68411
1.68291
1.68173
1.68058
1.67944
1.67833
1.67725
1.67619
1.67516
1.67416
1.6732
1.67227
1.67139
1.67054
1.66973
1.66897
1.66825
1.66758
1.66696
1.6664
1.66589
1.66543
1.66504
1.6647
1.66442
1.66421
1.66407
1.66399
1.66399
1.66405
1.66418
1.66439
1.66467
1.66503
1.66546
1.66596
1.66654
1.6672
1.66794
1.66875
1.66964
1.6706
1.67164
1.67275
1.67394
1.6752
1.67654
1.67794
1.67942
1.68096
1.68256
1.68424
1.68597
1.68776
1.68961
1.69152
1.69347
1.69548
1.69753
1.69963
1.70176
1.70393
1.70614
1.70837
1.71063
1.71292
1.71522
1.71755
1.71988
1.72223
1.72458
1.72694
1.7293
1.73166
1.73401
1.73634
1.73867
1.74098
1.74327
1.74554
1.74779
1.75
1.75219
1.75434
1.75645
1.75853
1.76056
1.76255
1.76449
1.76639
1.76823
1.77002
1.77176
1.77344
1.77506
1.77662
1.77812
1.77956
1.78094
1.78225
1.78349
1.78468
1.78579
1.78684
1.78783
1.78875
1.7896
1.79039
1.79112
1.79178
1.79239
1.79293
1.79342
1.79384
1.79422
1.79453
1.7948
1.79502
1.79518
1.7953
1.79538
1.79541
1.7954
1.79536
1.79527
1.79516
1.79501
1.79482
1.79461
1.79437
1.7941
1.79381
1.7935
1.79316
1.7928
1.79241
1.79201
1.79159
1.79114
1.79068
1.7902
1.7897
1.78918
1.78864
1.78808
1.78751
1.78691
1.78628
1.78564
1.78497
1.78428
1.78356
1.78282
1.78205
1.78125
1.78042
1.77956
1.77867
1.77775
1.77679
1.7758
1.77478
1.77371
1.77261
1.77147
1.77029
1.76907
1.7678
1.7665
1.76516
1.76377
1.76234
1.76087
1.75936
1.7578
1.7562
1.75456
1.75288
1.75116
1.74939
1.74759
1.74574
1.74386
1.74194
1.73998
1.73799
1.73596
1.7339
1.7318
1.72968
1.72753
1.72535
1.72314
1.72091
1.71866
1.71639
1.7141
1.7118
1.70948
1.70715
1.70482
1.70247
1.70013
1.69777
1.69543
1.69308
1.69074
1.68841
1.68609
1.68378
1.68149
1.67922
1.67697
1.67474
1.67254
1.67037
1.66823
1.66612
1.66405
1.66202
1.66003
1.65809
1.65619
1.65433
1.65253
1.65078
1.64909
1.64745
1.64587
1.64435
1.64289
1.64149
1.64016
1.63889
1.63769
1.63656
1.63549
1.6345
1.63358
1.63273
1.63195
1.63124
1.6306
1.63004
1.62955
1.62913
1.62877
1.62849
1.62828
1.62814
1.62807
1.62806
1.62812
1.62824
1.62843
1.62868
1.62899
1.62935
1.62978
1.63026
1.6308
1.63139
1.63203
1.63273
1.63347
1.63427
1.63511
1.63599
1.63692
1.63789
1.63891
1.63997
1.64107
1.6422
1.64338
1.6446
1.64585
1.64714
1.64846
1.64982
1.65122
1.65265
1.65411
1.6556
1.65713
1.65869
1.66028
1.66191
1.66356
1.66524
1.66696
1.6687
1.67046
1.67226
1.67408
1.67592
1.67779
1.67968
1.68158
1.68351
1.68545
1.68741
1.68938
1.69137
1.69335
1.69535
1.69735
1.69935
1.70134
1.70333
1.70532
1.70729
1.70925
1.71119
1.7131
1.715
1.71687
1.71871
1.72051
1.72227
1.724
1.72568
1.72731
1.7289
1.73043
1.7319
1.73332
1.73467
1.73596
1.73719
1.73835
1.73944
1.74046
1.74141
1.74228
1.74308
1.7438
1.74444
1.74501
1.74549
1.7459
1.74623
1.74649
1.74666
1.74676
1.74678
1.74673
1.74661
1.74641
1.74614
1.74581
1.7454
1.74494
1.74441
1.74382
1.74317
1.74246
1.74171
1.7409
1.74004
1.73914
1.7382
1.73722
1.73619
1.73514
1.73405
1.73292
1.73178
1.7306
1.72941
1.72819
1.72695
1.7257
1.72443
1.72315
1.72186
1.72056
1.71925
1.71794
1.71662
1.7153
1.71398
1.71266
1.71134
1.71002
1.70871
1.70739
1.70608
1.70478
1.70348
1.70219
1.7009
1.69961
1.69834
1.69706
1.6958
1.69454
1.69329
1.69205
1.69081
1.68959
1.68837
1.68716
1.68596
1.68477
1.68359
1.68243
1.68128
1.68015
1.67904
1.67795
1.67687
1.67583
1.67481
1.67382
1.67286
1.67193
1.67105
1.6702
1.6694
1.66864
1.66793
1.66728
1.66668
1.66614
1.66565
1.66523
1.66488
1.66459
1.66437
1.66421
1.66413
1.66412
1.66418
1.6643
1.6645
1.66477
1.6651
1.66549
1.66595
1.66647
1.66705
1.66768
1.66837
1.66909
1.66987
1.67067
1.67151
1.67238
1.67327
1.67419
1.67511
1.67605
1.67699
1.67793
1.67887
1.67979
1.68071
1.68161
1.68248
1.68334
1.68417
1.68496
1.68572
1.68644
1.68713
1.68777
1.68837
1.68893
1.68943
1.68989
1.69029
1.69064
1.69094
1.69119
1.69138
1.69151
1.69159
1.69161
1.69158
1.69148
1.69133
1.69112
1.69086
1.69053
1.69014
1.68969
1.68919
1.68862
1.68799
1.6873
1.68655
1.68573
1.68485
1.68391
1.68291
1.68185
1.68072
1.67952
1.67826
1.67694
1.67555
1.67409
1.67257
1.67098
1.66932
1.6676
1.66582
1.66396
1.66205
1.66006
1.65801
1.6559
1.65372
1.65149
1.64919
1.64683
1.6444
1.64193
1.63939
1.6368
1.63417
1.63148
1.62874
1.62596
1.62314
1.62027
1.61737
1.61443
1.61147
1.60847
1.60545
1.60241
1.59936
1.59629
1.59321
1.59012
1.58704
1.58395
1.58087
1.57781
1.57475
1.57171
1.5687
1.56571
1.56275
1.55983
1.55694
1.55409
1.55129
1.54854
1.54584
1.5432
1.54061
1.53808
1.53562
1.53323
1.53091
1.52866
1.52648
1.52438
1.52236
1.52042
1.51856
1.51678
1.51508
1.51347
1.51194
1.5105
1.50914
1.50786
1.50668
1.50558
1.50456
1.50362
1.50277
1.502
1.50131
1.5007
1.50017
1.49971
1.49932
1.49901
1.49877
1.49859
1.49848
1.49843
1.49843
1.4985
1.49862
1.49879
1.499
1.49927
1.49957
1.49992
1.5003
1.50072
1.50118
1.50166
1.50217
1.50271
1.50327
1.50385
1.50445
1.50507
1.5057
1.50634
1.507
1.50767
1.50834
1.50903
1.50972
1.51042
1.51112
1.51183
1.51255
1.51326
1.51399
1.51471
1.51545
1.51618
1.51693
1.51768
1.51843
1.5192
1.51997
1.52076
1.52155
1.52236
1.52319
1.52402
1.52488
1.52575
1.52664
1.52755
1.52848
1.52943
1.53041
1.53142
1.53245
1.5335
1.53459
1.5357
1.53685
1.53803
1.53923
1.54047
1.54175
1.54305
1.54439
1.54576
1.54717
1.54861
1.55009
1.55159
1.55313
1.55471
1.55631
1.55795
1.55961
1.56131
1.56303
1.56479
1.56656
1.56837
1.5702
1.57206
1.57393
1.57583
1.57775
1.57969
1.58164
1.58362
1.58561
1.58761
1.58963
1.59166
1.5937
1.59576
1.59783
1.5999
1.60199
1.60408
1.60619
1.60829
1.61041
1.61253
1.61466
1.61679
1.61892
1.62106
1.6232
1.62535
1.6275
1.62965
1.6318
1.63395
1.63611
1.63826
1.64042
1.64257
1.64472
1.64687
1.64901
1.65115
1.65328
1.65541
1.65753
1.65964
1.66175
1.66384
1.66592
1.66799
1.67005
1.67209
1.67411
1.67612
1.67811
1.68008
1.68203
1.68395
1.68586
1.68774
1.68959
1.69142
1.69322
1.69499
1.69673
1.69843
1.70011
1.70175
1.70336
1.70493
1.70646
1.70796
1.70942
1.71084
1.71222
1.71356
1.71486
1.71612
1.71734
1.71851
1.71964
1.72073
1.72177
1.72277
1.72372
1.72463
1.72549
1.72631
1.72709
1.72782
1.72851
1.72915
1.72975
1.73031
1.73082
1.73129
1.73172
1.73211
1.73245
1.73276
1.73302
1.73325
1.73344
1.73359
1.73371
1.73379
1.73383
1.73384
1.73382
1.73377
1.73369
1.73357
1.73343
1.73327
1.73307
1.73286
1.73261
1.73235
1.73207
1.73177
1.73144
1.7311
1.73075
1.73038
1.72999
1.72959
1.72918
1.72876
1.72833
1.72788
1.72743
1.72697
1.72651
1.72603
1.72555
1.72507
1.72458
1.72408
1.72358
1.72308
1.72257
1.72206
1.72154
1.72101
1.72048
1.71995
1.71941
1.71887
1.71832
1.71777
1.71721
1.71664
1.71607
1.7155
1.71491
1.71432
1.71373
1.71312
1.71251
1.7119
1.71127
1.71064
1.71001
1.70936
1.70871
1.70805
1.70739
1.70672
1.70605
1.70537
1.70469
1.70401
1.70332
1.70263
1.70193
1.70124
1.70055
1.69986
1.69916
1.69848
1.69779
1.69711
1.69643
1.69577
1.69511
1.69445
1.69381
1.69318
1.69256
1.69195
1.69136
1.69078
1.69022
1.68968
1.68915
1.68864
1.68815
1.68768
1.68722
1.68679
1.68638
1.68599
1.68563
1.68528
1.68495
1.68465
1.68436
1.6841
1.68386
1.68363
1.68343
1.68324
1.68307
1.68291
1.68277
1.68264
1.68253
1.68242
1.68232
1.68223
1.68215
1.68207
1.68199
1.68191
1.68183
1.68174
1.68165
1.68154
1.68143
1.6813
1.68115
1.68099
1.6808
1.68059
1.68035
1.68008
1.67978
1.67944
1.67907
1.67865
1.67819
1.67769
1.67714
1.67654
1.67589
1.67518
1.67441
1.67358
1.67269
1.67173
1.67071
1.66962
1.66846
1.66722
1.66591
1.66453
1.66306
1.66152
1.6599
1.65819
1.65641
1.65454
1.65259
1.65055
1.64843
1.64623
1.64395
1.64158
1.63913
1.6366
1.63399
1.6313
1.62854
1.6257
1.6228
1.61982
1.61677
1.61367
1.6105
1.60727
1.604
1.60067
1.59729
1.59388
1.59043
1.58694
1.58343
1.57989
1.57633
1.57276
1.56919
1.56561
1.56203
1.55846
1.55491
1.55137
1.54786
1.54437
1.54092
1.5375
1.53413
1.53081
1.52754
1.52432
1.52117
1.51808
1.51506
1.51211
1.50924
1.50645
1.50374
1.50111
1.49857
1.49612
1.49377
1.49151
1.48934
1.48727
1.4853
1.48343
1.48166
1.48
1.47844
1.47698
1.47563
1.47439
1.47325
1.47223
1.47131
1.4705
1.46981
1.46922
1.46876
1.4684
1.46816
1.46804
1.46804
1.46815
1.46839
1.46875
1.46924
1.46985
1.4706
1.47147
1.47247
1.4736
1.47488
1.47628
1.47783
1.47952
1.48134
1.48331
1.48542
1.48768
1.49008
1.49262
1.49531
1.49814
1.50111
1.50423
1.50748
1.51088
1.5144
1.51806
1.52185
1.52576
1.5298
1.53395
1.53821
1.54258
1.54704
1.5516
1.55625
1.56098
1.56579
1.57066
1.57559
1.58058
1.58561
1.59067
1.59577
1.60089
1.60603
1.61117
1.61631
1.62144
1.62656
1.63166
1.63673
1.64176
1.64675
1.65169
1.65658
1.66141
1.66618
1.67088
1.6755
1.68005
1.68451
1.68888
1.69317
1.69736
1.70146
1.70546
1.70935
1.71315
1.71683
1.72042
1.72389
1.72726
1.73053
1.73368
1.73672
1.73965
1.74248
1.74519
1.7478
1.7503
1.7527
1.755
1.75719
1.75928
1.76127
1.76316
1.76496
1.76667
1.76828
1.7698
1.77124
1.77259
1.77386
1.77506
1.77617
1.77721
1.77818
1.77908
1.77991
1.78068
1.78139
1.78204
1.78264
1.78318
1.78367
1.78411
1.78451
1.78486
1.78518
1.78545
1.78569
1.78589
1.78607
1.78622
1.78634
1.78643
1.7865
1.78655
1.78658
1.7866
1.7866
1.78658
1.78656
1.78653
1.78649
1.78644
1.78639
1.78634
1.78629
1.78623
1.78618
1.78614
1.7861
1.78607
1.78605
1.78605
1.78605
1.78607
1.78611
1.78616
1.78623
1.78633
1.78644
1.78658
1.78675
1.78694
1.78716
1.7874
1.78768
1.78799
1.78833
1.7887
1.78911
1.78955
1.79003
1.79054
1.79109
1.79168
1.79231
1.79297
1.79368
1.79441
1.79519
1.796
1.79685
1.79774
1.79866
1.79961
1.8006
1.80162
1.80267
1.80376
1.80487
1.806
1.80716
1.80835
1.80955
1.81077
1.81201
1.81326
1.81453
1.8158
1.81708
1.81836
1.81964
1.82093
1.82221
1.82348
1.82474
1.82599
1.82723
1.82845
1.82964
1.83082
1.83197
1.83309
1.83418
1.83523
1.83625
1.83724
1.83818
1.83908
1.83993
1.84073
1.84149
1.84219
1.84284
1.84343
1.84396
1.84443
1.84484
1.84519
1.84547
1.84569
1.84584
1.84592
1.84592
1.84586
1.84572
1.84552
1.84524
1.84488
1.84446
1.84396
1.84338
1.84273
1.842
1.8412
1.84033
1.83938
1.83836
1.83727
1.83611
1.83488
1.83358
1.83222
1.83079
1.82929
1.82774
1.82612
1.82444
1.82271
1.82093
1.81909
1.8172
1.81527
1.81328
1.81125
1.80918
1.80707
1.80492
1.80273
1.80051
1.79826
1.79598
1.79367
1.79134
1.78898
1.7866
1.78419
1.78177
1.77933
1.77687
1.7744
1.77191
1.76941
1.7669
1.76437
1.76184
1.7593
1.75674
1.75418
1.75161
1.74904
1.74645
1.74386
1.74126
1.73866
1.73605
1.73343
1.73081
1.72818
1.72555
1.72291
1.72026
1.71761
1.71496
1.71229
1.70963
1.70695
1.70427
1.70158
1.69889
1.69619
1.69348
1.69076
1.68804
1.68531
1.68258
1.67984
1.67709
1.67433
1.67157
1.6688
1.66603
1.66325
1.66046
1.65767
1.65488
1.65208
1.64927
1.64646
1.64365
1.64084
1.63802
1.6352
1.63238
1.62956
1.62675
1.62393
1.62111
1.6183
1.61549
1.61268
1.60988
1.60709
1.60431
1.60153
1.59877
1.59602
1.59328
1.59056
1.58785
1.58516
1.58248
1.57983
1.5772
1.57459
1.57201
1.56945
1.56692
1.56442
1.56194
1.55951
1.5571
1.55473
1.5524
1.55011
1.54786
1.54564
1.54348
1.54135
1.53928
1.53725
1.53527
1.53334
1.53146
1.52963
1.52786
1.52615
1.52449
1.5229
1.52136
1.51988
1.51846
1.5171
1.5158
1.51457
1.5134
1.51228
1.51124
1.51025
1.50932
1.50845
1.50765
1.5069
1.50621
1.50558
1.505
1.50447
1.504
1.50359
1.50322
1.50289
1.50262
1.50239
1.5022
1.50205
1.50194
1.50187
1.50183
1.50183
1.50186
1.50192
1.50201
1.50213
1.50228
1.50246
1.50266
1.50289
1.50315
1.50343
1.50373
1.50406
1.50442
1.5048
1.50521
1.50564
1.50611
1.5066
1.50712
1.50767
1.50825
1.50886
1.50951
1.51019
1.5109
1.51165
1.51243
1.51325
1.51411
1.51501
1.51594
1.51691
1.51791
1.51895
1.52002
1.52113
1.52228
1.52345
1.52465
1.52589
1.52715
1.52843
1.52974
1.53107
1.53242
1.53378
1.53515
1.53653
1.53791
1.5393
1.54068
1.54206
1.54344
1.5448
1.54615
1.54748
1.54878
1.55007
1.55132
1.55255
1.55374
1.5549
1.55601
1.55709
1.55812
1.55911
1.56005
1.56095
1.56179
1.56259
1.56334
1.56404
1.56469
1.5653
1.56586
1.56637
1.56685
1.56729
1.5677
1.56808
1.56844
1.56878
1.5691
1.56942
1.56974
1.57006
1.5704
1.57077
1.57116
1.5716
1.57209
1.57264
1.57326
1.57396
1.57475
1.57564
1.57664
1.57775
1.579
1.58038
1.5819
1.58357
1.5854
1.58739
1.58955
1.59188
1.59438
1.59706
1.59991
1.60293
1.60611
1.60947
1.61298
1.61666
1.62047
1.62443
1.62852
1.63273
1.63705
1.64146
1.64597
1.65054
1.65518
1.65987
1.66459
1.66933
1.67409
1.67883
1.68356
1.68826
1.69292
1.69753
1.70207
1.70653
1.71091
1.7152
1.71938
1.72345
1.7274
1.73122
1.73492
1.73847
1.74189
1.74515
1.74827
1.75123
1.75404
1.75669
1.75918
1.76152
1.76369
1.7657
1.76755
1.76924
1.77077
1.77213
1.77334
1.7744
1.7753
1.77605
1.77665
1.7771
1.7774
1.77756
1.77758
1.77746
1.77721
1.77682
1.77631
1.77566
1.7749
1.77401
1.77301
1.77189
1.77066
1.76932
1.76787
1.76633
1.76468
1.76294
1.76111
1.75918
1.75717
1.75508
1.7529
1.75065
1.74832
1.74591
1.74344
1.74091
1.7383
1.73564
1.73292
1.73015
1.72732
1.72444
1.72152
1.71855
1.71554
1.7125
1.70941
1.7063
1.70316
1.69999
1.6968
1.69358
1.69035
1.68711
1.68386
1.6806
1.67734
1.67407
1.67081
1.66755
1.66431
1.66107
1.65786
1.65466
1.65148
1.64834
1.64522
1.64213
1.63908
1.63608
1.63311
1.6302
1.62733
1.62452
1.62176
1.61907
1.61643
1.61387
1.61138
1.60896
1.60661
1.60435
1.60217
1.60007
1.59806
1.59615
1.59432
1.59259
1.59096
1.58942
1.58799
1.58666
1.58543
1.58431
1.58329
1.58239
1.58159
1.5809
1.58033
1.57986
1.5795
1.57926
1.57912
1.5791
1.57918
1.57938
1.57968
1.58009
1.5806
1.58122
1.58193
1.58275
1.58367
1.58468
1.58578
1.58697
1.58825
1.58962
1.59106
1.59259
1.59418
1.59585
1.59759
1.59939
1.60125
1.60316
1.60513
1.60714
1.6092
1.6113
1.61344
1.6156
1.6178
1.62002
1.62225
1.62451
1.62677
1.62905
1.63133
1.63361
1.63588
1.63815
1.6404
1.64265
1.64487
1.64707
1.64925
1.65141
1.65353
1.65562
1.65768
1.65969
1.66167
1.66361
1.66549
1.66734
1.66913
1.67087
1.67256
1.67419
1.67577
1.67729
1.67875
1.68015
1.68149
1.68276
1.68397
1.68511
1.68619
1.6872
1.68814
1.689
1.6898
1.69052
1.69117
1.69174
1.69225
1.69267
1.69302
1.69329
1.69348
1.6936
1.69363
1.69359
1.69346
1.69325
1.69297
1.69259
1.69214
1.6916
1.69098
1.69028
1.6895
1.68863
1.68768
1.68665
1.68553
1.68434
1.68306
1.68169
1.68025
1.67873
1.67713
1.67546
1.6737
1.67187
1.66997
1.66799
1.66594
1.66382
1.66164
1.65938
1.65706
1.65468
1.65224
1.64974
1.64718
1.64457
1.64191
1.63919
1.63644
1.63364
1.6308
1.62792
1.62501
1.62207
1.6191
1.61611
1.6131
1.61007
1.60703
1.60397
1.60092
1.59786
1.5948
1.59174
1.58869
1.58566
1.58264
1.57964
1.57666
1.57371
1.57079
1.5679
1.56506
1.56225
1.55949
1.55677
1.55411
1.5515
1.54895
1.54646
1.54403
1.54167
1.53938
1.53716
1.53501
1.53294
1.53095
1.52904
1.52722
1.52548
1.52383
1.52226
1.52079
1.51941
1.51812
1.51692
1.51582
1.51481
1.5139
1.51309
1.51237
1.51175
1.51123
1.5108
1.51047
1.51024
1.5101
1.51006
1.51011
1.51025
1.51049
1.51082
1.51123
1.51174
1.51233
1.513
1.51376
1.51459
1.51551
1.5165
1.51757
1.51871
1.51992
1.52119
1.52253
1.52393
1.52538
1.5269
1.52846
1.53007
1.53174
1.53344
1.53518
1.53697
1.53878
1.54063
1.5425
1.5444
1.54633
1.54827
1.55022
1.55219
1.55417
1.55616
1.55814
1.56013
1.56212
1.5641
1.56608
1.56804
1.56999
1.57192
1.57383
1.57572
1.57758
1.57941
1.58122
1.58299
1.58473
1.58642
1.58808
1.58969
1.59126
1.59278
1.59425
1.59566
1.59702
1.59833
1.59958
1.60076
1.60189
1.60295
1.60395
1.60488
1.60574
1.60653
1.60726
1.60791
1.60849
1.60899
1.60943
1.60979
1.61007
1.61028
1.61042
1.61049
1.61048
1.6104
1.61025
1.61003
1.60974
1.60938
1.60896
1.60847
1.60791
1.6073
1.60663
1.6059
1.60512
1.60429
1.60341
1.60248
1.60151
1.6005
1.59946
1.59838
1.59727
1.59613
1.59496
1.59378
1.59257
1.59135
1.59012
1.58888
1.58763
1.58638
1.58513
1.58388
1.58263
1.58139
1.58016
1.57894
1.57773
1.57654
1.57536
1.5742
1.57307
1.57196
1.57087
1.5698
1.56877
1.56776
1.56678
1.56582
1.5649
1.56401
1.56315
1.56233
1.56153
1.56078
1.56005
1.55936
1.55871
1.55809
1.5575
1.55696
1.55645
1.55597
1.55554
1.55515
1.55479
1.55447
1.5542
1.55396
1.55376
1.5536
1.55349
1.55341
1.55338
1.55339
1.55343
1.55352
1.55366
1.55383
1.55404
1.55429
1.55458
1.55492
1.55529
1.5557
1.55614
1.55663
1.55714
1.5577
1.55828
1.5589
1.55955
1.56023
1.56094
1.56168
1.56244
1.56323
1.56405
1.56488
1.56574
1.56661
1.5675
1.56841
1.56933
1.57026
1.57121
1.57216
1.57311
1.57407
1.57503
1.576
1.57696
1.57792
1.57887
1.57982
1.58076
1.58169
1.58261
1.58352
1.58441
1.58529
1.58615
1.58699
1.58781
1.58861
1.58939
1.59014
1.59088
1.59158
1.59227
1.59292
1.59355
1.59415
1.59473
1.59528
1.5958
1.59629
1.59676
1.59719
1.5976
1.59799
1.59835
1.59868
1.59898
1.59927
1.59952
1.59976
1.59998
1.60017
1.60035
1.60051
1.60065
1.60078
1.60089
1.601
1.60109
1.60117
1.60125
1.60132
1.60139
1.60146
1.60152
1.60159
1.60165
1.60173
1.6018
1.60189
1.60199
1.60209
1.60221
1.60234
1.60248
1.60264
1.60282
1.60302
1.60323
1.60347
1.60373
1.60401
1.60431
1.60464
1.60499
1.60537
1.60578
1.6062
1.60666
1.60714
1.60764
1.60817
1.60873
1.60932
1.60992
1.61056
1.61121
1.6119
1.6126
1.61333
1.61407
1.61484
1.61563
1.61644
1.61726
1.6181
1.61895
1.61981
1.62069
1.62157
1.62246
1.62335
1.62425
1.62515
1.62604
1.62694
1.62783
1.62871
1.62959
1.63045
1.6313
1.63214
1.63297
1.63377
1.63455
1.63532
1.63606
1.63677
1.63746
1.63812
1.63874
1.63934
1.63991
1.64044
1.64093
1.64139
1.64181
1.6422
1.64255
1.64286
1.64313
1.64336
1.64355
1.64371
1.64383
1.64391
1.64395
1.64396
1.64393
1.64387
1.64378
1.64366
1.6435
1.64332
1.64312
1.6429
1.64265
1.64239
1.64211
1.64182
1.64152
1.64122
1.64091
1.64061
1.64031
1.64001
1.63973
1.63946
1.63921
1.63897
1.63876
1.63858
1.63842
1.6383
1.63821
1.63816
1.63815
1.63818
1.63825
1.63837
1.63853
1.63875
1.63901
1.63932
1.63968
1.64009
1.64055
1.64106
1.64161
1.64221
1.64286
1.64355
1.64428
1.64505
1.64586
1.6467
1.64757
1.64847
1.6494
1.65035
1.65131
1.65229
1.65329
1.65428
1.65528
1.65628
1.65728
1.65826
1.65924
1.66019
1.66113
1.66204
1.66292
1.66378
1.6646
1.66538
1.66611
1.66681
1.66746
1.66806
1.6686
1.66909
1.66952
1.6699
1.67021
1.67046
1.67064
1.67076
1.67082
1.6708
1.67071
1.67056
1.67033
1.67004
1.66967
1.66924
1.66873
1.66815
1.66751
1.6668
1.66602
1.66518
1.66427
1.66331
1.66228
1.6612
1.66007
1.65888
1.65765
1.65638
1.65506
1.65371
1.65232
1.65091
1.64947
1.64801
1.64653
1.64504
1.64354
1.64204
1.64055
1.63905
1.63757
1.6361
1.63465
1.63322
1.63182
1.63045
1.62911
1.62782
1.62656
1.62534
1.62417
1.62305
1.62198
1.62096
1.61999
1.61909
1.61823
1.61744
1.6167
1.61602
1.61539
1.61483
1.61432
1.61387
1.61347
1.61313
1.61284
1.61261
1.61242
1.61229
1.6122
1.61217
1.61218
1.61223
1.61233
1.61247
1.61265
1.61287
1.61313
1.61343
1.61377
1.61414
1.61455
1.615
1.61548
1.61599
1.61654
1.61712
1.61774
1.61838
1.61906
1.61976
1.6205
1.62127
1.62206
1.62288
1.62373
1.6246
1.62549
1.62641
1.62734
1.6283
1.62927
1.63026
1.63127
1.63228
1.63331
1.63434
1.63538
1.63642
1.63746
1.6385
1.63954
1.64057
1.64159
1.6426
1.6436
1.64458
1.64554
1.64647
1.64739
1.64827
1.64913
1.64995
1.65074
1.6515
1.65221
1.65289
1.65352
1.65411
1.65465
1.65514
1.65558
1.65597
1.65631
1.65659
1.65682
1.65699
1.6571
1.65716
1.65716
1.6571
1.65698
1.6568
1.65657
1.65627
1.65592
1.65551
1.65504
1.65451
1.65392
1.65328
1.65259
1.65184
1.65104
1.65019
1.64928
1.64833
1.64734
1.64629
1.64521
1.64408
1.64292
1.64172
1.64048
1.63921
1.63791
1.63658
1.63523
1.63385
1.63245
1.63104
1.62961
1.62817
1.62672
1.62527
1.62381
1.62235
1.6209
1.61945
1.61802
1.6166
1.61519
1.61381
1.61244
1.61111
1.6098
1.60852
1.60729
1.60609
1.60493
1.60382
1.60276
1.60175
1.6008
1.5999
1.59907
1.5983
1.59759
1.59696
1.59639
1.59589
1.59547
1.59513
1.59486
1.59467
1.59456
1.59453
1.59458
1.59471
1.59492
1.59522
1.59559
1.59605
1.59658
1.5972
1.59788
1.59865
1.59948
1.60039
1.60137
1.60241
1.60352
1.60469
1.60591
1.6072
1.60853
1.60991
1.61134
1.61281
1.61432
1.61587
1.61745
1.61905
1.62068
1.62233
1.62399
1.62567
1.62735
1.62905
1.63074
1.63243
1.63412
1.63581
1.63748
1.63914
1.64078
1.6424
1.64401
1.64558
1.64713
1.64866
1.65015
1.65161
1.65303
1.65443
1.65578
1.6571
1.65837
1.65961
1.6608
1.66196
1.66306
1.66413
1.66515
1.66613
1.66706
1.66795
1.66879
1.66959
1.67034
1.67104
1.6717
1.67231
1.67287
1.67339
1.67386
1.67429
1.67466
1.67499
1.67528
1.67551
1.6757
1.67584
1.67594
1.67598
1.67598
1.67592
1.67582
1.67566
1.67546
1.67521
1.6749
1.67455
1.67414
1.67369
1.67318
1.67263
1.67202
1.67137
1.67066
1.66991
1.66911
1.66826
1.66737
1.66644
1.66546
1.66444
1.66338
1.66228
1.66115
1.65999
1.6588
1.65757
1.65633
1.65506
1.65377
1.65247
1.65116
1.64983
1.6485
1.64717
1.64585
1.64453
1.64322
1.64192
1.64065
1.6394
1.63817
1.63698
1.63583
1.63471
1.63364
1.63262
1.63165
1.63074
1.62989
1.6291
1.62838
1.62773
1.62716
1.62666
1.62624
1.62591
1.62565
1.62549
1.62541
1.62542
1.62552
1.6257
1.62598
1.62635
1.6268
1.62735
1.62798
1.6287
1.62951
1.6304
1.63137
1.63242
1.63354
1.63474
1.636
1.63733
1.63872
1.64017
1.64168
1.64323
1.64482
1.64646
1.64812
1.64982
1.65154
1.65328
1.65503
1.65679
1.65856
1.66032
1.66207
1.66381
1.66553
1.66723
1.66889
1.67053
1.67212
1.67368
1.67518
1.67664
1.67804
1.67938
1.68066
1.68188
1.68303
1.68411
1.68511
1.68605
1.6869
1.68768
1.68837
1.68899
1.68953
1.68998
1.69036
1.69066
1.69088
1.69102
1.69108
1.69107
1.69099
1.69084
1.69062
1.69033
1.68999
1.68958
1.68912
1.68861
1.68805
1.68745
1.6868
1.68612
1.68541
1.68466
1.68389
1.68309
1.68228
1.68145
1.68061
1.67976
1.6789
1.67805
1.67718
1.67633
1.67547
1.67462
1.67377
1.67293
1.6721
1.67128
1.67046
1.66966
1.66886
1.66807
1.66729
1.66652
1.66576
1.665
1.66424
1.66349
1.66274
1.66199
1.66124
1.66049
1.65973
1.65897
1.65821
1.65744
1.65665
1.65586
1.65506
1.65425
1.65342
1.65258
1.65173
1.65086
1.64998
1.64908
1.64816
1.64723
1.64628
1.64531
1.64433
1.64334
1.64233
1.6413
1.64026
1.6392
1.63814
1.63706
1.63596
1.63486
1.63374
1.63261
1.63148
1.63034
1.62918
1.62802
1.62686
1.62569
1.62451
1.62332
1.62214
1.62095
1.61975
1.61856
1.61736
1.61616
1.61496
1.61376
1.61256
1.61137
1.61017
1.60898
1.60779
1.60661
1.60543
1.60425
1.60309
1.60192
1.60076
1.59961
1.59847
1.59734
1.59621
1.5951
1.594
1.59291
1.59183
1.59076
1.58971
1.58867
1.58765
1.58664
1.58566
1.58469
1.58374
1.58281
1.5819
1.58102
1.58016
1.57932
1.57851
1.57773
1.57697
1.57624
1.57554
1.57487
1.57423
1.57362
1.57304
1.57249
1.57198
1.57149
1.57104
1.57062
1.57024
1.56988
1.56956
1.56927
1.56901
1.56879
1.56859
1.56842
1.56829
1.56818
1.5681
1.56804
1.56802
1.56801
1.56803
1.56807
1.56812
1.5682
1.56829
1.5684
1.56851
1.56864
1.56878
1.56893
1.56908
1.56924
1.56939
1.56955
1.56971
1.56986
1.57001
1.57016
1.57029
1.57042
1.57054
1.57064
1.57073
1.5708
1.57086
1.57091
1.57093
1.57093
1.57092
1.57088
1.57083
1.57075
1.57064
1.57052
1.57037
1.5702
1.57
1.56978
1.56954
1.56927
1.56898
1.56866
1.56832
1.56796
1.56758
1.56717
1.56675
1.5663
1.56583
1.56535
1.56484
1.56432
1.56379
1.56324
1.56268
1.5621
1.56151
1.56092
1.56032
1.55971
1.55909
1.55847
1.55785
1.55723
1.55661
1.55599
1.55538
1.55478
1.55418
1.55359
1.55301
1.55245
1.55191
1.55138
1.55088
1.55039
1.54993
1.5495
1.5491
1.54872
1.54838
1.54808
1.54781
1.54758
1.5474
1.54726
1.54716
1.54712
1.54712
1.54718
1.54729
1.54746
1.54769
1.54797
1.54832
1.54874
1.54921
1.54976
1.55037
1.55105
1.5518
1.55262
1.55352
1.55449
1.55553
1.55664
1.55783
1.55909
1.56043
1.56184
1.56332
1.56488
1.56651
1.56821
1.56999
1.57183
1.57375
1.57573
1.57778
1.5799
1.58208
1.58433
1.58663
1.589
1.59142
1.59389
1.59642
1.59899
1.60162
1.60429
1.607
1.60975
1.61254
1.61535
1.6182
1.62108
1.62398
1.62691
1.62984
1.6328
1.63576
1.63873
1.64171
1.64468
1.64766
1.65063
1.65359
1.65653
1.65947
1.66238
1.66527
1.66814
1.67097
1.67378
1.67655
1.67928
1.68197
1.68462
1.68722
1.68978
1.69228
1.69473
1.69712
1.69946
1.70173
1.70395
1.7061
1.70818
1.7102
1.71216
1.71404
1.71586
1.7176
1.71928
1.72088
1.72242
1.72388
1.72527
1.72659
1.72784
1.72902
1.73013
1.73117
1.73215
1.73307
1.73392
1.73471
1.73544
1.73611
1.73673
1.73729
1.73781
1.73827
1.7387
1.73908
1.73942
1.73973
1.74001
1.74026
1.74048
1.74068
1.74086
1.74103
1.74119
1.74135
1.74149
1.74164
1.74179
1.74194
1.7421
1.74228
1.74246
1.74266
1.74289
1.74313
1.74339
1.74368
1.74399
1.74433
1.7447
1.74509
1.74551
1.74595
1.74643
1.74692
1.74745
1.74799
1.74855
1.74914
1.74974
1.75035
1.75098
1.75161
1.75224
1.75288
1.75352
1.75415
1.75477
1.75537
1.75596
1.75652
1.75706
1.75757
1.75805
1.75849
1.75889
1.75924
1.75955
1.7598
1.76
1.76014
1.76021
1.76023
1.76017
1.76005
1.75985
1.75959
1.75924
1.75882
1.75833
1.75775
1.7571
1.75637
1.75556
1.75467
1.7537
1.75265
1.75153
1.75033
1.74906
1.74771
1.74629
1.7448
1.74324
1.74161
1.73992
1.73817
1.73635
1.73448
1.73256
1.73058
1.72855
1.72647
1.72435
1.72218
1.71998
1.71774
1.71547
1.71316
1.71083
1.70848
1.7061
1.70371
1.7013
1.69887
1.69644
1.694
1.69156
1.68911
1.68667
1.68423
1.6818
1.67937
1.67696
1.67457
1.67219
1.66984
1.6675
1.66519
1.6629
1.66064
1.65841
1.65622
1.65405
1.65192
1.64982
1.64776
1.64574
1.64376
1.64181
1.6399
1.63803
1.6362
1.63441
1.63265
1.63093
1.62925
1.62761
1.626
1.62442
1.62288
1.62137
1.61989
1.61844
1.61701
1.61562
1.61424
1.6129
1.61157
1.61026
1.60898
1.60771
1.60646
1.60522
1.60399
1.60278
1.60158
1.60039
1.5992
1.59803
1.59686
1.5957
1.59455
1.5934
1.59226
1.59112
1.58999
1.58885
1.58773
1.5866
1.58548
1.58436
1.58325
1.58214
1.58104
1.57994
1.57884
1.57776
1.57668
1.57561
1.57455
1.5735
1.57246
1.57144
1.57043
1.56944
1.56847
1.56752
1.56659
1.56569
1.56482
1.56397
1.56316
1.56238
1.56164
1.56094
1.56029
1.55968
1.55912
1.55862
1.55817
1.55779
1.55746
1.55721
1.55703
1.55692
1.5569
1.55695
1.5571
1.55733
1.55766
1.55808
1.55861
1.55924
1.55998
1.56083
1.56179
1.56288
1.56408
1.5654
1.56685
1.56842
1.57013
1.57195
1.57391
1.576
1.57821
1.58055
1.58302
1.58562
1.58833
1.59118
1.59414
1.59722
1.60041
1.60372
1.60713
1.61064
1.61425
1.61796
1.62175
1.62563
1.62958
1.6336
1.63769
1.64184
1.64605
1.6503
1.65459
1.65891
1.66326
1.66763
1.67201
1.67641
1.6808
1.68518
1.68956
1.69391
1.69824
1.70254
1.7068
1.71102
1.71519
1.71931
1.72336
1.72736
1.73128
1.73513
1.73889
1.74258
1.74617
1.74967
1.75307
1.75637
1.75957
1.76265
1.76563
1.76849
1.77123
1.77385
1.77635
1.77872
1.78096
1.78308
1.78506
1.78691
1.78863
1.79021
1.79165
1.79296
1.79413
1.79516
1.79606
1.79681
1.79743
1.79791
1.79825
1.79846
1.79853
1.79847
1.79828
1.79795
1.7975
1.79692
1.79621
1.79538
1.79443
1.79336
1.79217
1.79087
1.78946
1.78795
1.78633
1.78461
1.78279
1.78088
1.77888
1.7768
1.77463
1.77239
1.77007
1.76768
1.76522
1.7627
1.76013
1.7575
1.75482
1.75209
1.74932
1.74652
1.74368
1.74081
1.73791
1.735
1.73206
1.72912
1.72616
1.7232
1.72024
1.71728
1.71433
1.71139
1.70846
1.70555
1.70266
1.69979
1.69694
1.69413
1.69135
1.6886
1.68589
1.68321
1.68058
1.67799
1.67544
1.67295
1.67049
1.66809
1.66574
1.66344
1.66119
1.65899
1.65685
1.65475
1.65272
1.65073
1.6488
1.64691
1.64509
1.64331
1.64158
1.6399
1.63827
1.63669
1.63515
1.63365
1.6322
1.63079
1.62942
1.62808
1.62678
1.62551
1.62428
1.62307
1.62189
1.62073
1.6196
1.61848
1.61739
1.61631
1.61525
1.6142
1.61317
1.61214
1.61112
1.61011
1.6091
1.6081
1.6071
1.6061
1.6051
1.60411
1.60311
1.60211
1.60111
1.60011
1.5991
1.59809
1.59708
1.59607
1.59506
1.59404
1.59303
1.59201
1.591
1.58999
1.58897
1.58797
1.58696
1.58596
1.58497
1.58398
1.583
1.58203
1.58107
1.58012
1.57919
1.57826
1.57736
1.57647
1.5756
1.57475
1.57392
1.57311
1.57232
1.57156
1.57082
1.57011
1.56942
1.56876
1.56813
1.56753
1.56696
1.56642
1.56591
1.56543
1.56499
1.56458
1.56421
1.56387
1.56357
1.5633
1.56307
1.56288
1.56273
1.56262
1.56255
1.56252
1.56253
1.56259
1.56268
1.56282
1.563
1.56323
1.56349
1.56381
1.56416
1.56457
1.56501
1.56551
1.56605
1.56663
1.56726
1.56793
1.56865
1.56941
1.57021
1.57106
1.57194
1.57287
1.57384
1.57484
1.57588
1.57696
1.57807
1.5792
1.58037
1.58156
1.58278
1.58402
1.58527
1.58655
1.58783
1.58913
1.59044
1.59175
1.59306
1.59436
1.59567
1.59696
1.59825
1.59952
1.60078
1.60201
1.60323
1.60442
1.60559
1.60673
1.60784
1.60891
1.60995
1.61095
1.61192
1.61284
1.61373
1.61457
1.61537
1.61612
1.61683
1.6175
1.61813
1.61871
1.61924
1.61974
1.62019
1.6206
1.62097
1.62131
1.62161
1.62187
1.6221
1.6223
1.62248
1.62262
1.62274
1.62284
1.62292
1.62298
1.62303
1.62307
1.6231
1.62313
1.62315
1.62318
1.62321
1.62325
1.6233
1.62336
1.62344
1.62354
1.62367
1.62382
1.624
1.62421
1.62445
1.62473
1.62505
1.62542
1.62582
1.62628
1.62678
1.62733
1.62793
1.62859
1.6293
1.63007
1.63089
1.63177
1.63271
1.63371
1.63477
1.63589
1.63707
1.6383
1.6396
1.64095
1.64236
1.64383
1.64536
1.64694
1.64858
1.65027
1.65201
1.6538
1.65563
1.65752
1.65945
1.66142
1.66343
1.66548
1.66757
1.66969
1.67184
1.67402
1.67622
1.67845
1.6807
1.68297
1.68526
1.68756
1.68986
1.69218
1.6945
1.69682
1.69914
1.70146
1.70378
1.70608
1.70837
1.71065
1.71291
1.71516
1.71738
1.71957
1.72174
1.72388
1.72599
1.72807
1.73011
1.73211
1.73408
1.736
1.73787
1.7397
1.74149
1.74322
1.74491
1.74654
1.74812
1.74965
1.75112
1.75253
1.75389
1.75518
1.75642
1.75759
1.75871
1.75976
1.76074
1.76167
1.76253
1.76333
1.76406
1.76473
1.76533
1.76587
1.76635
1.76676
1.7671
1.76738
1.7676
1.76775
1.76784
1.76787
1.76783
1.76773
1.76758
1.76736
1.76708
1.76675
1.76636
1.76591
1.76541
1.76485
1.76424
1.76357
1.76286
1.76209
1.76127
1.76041
1.7595
1.75855
1.75755
1.75651
1.75543
1.75431
1.75315
1.75195
1.75072
1.74946
1.74816
1.74683
1.74548
1.74409
1.74269
1.74125
1.7398
1.73833
1.73683
1.73533
1.7338
1.73227
1.73073
1.72918
1.72762
1.72606
1.7245
1.72294
1.72138
1.71984
1.71829
1.71676
1.71525
1.71375
1.71227
1.71081
1.70937
1.70797
1.70659
1.70525
1.70394
1.70268
1.70146
1.70028
1.69916
1.69808
1.69706
1.6961
1.69521
1.69437
1.69361
1.69291
1.69228
1.69173
1.69126
1.69086
1.69055
1.69032
1.69018
1.69012
1.69016
1.69028
1.69049
1.69079
1.69118
1.69167
1.69224
1.69291
1.69367
1.69451
1.69545
1.69647
1.69757
1.69876
1.70003
1.70138
1.7028
1.7043
1.70586
1.70749
1.70918
1.71093
1.71273
1.71458
1.71648
1.71842
1.7204
1.72241
1.72444
1.72651
1.72859
1.73068
1.73279
1.7349
1.73701
1.73912
1.74123
1.74332
1.74539
1.74745
1.74949
1.7515
1.75347
1.75542
1.75733
1.75919
1.76102
1.7628
1.76453
1.76621
1.76783
1.7694
1.77091
1.77236
1.77375
1.77508
1.77634
1.77753
1.77866
1.77972
1.78071
1.78163
1.78248
1.78326
1.78397
1.78461
1.78518
1.78567
1.7861
1.78646
1.78675
1.78698
1.78713
1.78723
1.78725
1.78722
1.78713
1.78698
1.78677
1.7865
1.78618
1.78581
1.78538
1.78491
1.7844
1.78384
1.78324
1.7826
1.78192
1.78121
1.78046
1.77969
1.77889
1.77805
1.7772
1.77632
1.77542
1.7745
1.77356
1.7726
1.77163
1.77065
1.76966
1.76865
1.76763
1.7666
1.76557
1.76452
1.76347
1.7624
1.76133
1.76026
1.75917
1.75808
1.75698
1.75587
1.75476
1.75364
1.75251
1.75137
1.75022
1.74906
1.74789
1.74671
1.74552
1.74432
1.7431
1.74188
1.74063
1.73938
1.7381
1.73681
1.73551
1.73418
1.73284
1.73148
1.7301
1.72869
1.72727
1.72583
1.72437
1.72288
1.72138
1.71985
1.7183
1.71673
1.71514
1.71352
1.71189
1.71024
1.70857
1.70688
1.70517
1.70345
1.70171
1.69996
1.69819
1.69642
1.69463
1.69284
1.69104
1.68924
1.68743
1.68563
1.68382
1.68203
1.68024
1.67846
1.67669
1.67494
1.67321
1.67149
1.66981
1.66815
1.66651
1.66491
1.66335
1.66182
1.66033
1.65888
1.65749
1.65614
1.65484
1.65359
1.6524
1.65126
1.65019
1.64918
1.64823
1.64735
1.64653
1.64578
1.6451
1.64449
1.64394
1.64346
1.64306
1.64272
1.64245
1.64224
1.64211
1.64203
1.64202
1.64207
1.64217
1.64234
1.64255
1.64282
1.64314
1.6435
1.64391
1.64435
1.64482
1.64533
1.64587
1.64643
1.64701
1.6476
1.64821
1.64882
1.64944
1.65006
1.65067
1.65127
1.65187
1.65244
1.653
1.65354
1.65405
1.65453
1.65498
1.65539
1.65577
1.65611
1.65641
1.65666
1.65687
1.65703
1.65714
1.65721
1.65723
1.6572
1.65711
1.65698
1.6568
1.65658
1.6563
1.65598
1.65562
1.65521
1.65476
1.65427
1.65374
1.65317
1.65257
1.65193
1.65127
1.65057
1.64986
1.64912
1.64836
1.64758
1.64679
1.64598
1.64517
1.64434
1.64351
1.64268
1.64184
1.64101
1.64017
1.63934
1.63851
1.63769
1.63687
1.63606
1.63526
1.63447
1.63369
1.63292
1.63216
1.63141
1.63067
1.62994
1.62922
1.62851
1.62781
1.62712
1.62645
1.62578
1.62512
1.62447
1.62383
1.6232
1.62258
1.62197
1.62137
1.62078
1.6202
1.61963
1.61907
1.61853
1.61799
1.61748
1.61697
1.61649
1.61602
1.61557
1.61513
1.61472
1.61433
1.61396
1.61362
1.61331
1.61302
1.61276
1.61253
1.61233
1.61217
1.61204
1.61194
1.61188
1.61185
1.61187
1.61192
1.61201
1.61214
1.61232
1.61253
1.61278
1.61307
1.6134
1.61376
1.61417
1.61461
1.6151
1.61562
1.61617
1.61676
1.61738
1.61804
1.61872
1.61944
1.62018
1.62095
1.62175
1.62257
1.62341
1.62428
1.62516
1.62607
1.62698
1.62792
1.62886
1.62982
1.63079
1.63177
1.63275
1.63374
1.63474
1.63574
1.63674
1.63774
1.63874
1.63973
1.64073
1.64171
1.6427
1.64367
1.64464
1.6456
1.64655
1.64748
1.64841
1.64932
1.65022
1.6511
1.65196
1.65281
1.65364
1.65445
1.65523
1.656
1.65674
1.65746
1.65815
1.65882
1.65946
1.66007
1.66065
1.6612
1.66172
1.6622
1.66265
1.66307
1.66345
1.6638
1.66411
1.66438
1.66461
1.6648
1.66495
1.66506
1.66513
1.66515
1.66513
1.66507
1.66497
1.66482
1.66463
1.66439
1.66411
1.66378
1.66342
1.663
1.66255
1.66205
1.66151
1.66093
1.66031
1.65965
1.65895
1.65821
1.65744
1.65663
1.65578
1.65491
1.654
1.65306
1.6521
1.65111
1.65009
1.64906
1.648
1.64693
1.64584
1.64474
1.64362
1.6425
1.64137
1.64024
1.6391
1.63797
1.63684
1.63572
1.6346
1.6335
1.63241
1.63133
1.63028
1.62924
1.62823
1.62725
1.62629
1.62536
1.62447
1.62361
1.62279
1.62201
1.62127
1.62058
1.61993
1.61933
1.61877
1.61827
1.61783
1.61744
1.6171
1.61682
1.6166
1.61644
1.61634
1.61631
1.61633
1.61642
1.61658
1.6168
1.61708
1.61742
1.61784
1.61831
1.61885
1.61946
1.62012
1.62085
1.62164
1.62249
1.6234
1.62437
1.6254
1.62648
1.62762
1.62881
1.63005
1.63135
1.63269
1.63409
1.63553
1.63701
1.63854
1.64011
1.64172
1.64337
1.64505
1.64677
1.64853
1.65032
1.65213
1.65398
1.65586
1.65776
1.65968
1.66163
1.6636
1.66559
1.6676
1.66962
1.67166
1.67371
1.67578
1.67785
1.67994
1.68203
1.68412
1.68622
1.68832
1.69042
1.69251
1.6946
1.69668
1.69875
1.70081
1.70286
1.70488
1.70689
1.70888
1.71084
1.71277
1.71468
1.71655
1.71838
1.72018
1.72193
1.72364
1.7253
1.72691
1.72847
1.72997
1.73142
1.7328
1.73413
1.73538
1.73657
1.73768
1.73873
1.73969
1.74059
1.7414
1.74213
1.74279
1.74336
1.74385
1.74425
1.74457
1.74481
1.74496
1.74503
1.74501
1.74491
1.74473
1.74448
1.74414
1.74372
1.74324
1.74268
1.74205
1.74136
1.7406
1.73979
1.73892
1.73799
1.73702
1.73601
1.73495
1.73386
1.73274
1.73159
1.73042
1.72922
1.72802
1.7268
1.72557
1.72434
1.7231
1.72187
1.72065
1.71943
1.71823
1.71703
1.71585
1.71469
1.71354
1.71241
1.7113
1.71021
1.70914
1.70808
1.70705
1.70603
1.70503
1.70405
1.70308
1.70213
1.70119
1.70027
1.69935
1.69845
1.69756
1.69667
1.69579
1.69492
1.69406
1.6932
1.69235
1.6915
1.69065
1.68981
1.68897
1.68814
1.68731
1.68648
1.68566
1.68484
1.68403
1.68322
1.68241
1.68161
1.68081
1.68002
1.67923
1.67845
1.67768
1.67691
1.67614
1.67539
1.67464
1.67389
1.67315
1.67242
1.67168
1.67096
1.67023
1.66951
1.6688
1.66808
1.66736
1.66665
1.66593
1.66521
1.66449
1.66377
1.66304
1.66231
1.66158
1.66084
1.6601
1.65934
1.65859
1.65782
1.65705
1.65627
1.65549
1.65469
1.6539
1.65309
1.65228
1.65147
1.65065
1.64983
1.64901
1.64818
1.64736
1.64655
1.64573
1.64493
1.64413
1.64334
1.64256
1.6418
1.64106
1.64033
1.63963
1.63895
1.63829
1.63767
1.63707
1.63651
1.63599
1.63551
1.63506
1.63466
1.6343
1.63399
1.63373
1.63352
1.63337
1.63327
1.63322
1.63324
1.63331
1.63345
1.63365
1.63391
1.63423
1.63462
1.63507
1.63559
1.63617
1.63681
1.63752
1.63829
1.63912
1.64001
1.64097
1.64198
1.64304
1.64417
1.64534
1.64657
1.64784
1.64916
1.65052
1.65193
1.65337
1.65484
1.65635
1.65789
1.65945
1.66103
1.66263
1.66425
1.66588
1.66752
1.66916
1.67081
1.67245
1.67408
1.6757
1.67731
1.67891
1.68048
1.68203
1.68355
1.68505
1.6865
1.68792
1.68931
1.69065
1.69194
1.69319
1.69439
1.69553
1.69662
1.69765
1.69863
1.69954
1.70039
1.70117
1.70189
1.70254
1.70312
1.70363
1.70407
1.70443
1.70473
1.70495
1.7051
1.70518
1.70518
1.70512
1.70498
1.70477
1.70449
1.70414
1.70372
1.70324
1.7027
1.70209
1.70142
1.7007
1.69992
1.69909
1.69821
1.69728
1.69631
1.6953
1.69425
1.69317
1.69206
1.69092
1.68976
1.68858
1.68738
1.68618
1.68496
1.68375
1.68254
1.68133
1.68013
1.67894
1.67777
1.67662
1.67549
1.67439
1.67331
1.67227
1.67126
1.67028
1.66934
1.66844
1.66758
1.66675
1.66597
1.66523
1.66453
1.66386
1.66324
1.66265
1.6621
1.66159
1.66111
1.66066
1.66023
1.65984
1.65946
1.65911
1.65877
1.65844
1.65812
1.65781
1.65751
1.6572
1.65689
1.65657
1.65624
1.65589
1.65553
1.65514
1.65473
1.65429
1.65382
1.65332
1.65278
1.6522
1.65158
1.65091
1.6502
1.64944
1.64863
1.64778
1.64686
1.6459
1.64488
1.6438
1.64267
1.64148
1.64024
1.63894
1.63758
1.63616
1.6347
1.63317
1.6316
1.62997
1.62829
1.62656
1.62478
1.62296
1.62109
1.61918
1.61722
1.61523
1.6132
1.61114
1.60904
1.60692
1.60477
1.6026
1.6004
1.59819
1.59596
1.59372
1.59147
1.58921
1.58695
1.58469
1.58243
1.58018
1.57793
1.57571
1.5735
1.57131
1.56914
1.56701
1.56491
1.56284
1.56081
1.55883
1.55689
1.555
1.55317
1.5514
1.54969
1.54805
1.54648
1.54498
1.54356
1.54222
1.54097
1.53981
1.53873
1.53775
1.53687
1.53608
1.5354
1.53482
1.53435
1.53399
1.53374
1.53359
1.53356
1.53364
1.53384
1.53414
1.53455
1.53507
1.5357
1.53643
1.53727
1.53821
1.53925
1.54038
1.5416
1.54291
1.5443
1.54577
1.54732
1.54893
1.55061
1.55235
1.55413
1.55597
1.55785
1.55976
1.5617
1.56367
1.56565
1.56765
1.56966
1.57167
1.57367
1.57567
1.57765
1.57962
1.58156
1.58347
1.58535
1.58719
1.58899
1.59075
1.59246
1.59411
1.59572
1.59727
1.59876
1.60019
1.60155
1.60286
1.60409
1.60526
1.60637
1.6074
1.60836
1.60926
1.61008
1.61083
1.61152
1.61214
1.61268
1.61316
1.61357
1.61392
1.6142
1.61442
1.61458
1.61467
1.61471
1.61469
1.61462
1.61449
1.61431
1.61408
1.61381
1.61349
1.61313
1.61273
1.61229
1.61181
1.61131
1.61077
1.6102
1.6096
1.60898
1.60834
1.60768
1.60699
1.60629
1.60558
1.60485
1.60411
1.60336
1.6026
1.60184
1.60107
1.6003
1.59952
1.59874
1.59796
1.59718
1.5964
1.59562
1.59484
1.59407
1.59329
1.59252
1.59176
1.59099
1.59023
1.58948
1.58873
1.58798
1.58724
1.5865
1.58577
1.58504
1.58432
1.5836
1.58289
1.58218
1.58147
1.58078
1.58008
1.57939
1.57871
1.57804
1.57737
1.57671
1.57605
1.57541
1.57477
1.57414
1.57351
1.5729
1.5723
1.5717
1.57112
1.57055
1.56999
1.56944
1.56891
1.56839
1.56788
1.56739
1.56691
1.56645
1.56601
1.56558
1.56517
1.56478
1.56441
1.56406
1.56372
1.5634
1.5631
1.56282
1.56256
1.56232
1.5621
1.5619
1.56172
1.56155
1.56141
1.56129
1.56119
1.5611
1.56104
1.56099
1.56097
1.56096
1.56097
1.561
1.56106
1.56113
1.56122
1.56133
1.56146
1.56161
1.56178
1.56197
1.56218
1.56241
1.56266
1.56293
1.56323
1.56354
1.56389
1.56425
1.56464
1.56505
1.56549
1.56596
1.56645
1.56696
1.56751
1.56808
1.56868
1.56931
1.56996
1.57065
1.57136
1.57211
1.57289
1.57369
1.57453
1.57539
1.57629
1.57721
1.57816
1.57914
1.58015
1.58118
1.58224
1.58333
1.58444
1.58557
1.58672
1.5879
1.58909
1.59031
1.59153
1.59278
1.59403
1.59529
1.59657
1.59784
1.59913
1.60042
1.6017
1.60299
1.60427
1.60554
1.6068
1.60805
1.60929
1.61051
1.61171
1.61289
1.61405
1.61518
1.6163
1.61738
1.61843
1.61945
1.62044
1.6214
1.62232
1.62321
1.62406
1.62487
1.62565
1.62639
1.62709
1.62775
1.62838
1.62897
1.62952
1.63004
1.63053
1.63098
1.6314
1.63179
1.63215
1.63248
1.63278
1.63306
1.63332
1.63356
1.63378
1.63398
1.63417
1.63434
1.63451
1.63466
1.63481
1.63495
1.63508
1.63522
1.63535
1.63548
1.63562
1.63576
1.63589
1.63604
1.63618
1.63633
1.63649
1.63665
1.63682
1.63698
1.63715
1.63733
1.6375
1.63768
1.63785
1.63802
1.63818
1.63834
1.6385
1.63864
1.63877
1.63889
1.639
1.63909
1.63916
1.63921
1.63924
1.63924
1.63922
1.63917
1.63908
1.63897
1.63883
1.63865
1.63844
1.63819
1.6379
1.63757
1.6372
1.63679
1.63634
1.63585
1.63531
1.63474
1.63412
1.63346
1.63276
1.63201
1.63123
1.6304
1.62954
1.62863
1.62769
1.62671
1.6257
1.62465
1.62357
1.62246
1.62132
1.62015
1.61895
1.61774
1.61649
1.61523
1.61396
1.61266
1.61136
1.61004
1.60872
1.60739
1.60606
1.60473
1.6034
1.60208
1.60077
1.59947
1.59818
1.5969
1.59565
1.59442
1.59321
1.59204
1.59089
1.58977
1.58869
1.58765
1.58665
1.58569
1.58477
1.58391
1.58309
1.58233
1.58162
1.58096
1.58037
1.57983
1.57935
1.57894
1.57859
1.57831
1.57809
1.57794
1.57786
1.57784
1.57789
1.57802
1.57821
1.57847
1.5788
1.5792
1.57966
1.58019
1.58079
1.58145
1.58217
1.58296
1.5838
1.58471
1.58567
1.58669
1.58775
1.58887
1.59004
1.59125
1.5925
1.59379
1.59512
1.59649
1.59788
1.59931
1.60076
1.60223
1.60373
1.60524
1.60676
1.60829
1.60984
1.61139
1.61294
1.6145
1.61605
1.6176
1.61914
1.62067
1.62219
1.6237
1.62519
1.62667
1.62812
1.62956
1.63098
1.63237
1.63374
1.63508
1.63639
1.63767
1.63893
1.64016
1.64136
1.64252
1.64366
1.64477
1.64584
1.64688
1.64789
1.64886
1.64981
1.65072
1.65161
1.65246
1.65328
1.65407
1.65483
1.65557
1.65628
1.65696
1.65762
1.65825
1.65886
1.65944
1.66001
1.66055
1.66108
1.66159
1.66208
1.66256
1.66303
1.66349
1.66393
1.66437
1.6648
1.66523
1.66565
1.66607
1.66649
1.66691
1.66734
1.66777
1.6682
1.66864
1.66909
1.66955
1.67003
1.67051
1.67102
1.67153
1.67207
1.67262
1.6732
1.67379
1.67441
1.67505
1.67572
1.6764
1.67712
1.67786
1.67862
1.67941
1.68022
1.68106
1.68192
1.6828
1.68371
1.68464
1.68559
1.68656
1.68755
1.68855
1.68956
1.69059
1.69163
1.69267
1.69372
1.69477
1.69582
1.69687
1.69792
1.69896
1.69999
1.701
1.702
1.70298
1.70394
1.70487
1.70577
1.70665
1.70749
1.70829
1.70905
1.70978
1.71046
1.71109
1.71168
1.71222
1.71271
1.71314
1.71352
1.71384
1.71411
1.71432
1.71447
1.71456
1.71459
1.71456
1.71447
1.71432
1.71411
1.71384
1.71351
1.71313
1.71268
1.71218
1.71163
1.71102
1.71036
1.70965
1.70889
1.70808
1.70723
1.70633
1.7054
1.70442
1.70341
1.70236
1.70128
1.70016
1.69902
1.69786
1.69667
1.69545
1.69422
1.69297
1.6917
1.69042
1.68912
1.68781
1.6865
1.68517
1.68384
1.68251
1.68117
1.67983
1.67849
1.67715
1.67582
1.67448
1.67316
1.67184
1.67052
1.66922
1.66792
1.66663
1.66536
1.6641
1.66285
1.66162
1.6604
1.6592
1.65802
1.65685
1.65571
1.65459
1.65348
1.65241
1.65135
1.65032
1.64932
1.64834
1.6474
1.64648
1.64559
1.64474
1.64391
1.64312
1.64237
1.64165
1.64097
1.64033
1.63973
1.63917
1.63865
1.63818
1.63774
1.63736
1.63701
1.63672
1.63647
1.63627
1.63612
1.63601
1.63596
1.63595
1.63599
1.63609
1.63623
1.63643
1.63667
1.63697
1.63731
1.6377
1.63815
1.63864
1.63917
1.63976
1.64039
1.64106
1.64178
1.64254
1.64334
1.64418
1.64505
1.64597
1.64692
1.6479
1.64892
1.64996
1.65104
1.65214
1.65327
1.65442
1.6556
1.65679
1.65801
1.65924
1.66049
1.66175
1.66302
1.66431
1.66561
1.66691
1.66822
1.66954
1.67086
1.67219
1.67352
1.67485
1.67618
1.67751
1.67884
1.68016
1.68149
1.68281
1.68413
1.68544
1.68675
1.68805
1.68935
1.69065
1.69194
1.69322
1.6945
1.69578
1.69704
1.69831
1.69957
1.70082
1.70207
1.70331
1.70455
1.70578
1.70701
1.70824
1.70946
1.71067
1.71188
1.71308
1.71428
1.71547
1.71666
1.71784
1.71901
1.72017
1.72133
1.72248
1.72361
1.72474
1.72586
1.72696
1.72806
1.72913
1.7302
1.73125
1.73228
1.73329
1.73428
1.73525
1.7362
1.73712
1.73802
1.73889
1.73973
1.74055
1.74133
1.74207
1.74279
1.74346
1.7441
1.7447
1.74526
1.74578
1.74625
1.74668
1.74706
1.7474
1.74769
1.74792
1.74811
1.74825
1.74833
1.74836
1.74834
1.74826
1.74813
1.74795
1.74771
1.74741
1.74707
1.74666
1.74621
1.7457
1.74514
1.74452
1.74386
1.74314
1.74238
1.74157
1.74071
1.7398
1.73885
1.73785
1.73682
1.73574
1.73462
1.73346
1.73227
1.73104
1.72977
1.72848
1.72715
1.72579
1.7244
1.72299
1.72155
1.72009
1.7186
1.7171
1.71557
1.71402
1.71246
1.71088
1.70929
1.70768
1.70606
1.70442
1.70278
1.70112
1.69946
1.69779
1.69611
1.69442
1.69273
1.69104
1.68934
1.68764
1.68593
1.68423
1.68252
1.68082
1.67911
1.67741
1.67571
1.67401
1.67232
1.67063
1.66895
1.66727
1.6656
1.66393
1.66228
1.66064
1.659
1.65738
1.65577
1.65417
1.65258
1.651
1.64944
1.6479
1.64637
1.64485
1.64336
1.64187
1.64041
1.63897
1.63754
1.63614
1.63476
1.63339
1.63205
1.63073
1.62944
1.62816
1.62691
1.62568
1.62448
1.6233
1.62214
1.62101
1.6199
1.61882
1.61776
1.61672
1.61571
1.61473
1.61376
1.61282
1.61191
1.61101
1.61014
1.6093
1.60847
1.60766
1.60687
1.60611
1.60536
1.60463
1.60392
1.60323
1.60255
1.60189
1.60125
1.60062
1.6
1.5994
1.59882
1.59824
1.59768
1.59713
1.5966
1.59607
1.59556
1.59505
1.59456
1.59408
1.59361
1.59314
1.59269
1.59225
1.59182
1.5914
1.59099
1.59058
1.59019
1.58981
1.58944
1.58907
1.58872
1.58838
1.58805
1.58773
1.58743
1.58714
1.58686
1.58659
1.58633
1.58609
1.58586
1.58565
1.58545
1.58527
1.58511
1.58496
1.58482
1.5847
1.5846
1.58452
1.58446
1.58441
1.58438
1.58438
1.58439
1.58443
1.58449
1.58456
1.58466
1.58479
1.58493
1.5851
1.58529
1.58551
