-3.37584
-3.37581
-3.37563
-3.37545
-3.37558
-3.37526
-3.3751
-3.37464
-3.37494
-3.37493
-3.37494
-3.37449
-3.3742
-3.37391
-3.37362
-3.37395
-3.37427
-3.37445
-3.37463
-3.37452
-3.37471
-3.37475
-3.37464
-3.37453
-3.37488
-3.37493
-3.37513
-3.37503
-3.37479
-3.37469
-3.37475
-3.37481
-3.37502
-3.37523
-3.37514
-3.3752
-3.37526
-3.37532
-3.37523
-3.37545
-3.37551
-3.37542
-3.37518
-3.37524
-3.37531
-3.37537
-3.37528
-3.37489
-3.3745
-3.37471
-3.37447
-3.37498
-3.37474
-3.37466
-3.37487
-3.37478
-3.3747
-3.37476
-3.37452
-3.37459
-3.37465
-3.37502
-3.37509
-3.375
-3.37507
-3.37469
-3.3746
-3.37467
-3.37459
-3.37451
-3.37488
-3.37525
-3.37516
-3.37523
-3.37514
-3.37521
-3.37543
-3.37564
-3.37495
-3.37516
-3.37537
-3.37543
-3.37579
-3.37569
-3.37589
-3.37609
-3.37614
-3.37588
-3.37607
-3.37581
-3.37584
-3.37588
-3.37576
-3.37579
-3.37596
-3.37584
-3.37616
-3.37633
-3.37634
-3.37636
-3.37622
-3.37608
-3.37639
-3.37625
-3.37625
-3.3761
-3.3761
-3.37626
-3.37626
-3.37626
-3.3764
-3.3761
-3.37625
-3.37624
-3.37654
-3.37653
-3.37637
-3.37637
-3.37636
-3.3768
-3.3768
-3.37678
-3.37677
-3.37706
-3.37675
-3.37658
-3.37657
-3.37685
-3.37669
-3.37682
-3.37695
-3.37723
-3.37721
-3.37733
-3.377
-3.37727
-3.37724
-3.37706
-3.37732
-3.37728
-3.37739
-3.37765
-3.37791
-3.37771
-3.37766
-3.37776
-3.3777
-3.37795
-3.37789
-3.37767
-3.37776
-3.37784
-3.37792
-3.3777
-3.37747
-3.3774
-3.37732
-3.37724
-3.37716
-3.37692
-3.37699
-3.37705
-3.37696
-3.37687
-3.37663
-3.37654
-3.37615
-3.3759
-3.37581
-3.37542
-3.37472
-3.37478
-3.37484
-3.3749
-3.37496
-3.37502
-3.37523
-3.37529
-3.3749
-3.37451
-3.37443
-3.37434
-3.37456
-3.37463
-3.37486
-3.37493
-3.3747
-3.37463
-3.37456
-3.37434
-3.37427
-3.37436
-3.3746
-3.37454
-3.37403
-3.37368
-3.37363
-3.37373
-3.37354
-3.37334
-3.37285
-3.37296
-3.37308
-3.37305
-3.37302
-3.3733
-3.37342
-3.3734
-3.37338
-3.37321
-3.3735
-3.37318
-3.37302
-3.37316
-3.37316
-3.37285
-3.37269
-3.37269
-3.37269
-3.37254
-3.37254
-3.37239
-3.37239
-3.3727
-3.37255
-3.3727
-3.37271
-3.37256
-3.37272
-3.37273
-3.37304
-3.37289
-3.37275
-3.37291
-3.37307
-3.37308
-3.37309
-3.37234
-3.37251
-3.37282
-3.37269
-3.3727
-3.37257
-3.37289
-3.37245
-3.37232
-3.37235
-3.37282
-3.37285
-3.37303
-3.37321
-3.3734
-3.37344
-3.37363
-3.37367
-3.37372
-3.37361
-3.37367
-3.37387
-3.37378
-3.37399
-3.37421
-3.37458
-3.3745
-3.37473
-3.37466
-3.37474
-3.37497
-3.37506
-3.3753
-3.3757
-3.37609
-3.37619
-3.37614
-3.37624
-3.3768
-3.37705
-3.37701
-3.37696
-3.37692
-3.37672
-3.37683
-3.37648
-3.37689
-3.37669
-3.3765
-3.3766
-3.3767
-3.3768
-3.37705
-3.37715
-3.37709
-3.37733
-3.37742
-3.37735
-3.37698
-3.37751
-3.37774
-3.37766
-3.37743
-3.37749
-3.37801
-3.37791
-3.37782
-3.37771
-3.37791
-3.3775
-3.37769
-3.37773
-3.37776
-3.37794
-3.37796
-3.37813
-3.37845
-3.37907
-3.37924
-3.37925
-3.3794
-3.37956
-3.37941
-3.3794
-3.37955
-3.3797
-3.37984
-3.37968
-3.37997
-3.38011
-3.3801
-3.38023
-3.38037
-3.3802
-3.38003
-3.38002
-3.37985
-3.37998
-3.37996
-3.37979
-3.37992
-3.37975
-3.37988
-3.38001
-3.37999
-3.38028
-3.38011
-3.37994
-3.37977
-3.37975
-3.37958
-3.37957
-3.37955
-3.37954
-3.37997
-3.38011
-3.3801
-3.38008
-3.38007
-3.38005
-3.38019
-3.38003
-3.37987
-3.37985
-3.38014
-3.38028
-3.38012
-3.37996
-3.37965
-3.37979
-3.38008
-3.38007
-3.38051
-3.38065
-3.38064
-3.38048
-3.38032
-3.38062
-3.38061
-3.3806
-3.38044
-3.38028
-3.37997
-3.37981
-3.3798
-3.37995
-3.37994
-3.38023
-3.37977
-3.37992
-3.38021
-3.38036
-3.38035
-3.38064
-3.38064
-3.38048
-3.38047
-3.38032
-3.38046
-3.38045
-3.38045
-3.38029
-3.37998
-3.37952
-3.37906
-3.37935
-3.37964
-3.37979
-3.37978
-3.37977
-3.37991
-3.3799
-3.38003
-3.38002
-3.37986
-3.37984
-3.37952
-3.37951
-3.37964
-3.37962
-3.3793
-3.37913
-3.37926
-3.37894
-3.37877
-3.3789
-3.37872
-3.37839
-3.37852
-3.37849
-3.37847
-3.37814
-3.37796
-3.37808
-3.3779
-3.37772
-3.37769
-3.37736
-3.37718
-3.37745
-3.37757
-3.37739
-3.37706
-3.37718
-3.37685
-3.37697
-3.37724
-3.37767
-3.37764
-3.37746
-3.37728
-3.37726
-3.37738
-3.37766
-3.37763
-3.37791
-3.37774
-3.37771
-3.37754
-3.37767
-3.37765
-3.37748
-3.37746
-3.37789
-3.37772
-3.37801
-3.37799
-3.37843
-3.37871
-3.37855
-3.37838
-3.37852
-3.37881
-3.37879
-3.37893
-3.37862
-3.37831
-3.37845
-3.37813
-3.37812
-3.37811
-3.37826
-3.37795
-3.37779
-3.37763
-3.37762
-3.37762
-3.37746
-3.3776
-3.3773
-3.37714
-3.37683
-3.37683
-3.37652
-3.37667
-3.37652
-3.37637
-3.37622
-3.37637
-3.37606
-3.37606
-3.37606
-3.37561
-3.37546
-3.37531
-3.37532
-3.37532
-3.37532
-3.37532
-3.37518
-3.37518
-3.37503
-3.37474
-3.37459
-3.3746
-3.3746
-3.37476
-3.37461
-3.37477
-3.37477
-3.37493
-3.37494
-3.37509
-3.3751
-3.3751
-3.37526
-3.37557
-3.37557
-3.37542
-3.37497
-3.37482
-3.37498
-3.37468
-3.37468
-3.37437
-3.37437
-3.37422
-3.37437
-3.37437
-3.37421
-3.37421
-3.3742
-3.3742
-3.37404
-3.37418
-3.37448
-3.37431
-3.37445
-3.37444
-3.37413
-3.37366
-3.37364
-3.37363
-3.37376
-3.37359
-3.37342
-3.37326
-3.37324
-3.37337
-3.37335
-3.37317
-3.373
-3.37313
-3.37326
-3.37309
-3.37322
-3.37305
-3.37302
-3.37315
-3.37298
-3.37266
-3.37249
-3.37232
-3.37185
-3.37153
-3.37166
-3.37149
-3.37163
-3.37177
-3.37176
-3.37144
-3.37174
-3.37173
-3.37173
-3.37172
-3.37172
-3.37172
-3.37188
-3.37173
-3.37159
-3.37145
-3.37146
-3.37163
-3.37194
-3.37197
-3.37229
-3.37232
-3.37265
-3.37283
-3.37286
-3.37289
-3.37278
-3.37282
-3.37271
-3.3726
-3.37265
-3.373
-3.37289
-3.37279
-3.37284
-3.37289
-3.37309
-3.37345
-3.3735
-3.3737
-3.37376
-3.37396
-3.37446
-3.37451
-3.37456
-3.37415
-3.37435
-3.37454
-3.37458
-3.37447
-3.37405
-3.37424
-3.37412
-3.374
-3.37402
-3.37404
-3.37451
-3.37453
-3.37469
-3.37455
-3.3744
-3.3744
-3.37485
-3.37454
-3.37469
-3.37467
-3.37466
-3.37479
-3.37476
-3.37444
-3.37441
-3.37423
-3.37404
-3.37401
-3.37382
-3.37362
-3.37404
-3.37414
-3.37455
-3.3742
-3.37416
-3.37411
-3.37451
-3.37476
-3.37471
-3.37481
-3.37491
-3.37501
-3.37496
-3.37461
-3.37441
-3.37421
-3.37401
-3.37396
-3.37421
-3.37432
-3.37412
-3.37377
-3.37373
-3.37399
-3.3741
-3.37422
-3.37418
-3.37399
-3.37411
-3.37438
-3.37405
-3.37417
-3.37445
-3.37442
-3.37455
-3.37483
-3.37481
-3.37464
-3.37447
-3.37431
-3.3743
-3.37413
-3.37412
-3.37396
-3.37365
-3.37395
-3.37395
-3.3744
-3.37425
-3.3741
-3.37395
-3.37471
-3.37487
-3.37457
-3.37443
-3.37459
-3.37461
-3.37477
-3.37478
-3.3748
-3.37512
-3.37544
-3.37546
-3.37564
-3.37597
-3.37614
-3.37617
-3.37605
-3.37608
-3.37582
-3.376
-3.37589
-3.37593
-3.37567
-3.37571
-3.3756
-3.37595
-3.376
-3.3762
-3.37595
-3.376
-3.37605
-3.37625
-3.37631
-3.37636
-3.37596
-3.37587
-3.37577
-3.37598
-3.37634
-3.37654
-3.37644
-3.3765
-3.3767
-3.3766
-3.37695
-3.37684
-3.37688
-3.37677
-3.37696
-3.3767
-3.37673
-3.37706
-3.37723
-3.37741
-3.37697
-3.37699
-3.37684
-3.37715
-3.37746
-3.37746
-3.37715
-3.37744
-3.37728
-3.37711
-3.37693
-3.37675
-3.37657
-3.37639
-3.3765
-3.37631
-3.37657
-3.37637
-3.37617
-3.37642
-3.37637
-3.37631
-3.37655
-3.37619
-3.37598
-3.37591
-3.376
-3.37578
-3.37572
-3.3758
-3.37573
-3.37521
-3.37514
-3.37523
-3.37531
-3.37524
-3.37533
-3.37496
-3.37475
-3.37484
-3.37478
-3.37487
-3.37451
-3.37461
-3.37456
-3.3745
-3.37415
-3.37411
-3.37406
-3.37372
-3.37383
-3.3738
-3.37376
-3.37373
-3.37356
-3.37383
-3.37382
-3.3738
-3.37379
-3.37363
-3.37347
-3.37362
-3.37377
-3.37408
-3.37394
-3.37365
-3.37382
-3.37385
-3.37387
-3.37406
-3.37439
-3.37458
-3.37493
-3.37513
-3.37503
-3.37523
-3.37529
-3.37536
-3.37557
-3.37564
-3.37587
-3.3764
-3.37708
-3.37732
-3.3768
-3.37689
-3.37668
-3.37692
-3.37717
-3.37712
-3.37737
-3.37732
-3.37743
-3.37768
-3.37794
-3.37835
-3.37846
-3.37857
-3.37868
-3.37863
-3.37844
-3.3787
-3.37866
-3.37861
-3.37887
-3.37898
-3.37908
-3.37933
-3.37943
-3.37907
-3.37932
-3.37956
-3.37965
-3.37974
-3.37997
-3.3802
-3.38088
-3.38096
-3.38133
-3.38139
-3.3813
-3.38136
-3.38141
-3.38161
-3.38166
-3.38139
-3.38128
-3.38085
-3.38103
-3.38105
-3.38092
-3.38093
-3.38124
-3.38124
-3.38094
-3.38108
-3.38107
-3.38105
-3.38073
-3.38101
-3.38098
-3.38126
-3.38122
-3.38073
-3.38054
-3.38065
-3.38045
-3.38024
-3.38019
-3.38029
-3.38038
-3.38047
-3.38071
-3.38049
-3.38058
-3.38036
-3.38014
-3.37992
-3.38
-3.37977
-3.37955
-3.37932
-3.37955
-3.37932
-3.3791
-3.37887
-3.3788
-3.37872
-3.37865
-3.37857
-3.37774
-3.37782
-3.37775
-3.37783
-3.37761
-3.37739
-3.37717
-3.37725
-3.37733
-3.37681
-3.3769
-3.37653
-3.37617
-3.37596
-3.3756
-3.37569
-3.37593
-3.37573
-3.37567
-3.37547
-3.37511
-3.37491
-3.37501
-3.37481
-3.37506
-3.37471
-3.37406
-3.37402
-3.37397
-3.37393
-3.37373
-3.37369
-3.37335
-3.373
-3.37281
-3.37292
-3.37273
-3.3727
-3.37296
-3.37293
-3.37289
-3.37285
-3.37282
-3.37278
-3.37305
-3.37332
-3.37359
-3.37386
-3.37383
-3.37379
-3.37361
-3.37358
-3.37325
-3.37337
-3.37289
-3.37301
-3.37313
-3.3728
-3.37247
-3.3726
-3.37258
-3.3724
-3.37253
-3.37236
-3.37264
-3.37262
-3.3726
-3.37273
-3.37272
-3.37271
-3.37254
-3.37268
-3.37267
-3.37267
-3.37266
-3.37266
-3.37311
-3.37311
-3.37327
-3.37358
-3.37374
-3.37375
-3.37361
-3.37363
-3.3738
-3.37383
-3.37385
-3.37403
-3.37392
-3.3741
-3.37444
-3.37464
-3.37453
-3.37458
-3.37448
-3.37439
-3.37444
-3.37466
-3.37472
-3.37494
-3.37516
-3.37508
-3.375
-3.37538
-3.37546
-3.37554
-3.37563
-3.37556
-3.37579
-3.37588
-3.37627
-3.37651
-3.37689
-3.37683
-3.37692
-3.37716
-3.37694
-3.37733
-3.37756
-3.3775
-3.37758
-3.37766
-3.37773
-3.37811
-3.37818
-3.37841
-3.37848
-3.37839
-3.3783
-3.37837
-3.37888
-3.37909
-3.37899
-3.37904
-3.37924
-3.37929
-3.37933
-3.37937
-3.37941
-3.3796
-3.37948
-3.37936
-3.37908
-3.37911
-3.37929
-3.37931
-3.37933
-3.37934
-3.37951
-3.37968
-3.37969
-3.37985
-3.37986
-3.37986
-3.38017
-3.37987
-3.38002
-3.37987
-3.37972
-3.37971
-3.37955
-3.37925
-3.37939
-3.37953
-3.37952
-3.3792
-3.37888
-3.37887
-3.3787
-3.37898
-3.37912
-3.37924
-3.37922
-3.37935
-3.37947
-3.37914
-3.37927
-3.37939
-3.3792
-3.37917
-3.37899
-3.37895
-3.37892
-3.37873
-3.37869
-3.37865
-3.37861
-3.37857
-3.37853
-3.37848
-3.37889
-3.379
-3.37895
-3.37861
-3.37871
-3.37881
-3.37876
-3.37841
-3.37821
-3.37755
-3.37735
-3.37699
-3.37694
-3.37674
-3.37638
-3.37588
-3.37567
-3.37562
-3.37556
-3.3755
-3.37545
-3.37539
-3.37504
-3.37528
-3.37523
-3.37487
-3.37466
-3.3746
-3.37454
-3.37449
-3.37443
-3.37437
-3.37477
-3.37456
-3.3745
-3.3746
-3.37439
-3.37448
-3.37442
-3.37437
-3.37416
-3.37395
-3.37435
-3.37414
-3.37409
-3.37403
-3.37443
-3.37438
-3.37417
-3.37397
-3.37392
-3.37402
-3.37367
-3.37392
-3.37372
-3.37367
-3.37378
-3.37389
-3.37354
-3.3735
-3.37316
-3.37327
-3.37354
-3.3735
-3.37377
-3.37389
-3.37401
-3.37399
-3.37396
-3.37409
-3.37377
-3.3736
-3.37373
-3.37357
-3.37341
-3.37355
-3.37339
-3.37369
-3.37354
-3.37399
-3.37369
-3.3737
-3.37356
-3.37357
-3.37373
-3.37359
-3.37346
-3.37363
-3.37381
-3.37398
-3.37431
-3.37464
-3.37467
-3.37471
-3.37459
-3.37478
-3.37467
-3.37471
-3.37506
-3.37541
-3.37576
-3.37566
-3.37601
-3.37636
-3.37626
-3.37617
-3.37638
-3.37643
-3.37679
-3.377
-3.37706
-3.37727
-3.37748
-3.37785
-3.37775
-3.37797
-3.37833
-3.37869
-3.37875
-3.37897
-3.37933
-3.37923
-3.37914
-3.3792
-3.3791
-3.3793
-3.37966
-3.37986
-3.37975
-3.3798
-3.38029
-3.38018
-3.38022
-3.38025
-3.38043
-3.38061
-3.38078
-3.38035
-3.38037
-3.38069
-3.3804
-3.38025
-3.37996
-3.38026
-3.38011
-3.38026
-3.37995
-3.37979
-3.37978
-3.37976
-3.37975
-3.38003
-3.38002
-3.37985
-3.37952
-3.37935
-3.37918
-3.37916
-3.37899
-3.37897
-3.37865
-3.37879
-3.37832
-3.37861
-3.37844
-3.37828
-3.37843
-3.37842
-3.37857
-3.37827
-3.37843
-3.37828
-3.37845
-3.37846
-3.37833
-3.3785
-3.37808
-3.37841
-3.37829
-3.37818
-3.37807
-3.37826
-3.37846
-3.37851
-3.37856
-3.37861
-3.37867
-3.37828
-3.37834
-3.37825
-3.37831
-3.37868
-3.37859
-3.37866
-3.37857
-3.37879
-3.3787
-3.37907
-3.37898
-3.37919
-3.3791
-3.37916
-3.37952
-3.37957
-3.38007
-3.38012
-3.37971
-3.37991
-3.38009
-3.37983
-3.37986
-3.38003
-3.38006
-3.38008
-3.37964
-3.3798
-3.3798
-3.37981
-3.37995
-3.3801
-3.37993
-3.38022
-3.38081
-3.38078
-3.3806
-3.38042
-3.38023
-3.38004
-3.3803
-3.38025
-3.38035
-3.3803
-3.38009
-3.37988
-3.37982
-3.37976
-3.37939
-3.37948
-3.37956
-3.37964
-3.37957
-3.3795
-3.37943
-3.37981
-3.37959
-3.37937
-3.37945
-3.37953
-3.37932
-3.37925
-3.37934
-3.37913
-3.37968
-3.37948
-3.37943
-3.37923
-3.37903
-3.37899
-3.37896
-3.37893
-3.37905
-3.37873
-3.37886
-3.37885
-3.37838
-3.37868
-3.37853
-3.37868
-3.37869
-3.3787
-3.37871
-3.37843
-3.37876
-3.37863
-3.37866
-3.37869
-3.37888
-3.37892
-3.37881
-3.37885
-3.37889
-3.37924
-3.37944
-3.37979
-3.37999
-3.38004
-3.38024
-3.38014
-3.38019
-3.38009
-3.38014
-3.38019
-3.38054
-3.38044
-3.38048
-3.38037
-3.38057
-3.38061
-3.3805
-3.38053
-3.38072
-3.38045
-3.38063
-3.38066
-3.38038
-3.38041
-3.38088
-3.3809
-3.38107
-3.38108
-3.38079
-3.3811
-3.3808
-3.38096
-3.38081
-3.38096
-3.3811
-3.38125
-3.38094
-3.38093
-3.38106
-3.38105
-3.38103
-3.38116
-3.38144
-3.38112
-3.38125
-3.38122
-3.38089
-3.38101
-3.38098
-3.3808
-3.38092
-3.38103
-3.3813
-3.38142
-3.38138
-3.38135
-3.38086
-3.38097
-3.38094
-3.38105
-3.38101
-3.38082
-3.38064
-3.38045
-3.38057
-3.38053
-3.3805
-3.38046
-3.38043
-3.38025
-3.38067
-3.38079
-3.38062
-3.38059
-3.38056
-3.38114
-3.38112
-3.38125
-3.38108
-3.38122
-3.38105
-3.38134
-3.38162
-3.38146
-3.38175
-3.38175
-3.38174
-3.38158
-3.38173
-3.38158
-3.38157
-3.38157
-3.38142
-3.38143
-3.38173
-3.38189
-3.38174
-3.38145
-3.3813
-3.38116
-3.38132
-3.38133
-3.38104
-3.38105
-3.38121
-3.38123
-3.38154
-3.38186
-3.38218
-3.38219
-3.38221
-3.38177
-3.38209
-3.3818
-3.38197
-3.38214
-3.38216
-3.38233
-3.38219
-3.38237
-3.38208
-3.38196
-3.38198
-3.38185
-3.38172
-3.38114
-3.38117
-3.3812
-3.38123
-3.3811
-3.38098
-3.38117
-3.3809
-3.38078
-3.38097
-3.381
-3.38089
-3.38063
-3.38051
-3.38055
-3.38044
-3.38064
-3.38038
-3.38057
-3.38077
-3.38126
-3.38131
-3.38135
-3.38124
-3.38114
-3.38133
-3.38122
-3.38096
-3.381
-3.38089
-3.38123
-3.38126
-3.38129
-3.38117
-3.38136
-3.38138
-3.38111
-3.38128
-3.3813
-3.38102
-3.38149
-3.38181
-3.38182
-3.38183
-3.38199
-3.38199
-3.38184
-3.38214
-3.38184
-3.38198
-3.38213
-3.38227
-3.38256
-3.38254
-3.38237
-3.38251
-3.38264
-3.38291
-3.38289
-3.38272
-3.38254
-3.38251
-3.38202
-3.38214
-3.38211
-3.38192
-3.38203
-3.38215
-3.38181
-3.38161
-3.38127
-3.38093
-3.38073
-3.38069
-3.38064
-3.38059
-3.38055
-3.38019
-3.38045
-3.38024
-3.38019
-3.38014
-3.38009
-3.38003
-3.37952
-3.37947
-3.37926
-3.3792
-3.37915
-3.37909
-3.37918
-3.37912
-3.37906
-3.37946
-3.37924
-3.37903
-3.37912
-3.37907
-3.37916
-3.3791
-3.37904
-3.37928
-3.37892
-3.37886
-3.37834
-3.37829
-3.37823
-3.37802
-3.37827
-3.37822
-3.37802
-3.37751
-3.37731
-3.37726
-3.37722
-3.37702
-3.37728
-3.37725
-3.37721
-3.37702
-3.37714
-3.37666
-3.37664
-3.37662
-3.37675
-3.37658
-3.37642
-3.37641
-3.37641
-3.37671
-3.37657
-3.37673
-3.37674
-3.37676
-3.37693
-3.37726
-3.37714
-3.37718
-3.37722
-3.37712
-3.37732
-3.37722
-3.37744
-3.37765
-3.37772
-3.37825
-3.37787
-3.37765
-3.37804
-3.37782
-3.37807
-3.37816
-3.37841
-3.37836
-3.37846
-3.37872
-3.37882
-3.37878
-3.37889
-3.37869
-3.3788
-3.37907
-3.37902
-3.37944
-3.37955
-3.37981
-3.37976
-3.37972
-3.37997
-3.38008
-3.38003
-3.37982
-3.37932
-3.37941
-3.3792
-3.37929
-3.37953
-3.37916
-3.37909
-3.37931
-3.37939
-3.37976
-3.37998
-3.3799
-3.37996
-3.38032
-3.37993
-3.37983
-3.38019
-3.38009
-3.37999
-3.38003
-3.38022
-3.38027
-3.38
-3.38034
-3.38022
-3.3801
-3.37968
-3.37955
-3.37957
-3.37944
-3.37946
-3.37993
-3.37994
-3.37995
-3.38026
-3.37996
-3.37982
-3.38012
-3.37981
-3.37965
-3.37949
-3.38023
-3.38021
-3.38034
-3.38002
-3.37984
-3.37996
-3.37977
-3.37928
-3.37924
-3.37904
-3.37929
-3.37954
-3.37933
-3.37926
-3.3792
-3.37913
-3.3789
-3.37882
-3.37889
-3.37881
-3.37887
-3.37863
-3.37853
-3.37874
-3.37864
-3.37823
-3.37827
-3.37816
-3.3779
-3.37748
-3.37736
-3.37709
-3.37696
-3.37744
-3.37732
-3.37703
-3.37705
-3.37707
-3.37709
-3.3765
-3.37651
-3.37622
-3.37608
-3.37564
-3.3752
-3.37506
-3.37477
-3.37478
-3.37464
-3.37435
-3.37421
-3.37407
-3.37393
-3.37349
-3.37335
-3.37322
-3.37263
-3.37235
-3.37222
-3.37179
-3.37151
-3.37169
-3.37142
-3.37221
-3.3721
-3.37199
-3.37188
-3.37193
-3.37168
-3.37158
-3.37134
-3.3711
-3.37132
-3.37139
-3.37147
-3.37125
-3.37149
-3.37128
-3.37168
-3.37178
-3.37189
-3.37185
-3.37152
-3.37149
-3.37147
-3.37115
-3.37114
-3.37128
-3.37173
-3.37174
-3.37189
-3.37206
-3.37192
-3.37179
-3.37181
-3.37184
-3.37187
-3.3716
-3.37178
-3.37167
-3.37141
-3.3716
-3.3718
-3.37169
-3.37189
-3.37208
-3.37228
-3.37233
-3.37238
-3.37243
-3.37247
-3.37252
-3.37272
-3.37307
-3.37296
-3.37255
-3.37275
-3.37234
-3.37207
-3.37211
-3.37215
-3.37189
-3.37192
-3.37211
-3.37229
-3.37217
-3.37221
-3.37224
-3.37212
-3.372
-3.37188
-3.37146
-3.37134
-3.37122
-3.37141
-3.37129
-3.37133
-3.37136
-3.37155
-3.3716
-3.37194
-3.37214
-3.37219
-3.37224
-3.37199
-3.3716
-3.37166
-3.37217
-3.37239
-3.37216
-3.37224
-3.37246
-3.37255
-3.37263
-3.37257
-3.37236
-3.37245
-3.37255
-3.3725
-3.37276
-3.37287
-3.37313
-3.37339
-3.37335
-3.37347
-3.37344
-3.37386
-3.37429
-3.37456
-3.37484
-3.37466
-3.37479
-3.37491
-3.37489
-3.37486
-3.37528
-3.37526
-3.37538
-3.37565
-3.37592
-3.37634
-3.3766
-3.37656
-3.37667
-3.37678
-3.37673
-3.37698
-3.37707
-3.37732
-3.37725
-3.37719
-3.37727
-3.3775
-3.37742
-3.37779
-3.37786
-3.37792
-3.37828
-3.37878
-3.37883
-3.37888
-3.37907
-3.3791
-3.37929
-3.37886
-3.37888
-3.37875
-3.37877
-3.37878
-3.37894
-3.3788
-3.37895
-3.37879
-3.37879
-3.37893
-3.37862
-3.3789
-3.37888
-3.37886
-3.37854
-3.37836
-3.37818
-3.37799
-3.37826
-3.37822
-3.37773
-3.37754
-3.37764
-3.3776
-3.3777
-3.37765
-3.3773
-3.3774
-3.37704
-3.37699
-3.37678
-3.37718
-3.37727
-3.37737
-3.37716
-3.3771
-3.37704
-3.37682
-3.37646
-3.3761
-3.37634
-3.37643
-3.37607
-3.37616
-3.37625
-3.37619
-3.37583
-3.37577
-3.37571
-3.37581
-3.37575
-3.37585
-3.37534
-3.37498
-3.37508
-3.37503
-3.37498
-3.37493
-3.37504
-3.37514
-3.37494
-3.3749
-3.37456
-3.37467
-3.37493
-3.37504
-3.37485
-3.37467
-3.37448
-3.37445
-3.37456
-3.37529
-3.37541
-3.37538
-3.37535
-3.37563
-3.3756
-3.37558
-3.37556
-3.37569
-3.37536
-3.37519
-3.37533
-3.37561
-3.37605
-3.37603
-3.37602
-3.37646
-3.3763
-3.37629
-3.37628
-3.37627
-3.37596
-3.37551
-3.3755
-3.37565
-3.3755
-3.3755
-3.3755
-3.37551
-3.37566
-3.37537
-3.37553
-3.37569
-3.3757
-3.37601
-3.37588
-3.37589
-3.3759
-3.37607
-3.37609
-3.37595
-3.37582
-3.37599
-3.37585
-3.37602
-3.37604
-3.37576
-3.37592
-3.37624
-3.3761
-3.37612
-3.37568
-3.37554
-3.3757
-3.37555
-3.37556
-3.37571
-3.37571
-3.37586
-3.37555
-3.37585
-3.37569
-3.37568
-3.37566
-3.3755
-3.37548
-3.37546
-3.37543
-3.37495
-3.37493
-3.3749
-3.37472
-3.37484
-3.3745
-3.37462
-3.37443
-3.37425
-3.37406
-3.37402
-3.37429
-3.3747
-3.37482
-3.37448
-3.37415
-3.37442
-3.37454
-3.37436
-3.37403
-3.37385
-3.37413
-3.37396
-3.37409
-3.37423
-3.37437
-3.37451
-3.3745
-3.37465
-3.37465
-3.37451
-3.37421
-3.37408
-3.37394
-3.37427
-3.37429
-3.37387
-3.3739
-3.37409
-3.37413
-3.37463
-3.37452
-3.37442
-3.37463
-3.37469
-3.3743
-3.37437
-3.37459
-3.37451
-3.37444
-3.37436
-3.37444
-3.37468
-3.37476
-3.37455
-3.37449
-3.37412
-3.37421
-3.37416
-3.3744
-3.37449
-3.37459
-3.37468
-3.37462
-3.37502
-3.37466
-3.3749
-3.37529
-3.37523
-3.37501
-3.3751
-3.37548
-3.37571
-3.37593
-3.37571
-3.37593
-3.37614
-3.37605
-3.37611
-3.37616
-3.37651
-3.37626
-3.3766
-3.37663
-3.37666
-3.37654
-3.37656
-3.37657
-3.37643
-3.37598
-3.37598
-3.37597
-3.37581
-3.3758
-3.37593
-3.3756
-3.37572
-3.37629
-3.37625
-3.37665
-3.37661
-3.3764
-3.37634
-3.37658
-3.37697
-3.3769
-3.37697
-3.37674
-3.37681
-3.37673
-3.37664
-3.3764
-3.37615
-3.37636
-3.37626
-3.37631
-3.3759
-3.37595
-3.37584
-3.37574
-3.37563
-3.37536
-3.37525
-3.37514
-3.37548
-3.37551
-3.37525
-3.37498
-3.37487
-3.3749
-3.37464
-3.37452
-3.37426
-3.37429
-3.37403
-3.37407
-3.37411
-3.37385
-3.37374
-3.37363
-3.37353
-3.37312
-3.37317
-3.37261
-3.37267
-3.37287
-3.37293
-3.37284
-3.3726
-3.37251
-3.37228
-3.37205
-3.37182
-3.37175
-3.37183
-3.37176
-3.37199
-3.37163
-3.37142
-3.37167
-3.37177
-3.37142
-3.37153
-3.37134
-3.371
-3.37112
-3.37094
-3.37107
-3.3715
-3.37163
-3.37132
-3.37131
-3.37115
-3.37115
-3.37175
-3.37161
-3.37192
-3.37163
-3.37164
-3.37121
-3.37093
-3.37065
-3.37098
-3.37117
-3.37135
-3.37169
-3.37173
-3.37162
-3.37137
-3.37142
-3.37147
-3.37152
-3.37143
-3.37134
-3.37155
-3.37176
-3.37213
-3.37235
-3.37273
-3.3731
-3.37303
-3.37295
-3.37318
-3.37281
-3.37259
-3.37283
-3.37337
-3.37375
-3.37369
-3.37363
-3.37357
-3.37382
-3.37361
-3.37385
-3.37379
-3.37389
-3.37398
-3.37408
-3.37463
-3.37488
-3.37467
-3.37492
-3.37486
-3.37511
-3.3752
-3.37545
-3.37539
-3.37548
-3.37527
-3.37535
-3.37529
-3.37492
-3.37485
-3.37494
-3.37471
-3.37479
-3.37502
-3.37524
-3.37516
-3.37539
-3.37575
-3.37612
-3.37588
-3.37594
-3.37614
-3.37635
-3.37579
-3.37614
-3.37618
-3.37623
-3.37641
-3.37675
-3.37678
-3.37681
-3.37699
-3.37716
-3.37733
-3.3775
-3.37751
-3.37767
-3.37753
-3.37753
-3.37708
-3.37693
-3.37707
-3.37691
-3.37705
-3.37719
-3.37733
-3.37701
-3.37714
-3.37727
-3.37724
-3.37722
-3.37704
-3.37701
-3.37728
-3.37709
-3.37721
-3.37718
-3.37699
-3.37711
-3.37737
-3.37718
-3.37745
-3.37726
-3.37722
-3.37704
-3.377
-3.37666
-3.37663
-3.37675
-3.37626
-3.37578
-3.3759
-3.37573
-3.37585
-3.37598
-3.37626
-3.37624
-3.37622
-3.37621
-3.37635
-3.37664
-3.37663
-3.37693
-3.37738
-3.37708
-3.37708
-3.37708
-3.37754
-3.37739
-3.37786
-3.37802
-3.37803
-3.37835
-3.37866
-3.37853
-3.37839
-3.37856
-3.37888
-3.37905
-3.37952
-3.37954
-3.38001
-3.38018
-3.38005
-3.38006
-3.38053
-3.38055
-3.38071
-3.38102
-3.38118
-3.38104
-3.38104
-3.3815
-3.3815
-3.3812
-3.38104
-3.38103
-3.38133
-3.38116
-3.38115
-3.38068
-3.38021
-3.38018
-3.38046
-3.38043
-3.38055
-3.38067
-3.38079
-3.38075
-3.38071
-3.38051
-3.38047
-3.38057
-3.38007
-3.37987
-3.37951
-3.37961
-3.38
-3.38009
-3.37988
-3.37997
-3.37991
-3.37985
-3.37918
-3.37911
-3.37889
-3.37882
-3.37876
-3.37884
-3.37862
-3.37855
-3.37848
-3.37871
-3.37834
-3.37797
-3.3782
-3.37783
-3.37777
-3.3777
-3.37779
-3.37773
-3.37766
-3.3776
-3.3777
-3.37734
-3.37729
-3.37724
-3.37704
-3.37714
-3.37725
-3.37736
-3.37763
-3.37714
-3.37726
-3.37724
-3.37706
-3.37704
-3.37687
-3.37686
-3.3764
-3.3764
-3.37655
-3.37686
-3.37671
-3.37657
-3.37674
-3.37691
-3.37694
-3.37696
-3.377
-3.37733
-3.37737
-3.37711
-3.37716
-3.3769
-3.37695
-3.37731
-3.37706
-3.37712
-3.37718
-3.37725
-3.37731
-3.37722
-3.37744
-3.37736
-3.37743
-3.3775
-3.37742
-3.37733
-3.37771
-3.37793
-3.37785
-3.37807
-3.37844
-3.37866
-3.37887
-3.37909
-3.379
-3.37891
-3.37913
-3.37934
-3.37909
-3.3793
-3.3795
-3.3797
-3.37975
-3.37995
-3.37969
-3.37973
-3.37977
-3.37996
-3.38029
-3.38032
-3.3802
-3.37992
-3.37995
-3.38012
-3.38028
-3.3803
-3.38061
-3.38062
-3.38062
-3.38063
-3.38017
-3.38017
-3.38016
-3.38
-3.38014
-3.38013
-3.38011
-3.37994
-3.38007
-3.38004
-3.38017
-3.37983
-3.3798
-3.37992
-3.38003
-3.37984
-3.37995
-3.38006
-3.38031
-3.38042
-3.38052
-3.38032
-3.38026
-3.37991
-3.38015
-3.38024
-3.37973
-3.38028
-3.37976
-3.3797
-3.37994
-3.37927
-3.37921
-3.3796
-3.37908
-3.37916
-3.3788
-3.37843
-3.37837
-3.378
-3.37809
-3.37787
-3.37766
-3.37745
-3.37709
-3.37704
-3.37698
-3.37678
-3.37658
-3.37638
-3.37603
-3.37599
-3.37595
-3.37592
-3.37619
-3.37616
-3.37599
-3.37596
-3.37595
-3.37609
-3.37653
-3.37653
-3.37653
-3.37683
-3.37684
-3.37685
-3.37687
-3.37703
-3.37675
-3.37678
-3.37665
-3.37668
-3.37671
-3.37674
-3.37677
-3.37711
-3.37684
-3.37718
-3.37752
-3.37725
-3.37743
-3.37777
-3.37765
-3.37768
-3.37786
-3.37803
-3.37806
-3.37808
-3.37809
-3.37796
-3.37782
-3.37783
-3.37769
-3.37755
-3.3777
-3.37725
-3.37725
-3.37725
-3.37709
-3.37708
-3.37723
-3.37707
-3.37706
-3.3769
-3.37689
-3.37688
-3.37672
-3.37686
-3.37685
-3.377
-3.37715
-3.37684
-3.37684
-3.37684
-3.3773
-3.37745
-3.37731
-3.37732
-3.37779
-3.37796
-3.37798
-3.37785
-3.37758
-3.37761
-3.3781
-3.37844
-3.37848
-3.37837
-3.37842
-3.37892
-3.37897
-3.37888
-3.37894
-3.37885
-3.37906
-3.37913
-3.37935
-3.37942
-3.37949
-3.37926
-3.37964
-3.37956
-3.37979
-3.37971
-3.37979
-3.37987
-3.37995
-3.38018
-3.38026
-3.38033
-3.38041
-3.38064
-3.38041
-3.38079
-3.38086
-3.38093
-3.381
-3.38092
-3.38099
-3.38135
-3.38157
-3.38163
-3.38184
-3.38174
-3.3818
-3.3817
-3.3816
-3.38149
-3.38154
-3.38203
-3.38222
-3.38225
-3.38183
-3.38186
-3.38204
-3.38176
-3.38178
-3.38149
-3.38166
-3.38167
-3.38167
-3.38168
-3.38137
-3.38092
-3.38076
-3.3806
-3.38044
-3.38043
-3.38011
-3.37948
-3.37991
-3.38019
-3.38016
-3.38028
-3.38024
-3.3802
-3.38001
-3.38012
-3.38008
-3.37988
-3.37968
-3.37933
-3.37913
-3.37938
-3.37932
-3.37942
-3.37921
-3.37915
-3.37925
-3.37919
-3.37928
-3.37967
-3.37977
-3.37986
-3.3798
-3.38005
-3.37999
-3.37948
-3.37927
-3.37922
-3.37932
-3.37911
-3.37891
-3.37856
-3.37866
-3.37861
-3.37842
-3.37837
-3.37848
-3.37844
-3.37855
-3.37836
-3.37832
-3.37828
-3.37824
-3.37806
-3.37817
-3.37814
-3.37825
-3.37837
-3.37834
-3.37815
-3.37812
-3.37808
-3.37805
-3.37786
-3.37783
-3.37764
-3.37746
-3.37757
-3.37784
-3.3778
-3.37777
-3.37758
-3.3777
-3.37766
-3.37762
-3.37774
-3.37725
-3.37706
-3.37718
-3.37639
-3.3762
-3.37587
-3.37584
-3.3758
-3.37593
-3.3759
-3.37602
-3.376
-3.37613
-3.37626
-3.37625
-3.37623
-3.37607
-3.37606
-3.37606
-3.37621
-3.37621
-3.37637
-3.37638
-3.37624
-3.37611
-3.37613
-3.37631
-3.37618
-3.37607
-3.3761
-3.37614
-3.37604
-3.37624
-3.37599
-3.37574
-3.3761
-3.37601
-3.37608
-3.37615
-3.37637
-3.3766
-3.37683
-3.37675
-3.37668
-3.37646
-3.3767
-3.37648
-3.37672
-3.37695
-3.37749
-3.37713
-3.37736
-3.37714
-3.37708
-3.37731
-3.37784
-3.37777
-3.37784
-3.37777
-3.37768
-3.37715
-3.37721
-3.37727
-3.37717
-3.37722
-3.37727
-3.37731
-3.3778
-3.37798
-3.37786
-3.37773
-3.37804
-3.37805
-3.37806
-3.37776
-3.37775
-3.37729
-3.37727
-3.3771
-3.37722
-3.37734
-3.3773
-3.37741
-3.37751
-3.377
-3.37694
-3.37673
-3.37666
-3.37659
-3.37667
-3.3769
-3.37621
-3.37597
-3.37588
-3.37579
-3.3754
-3.3753
-3.37505
-3.37495
-3.37469
-3.37444
-3.37418
-3.37392
-3.37396
-3.37415
-3.37389
-3.37393
-3.37382
-3.37356
-3.3733
-3.37334
-3.37293
-3.37267
-3.37256
-3.37245
-3.3722
-3.3724
-3.37199
-3.37189
-3.3718
-3.37155
-3.37146
-3.37183
-3.37159
-3.37151
-3.37173
-3.37196
-3.3722
-3.37213
-3.37222
-3.37216
-3.37196
-3.37176
-3.37157
-3.37153
-3.37165
-3.37162
-3.37145
-3.37128
-3.37097
-3.37096
-3.37081
-3.37097
-3.37113
-3.3713
-3.37118
-3.37106
-3.37125
-3.37174
-3.37179
-3.3717
-3.37161
-3.37152
-3.3716
-3.37122
-3.37115
-3.37124
-3.37119
-3.37159
-3.37169
-3.37226
-3.37222
-3.37234
-3.37231
-3.37243
-3.37256
-3.37285
-3.37283
-3.37297
-3.37295
-3.3731
-3.37294
-3.37293
-3.37277
-3.37231
-3.37261
-3.37275
-3.37244
-3.37274
-3.37288
-3.37317
-3.37316
-3.37329
-3.37327
-3.3734
-3.37338
-3.37335
-3.37347
-3.37359
-3.37355
-3.37351
-3.37362
-3.37387
-3.37396
-3.3739
-3.37414
-3.37407
-3.37414
-3.37437
-3.37458
-3.37479
-3.3753
-3.3752
-3.3751
-3.37529
-3.37532
-3.37475
-3.37477
-3.37495
-3.37481
-3.37467
-3.37468
-3.37468
-3.37483
-3.37468
-3.37452
-3.37435
-3.37418
-3.37446
-3.37459
-3.37441
-3.37423
-3.37419
-3.37415
-3.37411
-3.37407
-3.37372
-3.37397
-3.37437
-3.37446
-3.3744
-3.37449
-3.37473
-3.37481
-3.37444
-3.37452
-3.37459
-3.37452
-3.37459
-3.37435
-3.37412
-3.37388
-3.37364
-3.37355
-3.37331
-3.37306
-3.37312
-3.37347
-3.37338
-3.37327
-3.37317
-3.37307
-3.37296
-3.373
-3.3729
-3.37294
-3.37298
-3.37256
-3.3726
-3.37249
-3.37222
-3.37196
-3.37199
-3.37203
-3.37207
-3.37195
-3.37199
-3.37172
-3.37146
-3.37119
-3.37108
-3.37066
-3.37055
-3.37043
-3.37048
-3.37052
-3.37041
-3.37045
-3.3705
-3.37024
-3.36968
-3.36943
-3.36948
-3.36923
-3.36929
-3.3695
-3.36956
-3.36947
-3.36953
-3.3696
-3.36922
-3.36899
-3.36891
-3.36884
-3.36847
-3.36825
-3.36804
-3.36783
-3.36792
-3.36787
-3.36782
-3.36778
-3.36789
-3.36816
-3.36782
-3.3681
-3.36808
-3.36821
-3.36835
-3.3682
-3.3682
-3.36851
-3.36867
-3.36884
-3.36902
-3.36905
-3.3694
-3.36945
-3.36981
-3.36987
-3.3698
-3.36988
-3.36997
-3.37022
-3.37003
-3.37015
-3.37013
-3.37057
-3.37056
-3.37026
-3.37012
-3.37045
-3.37078
-3.37081
-3.37085
-3.3712
-3.3714
-3.37191
-3.37228
-3.37249
-3.37301
-3.37368
-3.37404
-3.37411
-3.37432
-3.37453
-3.37458
-3.37478
-3.37512
-3.37531
-3.37564
-3.37627
-3.37658
-3.37658
-3.37672
-3.37731
-3.37728
-3.37754
-3.37779
-3.37803
-3.37811
-3.37833
-3.37824
-3.37829
-3.37818
-3.37821
-3.37793
-3.37809
-3.3781
-3.37795
-3.37794
-3.37808
-3.37821
-3.37803
-3.37786
-3.37752
-3.37718
-3.377
-3.37695
-3.37721
-3.37717
-3.37727
-3.37738
-3.37718
-3.37728
-3.37678
-3.37703
-3.37698
-3.37693
-3.37688
-3.37683
-3.37678
-3.37689
-3.37654
-3.37634
-3.37614
-3.37595
-3.37621
-3.37616
-3.37612
-3.37608
-3.37603
-3.37599
-3.37565
-3.37576
-3.37572
-3.37538
-3.37503
-3.37499
-3.37511
-3.37507
-3.37503
-3.37484
-3.3748
-3.37491
-3.37472
-3.37468
-3.37449
-3.37445
-3.37487
-3.37483
-3.37494
-3.3749
-3.37562
-3.37573
-3.37584
-3.37581
-3.37562
-3.37573
-3.37584
-3.37565
-3.37562
-3.37497
-3.37524
-3.37551
-3.37517
-3.37483
-3.37495
-3.37507
-3.37474
-3.37501
-3.37467
-3.3748
-3.37462
-3.37459
-3.37472
-3.37439
-3.37452
-3.3751
-3.37508
-3.37506
-3.37489
-3.37503
-3.37516
-3.37515
-3.37529
-3.37528
-3.37512
-3.37481
-3.37481
-3.37465
-3.37511
-3.37511
-3.37511
-3.37512
-3.37528
-3.37513
-3.37545
-3.37546
-3.37562
-3.37564
-3.37581
-3.37537
-3.37555
-3.37557
-3.37544
-3.37547
-3.37549
-3.37567
-3.37555
-3.37558
-3.37546
-3.37579
-3.37583
-3.37586
-3.37574
-3.37593
-3.37596
-3.37585
-3.37588
-3.37607
-3.37625
-3.37644
-3.37648
-3.37651
-3.37639
-3.37658
-3.37691
-3.3771
-3.37713
-3.37731
-3.37749
-3.37782
-3.378
-3.37818
-3.37835
-3.37808
-3.37795
-3.37781
-3.37798
-3.378
-3.37787
-3.37803
-3.3782
-3.37836
-3.37822
-3.37838
-3.37824
-3.37885
-3.37855
-3.3784
-3.3784
-3.37841
-3.37856
-3.37856
-3.37886
-3.37885
-3.3784
-3.37794
-3.37854
-3.37838
-3.37852
-3.37851
-3.37851
-3.3785
-3.37834
-3.37848
-3.37802
-3.37816
-3.3777
-3.37769
-3.37753
-3.37722
-3.37721
-3.37721
-3.3772
-3.3772
-3.37719
-3.37719
-3.37704
-3.37719
-3.37764
-3.37764
-3.37795
-3.3781
-3.37795
-3.37796
-3.37797
-3.37782
-3.37768
-3.37769
-3.3777
-3.37756
-3.37742
-3.37714
-3.37731
-3.37747
-3.37734
-3.37736
-3.37723
-3.3774
-3.37727
-3.37729
-3.37732
-3.37719
-3.37691
-3.37694
-3.37711
-3.37729
-3.37731
-3.37734
-3.37721
-3.37693
-3.37681
-3.37683
-3.37685
-3.37672
-3.37674
-3.37676
-3.37693
-3.3771
-3.37712
-3.37713
-3.37715
-3.37731
-3.37732
-3.37717
-3.37718
-3.37658
-3.37673
-3.37688
-3.37703
-3.37673
-3.37702
-3.37731
-3.37745
-3.37744
-3.37758
-3.37711
-3.37708
-3.37706
-3.37719
-3.37716
-3.37728
-3.3771
-3.37706
-3.37688
-3.37699
-3.3768
-3.37691
-3.37686
-3.37667
-3.37647
-3.37627
-3.37622
-3.37587
-3.37582
-3.37561
-3.37586
-3.37611
-3.37605
-3.37584
-3.37624
-3.37618
-3.37628
-3.37592
-3.37616
-3.37655
-3.37665
-3.37658
-3.37622
-3.37601
-3.3761
-3.37604
-3.37568
-3.37562
-3.37571
-3.37565
-3.37589
-3.37628
-3.37622
-3.37601
-3.3761
-3.37619
-3.37598
-3.37591
-3.37646
-3.37639
-3.37603
-3.37657
-3.37666
-3.37674
-3.37668
-3.37676
-3.37655
-3.37648
-3.37626
-3.37605
-3.37598
-3.37591
-3.37569
-3.37547
-3.37525
-3.37533
-3.37541
-3.3755
-3.37543
-3.37521
-3.37559
-3.37568
-3.37561
-3.37555
-3.37563
-3.37527
-3.37475
-3.37484
-3.37493
-3.37487
-3.37482
-3.37477
-3.37456
-3.37467
-3.37462
-3.37443
-3.37424
-3.37451
-3.37448
-3.37445
-3.37427
-3.3741
-3.37424
-3.37423
-3.37422
-3.37422
-3.37453
-3.37454
-3.3744
-3.37457
-3.37459
-3.37477
-3.37465
-3.37515
-3.37534
-3.37554
-3.3756
-3.3758
-3.37556
-3.37563
-3.37585
-3.37578
-3.37586
-3.37564
-3.37542
-3.37566
-3.3756
-3.3757
-3.37534
-3.37559
-3.37569
-3.37564
-3.37574
-3.37584
-3.37579
-3.37589
-3.37644
-3.37639
-3.37648
-3.37643
-3.37652
-3.3766
-3.37669
-3.37662
-3.37624
-3.37632
-3.37608
-3.3763
-3.37621
-3.37611
-3.37616
-3.37636
-3.37655
-3.37643
-3.37661
-3.37649
-3.37681
-3.37697
-3.37698
-3.37698
-3.37698
-3.37697
-3.37711
-3.37724
-3.37722
-3.37719
-3.37686
-3.37653
-3.37664
-3.37645
-3.37596
-3.37576
-3.37542
-3.37537
-3.37532
-3.37512
-3.37507
-3.37472
-3.37467
-3.37462
-3.37442
-3.37422
-3.37418
-3.37414
-3.37441
-3.37423
-3.3742
-3.37402
-3.37386
-3.37369
-3.37369
-3.37339
-3.3731
-3.37296
-3.37298
-3.37332
-3.37351
-3.37341
-3.37317
-3.37323
-3.37331
-3.37355
-3.37364
-3.37405
-3.37416
-3.37443
-3.37441
-3.37455
-3.37454
-3.37484
-3.37485
-3.375
-3.37547
-3.37594
-3.37611
-3.37613
-3.3763
-3.37662
-3.37648
-3.37695
-3.37681
-3.37712
-3.37727
-3.37742
-3.37741
-3.37724
-3.37752
-3.37794
-3.3779
-3.37799
-3.37809
-3.37862
-3.37899
-3.37921
-3.37926
-3.37946
-3.37949
-3.37937
-3.37969
-3.37955
-3.37985
-3.37954
-3.37953
-3.37936
-3.37934
-3.37961
-3.37987
-3.37998
-3.38008
-3.38018
-3.38028
-3.38098
-3.38107
-3.38115
-3.38063
-3.38041
-3.37989
-3.37966
-3.37974
-3.38011
-3.38003
-3.3801
-3.37987
-3.37994
-3.38001
-3.38008
-3.38015
-3.38007
-3.37999
-3.3799
-3.37982
-3.37974
-3.37966
-3.37927
-3.3795
-3.37957
-3.37979
-3.37971
-3.37948
-3.37925
-3.37903
-3.3788
-3.37872
-3.3788
-3.37873
-3.37865
-3.37858
-3.37836
-3.37829
-3.37837
-3.3783
-3.37823
-3.37847
-3.3781
-3.37803
-3.37782
-3.37776
-3.37739
-3.37718
-3.37712
-3.37691
-3.37685
-3.3771
-3.3772
-3.37714
-3.37709
-3.37719
-3.37699
-3.37709
-3.37735
-3.3776
-3.37771
-3.37782
-3.37778
-3.37744
-3.3777
-3.37797
-3.37778
-3.37745
-3.37757
-3.37754
-3.37751
-3.37733
-3.3773
-3.37743
-3.37711
-3.37709
-3.37722
-3.3772
-3.37749
-3.37732
-3.37701
-3.3773
-3.37714
-3.37728
-3.37712
-3.37726
-3.37726
-3.3771
-3.37725
-3.37724
-3.37739
-3.37753
-3.37738
-3.37723
-3.37753
-3.37783
-3.37797
-3.37797
-3.37781
-3.37811
-3.37811
-3.37765
-3.37764
-3.37764
-3.37748
-3.37717
-3.37731
-3.3776
-3.3779
-3.37819
-3.37833
-3.37802
-3.37816
-3.3783
-3.37798
-3.37782
-3.37781
-3.3781
-3.37809
-3.37792
-3.37791
-3.3776
-3.37759
-3.37713
-3.37682
-3.37697
-3.37681
-3.37681
-3.37665
-3.3765
-3.3765
-3.3762
-3.3753
-3.37562
-3.37578
-3.37564
-3.37535
-3.37522
-3.37508
-3.37495
-3.37483
-3.3747
-3.37488
-3.37522
-3.37525
-3.37514
-3.37503
-3.37492
-3.37496
-3.37516
-3.3752
-3.37525
-3.37561
-3.37581
-3.37556
-3.37547
-3.37537
-3.37543
-3.37534
-3.37555
-3.37576
-3.37597
-3.37618
-3.37594
-3.376
-3.37605
-3.37642
-3.37647
-3.37653
-3.37658
-3.37664
-3.37654
-3.37659
-3.37649
-3.37654
-3.37673
-3.37647
-3.37636
-3.37595
-3.37614
-3.37632
-3.37635
-3.37638
-3.37641
-3.37643
-3.3766
-3.37662
-3.37679
-3.37665
-3.37666
-3.37682
-3.37698
-3.37668
-3.37683
-3.37653
-3.37637
-3.37621
-3.37635
-3.37634
-3.37648
-3.37646
-3.37629
-3.37612
-3.37609
-3.37592
-3.37574
-3.37571
-3.37613
-3.37594
-3.37606
-3.37632
-3.37613
-3.37609
-3.37605
-3.37586
-3.37566
-3.37577
-3.37602
-3.37613
-3.37578
-3.37558
-3.37553
-3.37548
-3.37543
-3.37538
-3.37533
-3.37529
-3.37509
-3.37474
-3.3747
-3.37465
-3.37461
-3.37487
-3.37438
-3.37419
-3.37401
-3.37382
-3.37349
-3.37331
-3.37313
-3.37281
-3.37294
-3.37292
-3.37276
-3.3729
-3.37304
-3.37273
-3.37243
-3.37228
-3.37244
-3.3723
-3.37231
-3.37218
-3.37265
-3.37252
-3.3724
-3.37212
-3.372
-3.37219
-3.37223
-3.37242
-3.37231
-3.37236
-3.37256
-3.37261
-3.37297
-3.37332
-3.37323
-3.37359
-3.37365
-3.37371
-3.37407
-3.37428
-3.37419
-3.37455
-3.37446
-3.37453
-3.37459
-3.37434
-3.37425
-3.37446
-3.37437
-3.37458
-3.37493
-3.37499
-3.37488
-3.37493
-3.37498
-3.37548
-3.37537
-3.37526
-3.375
-3.37473
-3.37476
-3.37494
-3.37497
-3.3753
-3.37562
-3.37564
-3.37581
-3.37582
-3.37598
-3.37629
-3.37599
-3.37614
-3.37614
-3.37583
-3.37583
-3.37582
-3.37596
-3.37579
-3.37547
-3.3753
-3.37543
-3.3754
-3.37553
-3.37535
-3.37532
-3.37529
-3.3751
-3.37507
-3.37488
-3.37499
-3.37495
-3.37506
-3.37456
-3.37482
-3.37477
-3.37473
-3.37453
-3.37463
-3.37458
-3.37438
-3.37448
-3.37443
-3.37407
-3.37387
-3.37397
-3.37421
-3.37416
-3.37411
-3.37421
-3.3743
-3.37425
-3.37405
-3.37369
-3.37349
-3.37374
-3.37369
-3.37363
-3.37374
-3.37354
-3.37334
-3.37329
-3.37339
-3.37365
-3.3733
-3.37311
-3.37307
-3.37287
-3.37283
-3.37279
-3.3723
-3.37196
-3.37208
-3.37189
-3.37201
-3.37198
-3.3718
-3.37162
-3.37129
-3.37142
-3.37109
-3.37107
-3.3712
-3.37104
-3.37132
-3.37116
-3.371
-3.37099
-3.37113
-3.37098
-3.37082
-3.37082
-3.37083
-3.37083
-3.37099
-3.371
-3.37117
-3.37148
-3.37135
-3.37137
-3.37155
-3.37143
-3.37146
-3.37164
-3.37213
-3.37248
-3.37252
-3.37272
-3.37292
-3.37297
-3.37303
-3.37278
-3.37269
-3.37291
-3.37267
-3.37259
-3.37266
-3.37243
-3.3725
-3.37273
-3.37281
-3.37304
-3.37297
-3.37305
-3.37343
-3.37352
-3.37375
-3.37353
-3.37377
-3.3737
-3.37408
-3.37401
-3.37394
-3.37372
-3.37364
-3.37357
-3.37379
-3.37417
-3.37424
-3.37445
-3.37452
-3.37458
-3.37479
-3.37469
-3.37459
-3.37449
-3.37453
-3.37473
-3.37462
-3.3748
-3.37483
-3.37471
-3.37413
-3.37491
-3.37508
-3.37509
-3.37495
-3.37496
-3.37496
-3.37511
-3.37526
-3.37495
-3.37479
-3.37478
-3.37446
-3.37444
-3.37457
-3.37439
-3.37436
-3.37403
-3.374
-3.37412
-3.37423
-3.37419
-3.37385
-3.3738
-3.37391
-3.37371
-3.37351
-3.37331
-3.37371
-3.37351
-3.37345
-3.37294
-3.37304
-3.37283
-3.37277
-3.37286
-3.3728
-3.37319
-3.37312
-3.37261
-3.37239
-3.37278
-3.37272
-3.3728
-3.37274
-3.37267
-3.37276
-3.3724
-3.37248
-3.37242
-3.37251
-3.372
-3.37179
-3.37173
-3.37197
-3.37207
-3.37216
-3.37211
-3.37176
-3.37155
-3.37166
-3.37176
-3.37172
-3.37122
-3.37103
-3.37084
-3.37096
-3.37107
-3.37104
-3.37101
-3.37083
-3.37081
-3.37094
-3.37122
-3.37105
-3.37088
-3.37072
-3.37086
-3.37025
-3.37009
-3.36994
-3.37009
-3.37024
-3.36994
-3.36979
-3.36995
-3.3698
-3.36981
-3.36982
-3.36984
-3.3697
-3.36941
-3.36928
-3.3693
-3.36932
-3.36918
-3.36951
-3.36953
-3.36925
-3.36927
-3.36899
-3.36932
-3.36934
-3.36982
-3.36984
-3.36987
-3.36989
-3.36991
-3.36979
-3.36996
-3.37014
-3.37001
-3.36988
-3.36976
-3.36963
-3.36966
-3.36923
-3.36955
-3.36973
-3.3696
-3.36993
-3.3701
-3.37028
-3.3706
-3.37063
-3.37065
-3.37068
-3.3707
-3.37012
-3.3703
-3.37017
-3.37005
-3.37053
-3.3704
-3.37058
-3.37045
-3.37048
-3.37051
-3.37114
-3.37116
-3.37104
-3.37107
-3.37109
-3.37112
-3.3713
-3.37148
-3.37166
-3.37168
-3.37186
-3.37158
-3.37131
-3.37103
-3.37121
-3.37138
-3.37126
-3.37113
-3.371
-3.37103
-3.3712
-3.37122
-3.37109
-3.37126
-3.37128
-3.37145
-3.37162
-3.37164
-3.37196
-3.37198
-3.37184
-3.37216
-3.37218
-3.3725
-3.37266
-3.37268
-3.37284
-3.37271
-3.37272
-3.37273
-3.37259
-3.37291
-3.37292
-3.37293
-3.37279
-3.37281
-3.37251
-3.37253
-3.37254
-3.37285
-3.37286
-3.37317
-3.37303
-3.37335
-3.37336
-3.37337
-3.37338
-3.37354
-3.37385
-3.37371
-3.37387
-3.37388
-3.37404
-3.3745
-3.37435
-3.37436
-3.37422
-3.37423
-3.37439
-3.37409
-3.37455
-3.37455
-3.37456
-3.37426
-3.37426
-3.37456
-3.37457
-3.37472
-3.37472
-3.37502
-3.37487
-3.37501
-3.37471
-3.37455
-3.37455
-3.37454
-3.37438
-3.37423
-3.37422
-3.37406
-3.37405
-3.37404
-3.37418
-3.37401
-3.3743
-3.37429
-3.37427
-3.37426
-3.37439
-3.37437
-3.37405
-3.37404
-3.37387
-3.37369
-3.37383
-3.37396
-3.37378
-3.37391
-3.37419
-3.37432
-3.3743
-3.37382
-3.37395
-3.37392
-3.37375
-3.37387
-3.37385
-3.37382
-3.37379
-3.37391
-3.37449
-3.37431
-3.37428
-3.37395
-3.37407
-3.37419
-3.37401
-3.37383
-3.3741
-3.37407
-3.37388
-3.37355
-3.37336
-3.37348
-3.37359
-3.37371
-3.37367
-3.37379
-3.3739
-3.37402
-3.37398
-3.37349
-3.37345
-3.37296
-3.37323
-3.37334
-3.37316
-3.37282
-3.37308
-3.3732
-3.37316
-3.37297
-3.37309
-3.3729
-3.37287
-3.37299
-3.37326
-3.37322
-3.37334
-3.37331
-3.37328
-3.3734
-3.37322
-3.3732
-3.37347
-3.37345
-3.37357
-3.37355
-3.37353
-3.37366
-3.37364
-3.37362
-3.37345
-3.37328
-3.37311
-3.3731
-3.37308
-3.37322
-3.37336
-3.37335
-3.37319
-3.37348
-3.37287
-3.37286
-3.3727
-3.37269
-3.37269
-3.37268
-3.37283
-3.37267
-3.37267
-3.37282
-3.37312
-3.37282
-3.37282
-3.37267
-3.37237
-3.37237
-3.37222
-3.37238
-3.37223
-3.37194
-3.37194
-3.3718
-3.37181
-3.37167
-3.37169
-3.37155
-3.37142
-3.37143
-3.3713
-3.37117
-3.37105
-3.37107
-3.3711
-3.37113
-3.37131
-3.3715
-3.37138
-3.37157
-3.37161
-3.37135
-3.37154
-3.37144
-3.37164
-3.37169
-3.37189
-3.37195
-3.37215
-3.37221
-3.37227
-3.37218
-3.37194
-3.37201
-3.37193
-3.37215
-3.37267
-3.37274
-3.37296
-3.37289
-3.37281
-3.37258
-3.37281
-3.37304
-3.37296
-3.37289
-3.37296
-3.37304
-3.37312
-3.37304
-3.37312
-3.37319
-3.37311
-3.37288
-3.3731
-3.37333
-3.37339
-3.37331
-3.37383
-3.37374
-3.37395
-3.37385
-3.37406
-3.37426
-3.37416
-3.37406
-3.3741
-3.37429
-3.37433
-3.37436
-3.37454
-3.37442
-3.37429
-3.37431
-3.37448
-3.37434
-3.37435
-3.37421
-3.37467
-3.37482
-3.37497
-3.37481
-3.3751
-3.37509
-3.37507
-3.37521
-3.37534
-3.37546
-3.37498
-3.37495
-3.37507
-3.37503
-3.37514
-3.3751
-3.37491
-3.37531
-3.37541
-3.37612
-3.37622
-3.37616
-3.37611
-3.3762
-3.37629
-3.37638
-3.37632
-3.37656
-3.37649
-3.37658
-3.37652
-3.37645
-3.37623
-3.37617
-3.37595
-3.37574
-3.37567
-3.37561
-3.37554
-3.37579
-3.37588
-3.37552
-3.37546
-3.37525
-3.37535
-3.37545
-3.37555
-3.3755
-3.3753
-3.37526
-3.37521
-3.37517
-3.37483
-3.37479
-3.37446
-3.37412
-3.37424
-3.37436
-3.37418
-3.37431
-3.37428
-3.37426
-3.37424
-3.37436
-3.37419
-3.37402
-3.37385
-3.37383
-3.37396
-3.37409
-3.37392
-3.3736
-3.37343
-3.37341
-3.37339
-3.37337
-3.3735
-3.37317
-3.37315
-3.37297
-3.3728
-3.37232
-3.37244
-3.37211
-3.37208
-3.37221
-3.37202
-3.37184
-3.37196
-3.37192
-3.37173
-3.37185
-3.37151
-3.37162
-3.37143
-3.37154
-3.37195
-3.37206
-3.37187
-3.37168
-3.37179
-3.3719
-3.37201
-3.37181
-3.37177
-3.37127
-3.37138
-3.37149
-3.37145
-3.37126
-3.37137
-3.37133
-3.37114
-3.37126
-3.37092
-3.37089
-3.371
-3.37097
-3.37094
-3.37091
-3.37073
-3.37056
-3.37053
-3.37036
-3.37049
-3.37047
-3.37046
-3.37045
-3.37059
-3.37088
-3.37087
-3.37087
-3.37071
-3.37041
-3.37057
-3.37042
-3.37088
-3.37105
-3.37091
-3.37092
-3.37124
-3.37096
-3.37129
-3.37116
-3.37104
-3.37107
-3.37096
-3.37114
-3.37118
-3.37122
-3.37127
-3.37116
-3.37106
-3.37096
-3.37101
-3.37091
-3.37082
-3.37103
-3.37109
-3.3713
-3.37136
-3.37158
-3.37179
-3.37201
-3.37178
-3.37169
-3.37161
-3.37138
-3.37145
-3.37152
-3.3716
-3.37182
-3.37174
-3.37181
-3.37173
-3.3721
-3.37217
-3.37179
-3.37231
-3.37238
-3.3726
-3.37191
-3.37182
-3.37204
-3.3718
-3.37216
-3.37207
-3.37167
-3.37158
-3.37148
-3.37139
-3.37144
-3.37179
-3.37184
-3.37174
-3.37209
-3.37213
-3.37218
-3.37267
-3.37257
-3.37261
-3.3725
-3.37254
-3.37258
-3.37292
-3.37295
-3.37329
-3.37333
-3.37321
-3.3731
-3.37298
-3.37301
-3.37289
-3.37293
-3.37266
-3.37284
-3.37287
-3.37245
-3.37248
-3.37251
-3.37269
-3.37302
-3.37304
-3.37322
-3.37309
-3.37342
-3.37389
-3.37376
-3.37363
-3.37349
-3.37381
-3.37352
-3.37353
-3.37369
-3.374
-3.374
-3.374
-3.37415
-3.37415
-3.37429
-3.37367
-3.37381
-3.37364
-3.37332
-3.3733
-3.37297
-3.37309
-3.37321
-3.37317
-3.37313
-3.37308
-3.37334
-3.37359
-3.37339
-3.37363
-3.37358
-3.37367
-3.3736
-3.37354
-3.37377
-3.3734
-3.37318
-3.37311
-3.37333
-3.37311
-3.37303
-3.37311
-3.37318
-3.3731
-3.37287
-3.37264
-3.37256
-3.37249
-3.37226
-3.37218
-3.37211
-3.37204
-3.37211
-3.37189
-3.37167
-3.37145
-3.37139
-3.37133
-3.37127
-3.37091
-3.3707
-3.37065
-3.37029
-3.3701
-3.3705
-3.37046
-3.37042
-3.37038
-3.37065
-3.37061
-3.37058
-3.37025
-3.37008
-3.37005
-3.37003
-3.37001
-3.37
-3.37028
-3.37057
-3.37072
-3.37056
-3.37055
-3.37039
-3.37054
-3.37054
-3.37053
-3.37053
-3.37023
-3.37008
-3.37039
-3.37069
-3.37055
-3.3707
-3.37086
-3.37101
-3.37132
-3.37148
-3.37179
-3.37164
-3.3718
-3.37181
-3.37181
-3.37212
-3.37228
-3.37184
-3.37169
-3.37185
-3.37201
-3.37203
-3.37219
-3.37235
-3.37237
-3.37269
-3.37255
-3.37257
-3.37275
-3.37292
-3.37234
-3.37222
-3.3721
-3.37153
-3.37187
-3.37176
-3.3712
-3.3711
-3.3713
-3.37165
-3.37216
-3.37207
-3.37213
-3.37219
-3.3724
-3.37247
-3.37254
-3.37245
-3.37252
-3.37214
-3.37221
-3.37258
-3.37265
-3.37272
-3.37294
-3.373
-3.37322
-3.37373
-3.37394
-3.37385
-3.37359
-3.37349
-3.37338
-3.37342
-3.3736
-3.37363
-3.3735
-3.37352
-3.37384
-3.37385
-3.37385
-3.37401
-3.3737
-3.37414
-3.37413
-3.37472
-3.3744
-3.37437
-3.3745
-3.37447
-3.37428
-3.37394
-3.3739
-3.37386
-3.37382
-3.37377
-3.37357
-3.37352
-3.37347
-3.37357
-3.37337
-3.37346
-3.37326
-3.37335
-3.37345
-3.37354
-3.37394
-3.37388
-3.37382
-3.37346
-3.37356
-3.37335
-3.37329
-3.37353
-3.37316
-3.3731
-3.37244
-3.37283
-3.37277
-3.37256
-3.37264
-3.37304
-3.37267
-3.37306
-3.37315
-3.37323
-3.37347
-3.37356
-3.37364
-3.37327
-3.37321
-3.37314
-3.37308
-3.37301
-3.37294
-3.37318
-3.37296
-3.3729
-3.37298
-3.37307
-3.37361
-3.37355
-3.37364
-3.37343
-3.37337
-3.37361
-3.37356
-3.3735
-3.3733
-3.37295
-3.37275
-3.3727
-3.37266
-3.37292
-3.37304
-3.373
-3.37327
-3.3737
-3.37352
-3.37335
-3.37333
-3.37317
-3.37301
-3.37285
-3.37285
-3.37285
-3.37331
-3.37317
-3.37333
-3.3732
-3.37307
-3.37325
-3.37343
-3.37361
-3.37365
-3.37354
-3.37344
-3.37333
-3.37369
-3.37374
-3.37425
-3.37431
-3.37453
-3.3749
-3.37542
-3.37534
-3.37527
-3.37549
-3.37557
-3.37565
-3.37588
-3.37597
-3.3759
-3.37568
-3.37561
-3.37585
-3.37548
-3.37526
-3.3755
-3.37589
-3.37552
-3.37545
-3.37583
-3.37576
-3.37509
-3.37517
-3.3751
-3.37517
-3.3754
-3.37547
-3.37539
-3.3753
-3.37552
-3.37558
-3.37534
-3.37539
-3.3756
-3.3758
-3.37585
-3.3759
-3.37609
-3.37613
-3.37647
-3.3762
-3.37639
-3.37627
-3.37645
-3.37647
-3.37634
-3.37652
-3.37653
-3.37655
-3.37642
-3.37613
-3.37614
-3.3763
-3.37646
-3.37647
-3.37678
-3.37694
-3.37709
-3.37725
-3.37756
-3.37726
-3.37711
-3.37712
-3.37712
-3.37728
-3.37744
-3.37729
-3.37715
-3.37685
-3.37716
-3.37702
-3.37704
-3.37705
-3.37706
-3.37707
-3.37709
-3.37726
-3.37698
-3.37715
-3.37717
-3.37765
-3.37752
-3.3777
-3.37757
-3.3776
-3.37763
-3.37781
-3.37768
-3.37772
-3.3779
-3.37778
-3.37796
-3.37784
-3.37758
-3.37731
-3.37719
-3.37707
-3.3768
-3.37699
-3.37687
-3.3769
-3.37648
-3.37621
-3.37639
-3.37627
-3.3763
-3.37603
-3.3762
-3.37563
-3.37565
-3.37522
-3.37479
-3.37496
-3.37529
-3.37546
-3.37563
-3.37549
-3.37536
-3.37537
-3.37523
-3.37525
-3.37556
-3.37603
-3.37619
-3.37635
-3.37621
-3.37622
-3.37623
-3.37608
-3.37624
-3.37624
-3.3761
-3.37595
-3.37581
-3.37566
-3.37581
-3.37597
-3.37597
-3.37612
-3.37613
-3.37597
-3.37537
-3.37552
-3.37552
-3.37552
-3.37522
-3.37491
-3.37461
-3.37445
-3.3746
-3.37414
-3.37443
-3.37427
-3.37396
-3.3738
-3.37394
-3.37347
-3.37346
-3.3736
-3.37343
-3.37326
-3.37324
-3.37322
-3.37335
-3.37318
-3.37331
-3.37328
-3.37356
-3.37369
-3.37366
-3.37378
-3.37375
-3.37357
-3.37338
-3.37365
-3.37362
-3.37358
-3.3737
-3.37366
-3.37362
-3.37343
-3.37324
-3.3732
-3.37346
-3.37372
-3.37353
-3.37364
-3.37329
-3.37325
-3.3729
-3.37271
-3.37281
-3.37277
-3.37272
-3.37283
-3.37264
-3.37274
-3.37255
-3.3725
-3.37231
-3.37196
-3.37222
-3.37233
-3.37229
-3.37225
-3.37236
-3.37216
-3.37243
-3.37239
-3.37265
-3.37262
-3.37273
-3.37285
-3.37251
-3.37263
-3.37229
-3.37226
-3.37208
-3.37205
-3.37157
-3.37184
-3.37197
-3.37194
-3.37192
-3.3722
-3.37188
-3.37201
-3.37199
-3.37182
-3.37196
-3.37194
-3.37178
-3.37206
-3.37175
-3.37159
-3.37158
-3.37202
-3.37216
-3.372
-3.37185
-3.37184
-3.37138
-3.37107
-3.37122
-3.37121
-3.37121
-3.37105
-3.3709
-3.37135
-3.37119
-3.37118
-3.37103
-3.37118
-3.37117
-3.37132
-3.37161
-3.37131
-3.3713
-3.37114
-3.37129
-3.37098
-3.37097
-3.37112
-3.37126
-3.37111
-3.3711
-3.37139
-3.37124
-3.37168
-3.37183
-3.37182
-3.37196
-3.37196
-3.3721
-3.37225
-3.37209
-3.37239
-3.37254
-3.37253
-3.37253
-3.37223
-3.37237
-3.37237
-3.37283
-3.37283
-3.37283
-3.37283
-3.37284
-3.37314
-3.3733
-3.37315
-3.37346
-3.37347
-3.37363
-3.37364
-3.3735
-3.37337
-3.37368
-3.3737
-3.37356
-3.37328
-3.37299
-3.37286
-3.37288
-3.37259
-3.37246
-3.37279
-3.37281
-3.37298
-3.37315
-3.37302
-3.37259
-3.37276
-3.37248
-3.37235
-3.37237
-3.37254
-3.37271
-3.37303
-3.37305
-3.37306
-3.37293
-3.37294
-3.37325
-3.37342
-3.37342
-3.37358
-3.37344
-3.37344
-3.37314
-3.37329
-3.37329
-3.37328
-3.37343
-3.37342
-3.37341
-3.37324
-3.37323
-3.37336
-3.37334
-3.37316
-3.37298
-3.3728
-3.37277
-3.37243
-3.37255
-3.37251
-3.37171
-3.37151
-3.37131
-3.37126
-3.37106
-3.371
-3.37094
-3.37088
-3.37082
-3.3703
-3.37024
-3.37002
-3.3698
-3.36972
-3.3698
-3.36972
-3.36965
-3.36957
-3.36918
-3.36925
-3.36917
-3.36909
-3.3687
-3.36862
-3.36839
-3.3683
-3.36822
-3.36814
-3.36821
-3.36798
-3.36775
-3.36782
-3.36789
-3.36812
-3.36835
-3.36828
-3.36837
-3.36815
-3.36809
-3.36758
-3.36783
-3.36763
-3.36758
-3.36769
-3.3675
-3.36747
-3.36744
-3.36712
-3.36725
-3.36724
-3.36708
-3.36723
-3.36677
-3.36678
-3.36664
-3.36666
-3.36668
-3.36656
-3.36675
-3.36663
-3.36637
-3.36672
-3.36662
-3.36713
-3.36719
-3.36711
-3.36733
-3.3677
-3.36808
-3.36816
-3.36839
-3.36848
-3.36871
-3.3685
-3.36875
-3.36884
-3.36894
-3.36918
-3.36928
-3.36938
-3.36979
-3.37004
-3.3703
-3.37055
-3.37036
-3.37031
-3.37027
-3.37038
-3.37034
-3.37014
-3.3701
-3.37022
-3.37033
-3.3706
-3.37071
-3.37053
-3.37065
-3.37092
-3.37074
-3.37056
-3.37068
-3.37066
-3.37109
-3.37107
-3.3712
-3.37148
-3.37222
-3.37236
-3.3725
-3.37279
-3.37308
-3.37337
-3.37336
-3.37366
-3.37395
-3.3744
-3.37484
-3.37469
-3.37483
-3.37497
-3.37511
-3.3751
-3.37538
-3.37521
-3.37534
-3.37516
-3.37544
-3.3757
-3.37597
-3.37592
-3.37587
-3.37612
-3.3762
-3.37629
-3.37666
-3.37628
-3.37634
-3.37639
-3.37659
-3.37663
-3.37681
-3.37683
-3.37715
-3.37716
-3.37716
-3.37715
-3.37728
-3.37711
-3.37723
-3.3772
-3.37701
-3.37681
-3.3766
-3.3767
-3.37678
-3.37702
-3.37709
-3.37702
-3.37648
-3.37624
-3.37646
-3.37651
-3.37657
-3.37632
-3.37607
-3.37566
-3.37556
-3.37545
-3.37519
-3.37524
-3.37513
-3.37472
-3.37431
-3.3742
-3.37409
-3.37398
-3.37342
-3.37346
-3.37336
-3.3731
-3.37315
-3.3729
-3.37265
-3.37285
-3.37291
-3.37296
-3.37302
-3.37263
-3.3724
-3.37231
-3.37238
-3.37215
-3.37162
-3.37139
-3.37132
-3.3711
-3.37119
-3.37112
-3.37121
-3.37115
-3.37125
-3.37135
-3.37145
-3.3714
-3.37165
-3.37176
-3.37202
-3.37214
-3.37195
-3.37191
-3.37188
-3.3717
-3.37138
-3.37135
-3.37133
-3.37161
-3.37159
-3.37157
-3.37156
-3.3717
-3.37184
-3.37167
-3.37152
-3.37196
-3.37211
-3.37211
-3.37226
-3.37226
-3.37241
-3.37257
-3.37258
-3.37304
-3.3729
-3.37306
-3.37307
-3.37309
-3.37325
-3.37312
-3.37299
-3.37316
-3.37333
-3.37351
-3.37323
-3.3731
-3.37298
-3.37316
-3.37289
-3.37307
-3.3734
-3.37374
-3.37438
-3.37487
-3.37475
-3.37449
-3.37467
-3.37471
-3.37475
-3.37463
-3.37467
-3.37501
-3.37505
-3.37509
-3.37482
-3.37486
-3.37519
-3.37523
-3.37511
-3.37469
-3.37472
-3.3746
-3.37463
-3.37511
-3.37498
-3.37485
-3.37472
-3.37474
-3.37476
-3.37492
-3.37493
-3.37525
-3.3754
-3.37526
-3.37526
-3.37556
-3.37556
-3.3757
-3.37569
-3.37583
-3.37566
-3.37565
-3.37578
-3.37575
-3.37543
-3.37525
-3.37537
-3.37488
-3.375
-3.37496
-3.37462
-3.37457
-3.37453
-3.37433
-3.37382
-3.37392
-3.37402
-3.37412
-3.37375
-3.37339
-3.37363
-3.37402
-3.37396
-3.37404
-3.37397
-3.37391
-3.37368
-3.37422
-3.37384
-3.37407
-3.37415
-3.37423
-3.37431
-3.37468
-3.37461
-3.37423
-3.37416
-3.37424
-3.37416
-3.37424
-3.37417
-3.37394
-3.37403
-3.37411
-3.37389
-3.37382
-3.37345
-3.37339
-3.37333
-3.37327
-3.37306
-3.3727
-3.37219
-3.37214
-3.37194
-3.37158
-3.37154
-3.37149
-3.3716
-3.37186
-3.37167
-3.37164
-3.37145
-3.37142
-3.37139
-3.37121
-3.37119
-3.37116
-3.37099
-3.37066
-3.3708
-3.37093
-3.37106
-3.3712
-3.37118
-3.37087
-3.37116
-3.37115
-3.37099
-3.37083
-3.37082
-3.37051
-3.37065
-3.37064
-3.37048
-3.37063
-3.37047
-3.37046
-3.37046
-3.37075
-3.3709
-3.37135
-3.37104
-3.37118
-3.37133
-3.37117
-3.37132
-3.37146
-3.37161
-3.3716
-3.3716
-3.37159
-3.37158
-3.37173
-3.37187
-3.37202
-3.37216
-3.3723
-3.37215
-3.37199
-3.37183
-3.37167
-3.37167
-3.37181
-3.37196
-3.37255
-3.373
-3.37285
-3.37284
-3.37268
-3.37253
-3.37252
-3.37237
-3.37267
-3.37221
-3.37221
-3.37236
-3.37236
-3.37251
-3.37236
-3.37252
-3.37222
-3.37192
-3.37192
-3.37178
-3.37179
-3.37179
-3.3718
-3.37197
-3.37228
-3.37229
-3.37216
-3.37217
-3.37249
-3.37266
-3.37238
-3.3721
-3.37227
-3.37245
-3.37247
-3.3725
-3.37268
-3.37286
-3.37289
-3.37338
-3.37342
-3.37391
-3.37379
-3.37353
-3.37342
-3.37347
-3.37336
-3.37371
-3.37375
-3.3738
-3.37416
-3.37406
-3.37441
-3.37447
-3.37468
-3.37488
-3.37494
-3.375
-3.37521
-3.37512
-3.37503
-3.37524
-3.375
-3.37491
-3.37467
-3.37474
-3.37495
-3.37501
-3.37522
-3.37513
-3.37534
-3.37555
-3.37576
-3.37596
-3.37602
-3.37607
-3.37673
-3.37662
-3.37667
-3.37672
-3.37661
-3.37635
-3.37639
-3.37643
-3.37617
-3.37635
-3.37639
-3.37672
-3.37645
-3.37633
-3.37621
-3.37624
-3.37642
-3.37629
-3.37677
-3.37695
-3.37697
-3.377
-3.37717
-3.37705
-3.37707
-3.3771
-3.37713
-3.37685
-3.37688
-3.37691
-3.37694
-3.37697
-3.377
-3.37734
-3.37752
-3.37756
-3.37744
-3.37733
-3.37691
-3.37649
-3.37653
-3.37657
-3.3766
-3.37664
-3.37667
-3.37656
-3.37659
-3.37647
-3.3759
-3.37593
-3.37611
-3.37644
-3.37662
-3.37664
-3.37696
-3.37683
-3.37684
-3.37686
-3.37686
-3.37687
-3.37657
-3.37672
-3.37672
-3.37595
-3.37594
-3.37578
-3.37561
-3.37544
-3.37556
-3.37433
-3.37445
-3.37441
-3.37423
-3.37419
-3.37385
-3.3738
-3.37376
-3.37371
-3.37366
-3.37392
-3.37387
-3.37367
-3.37362
-3.37357
-3.37368
-3.37378
-3.37374
-3.3737
-3.37381
-3.37348
-3.37345
-3.37358
-3.37356
-3.37355
-3.37354
-3.37354
-3.3737
-3.37386
-3.37373
-3.37361
-3.37381
-3.37416
-3.37422
-3.37429
-3.37407
-3.37446
-3.37425
-3.37436
-3.37448
-3.37476
-3.37489
-3.37504
-3.37503
-3.3758
-3.37581
-3.37612
-3.3766
-3.37662
-3.37679
-3.37727
-3.37744
-3.37746
-3.37762
-3.37794
-3.37809
-3.37809
-3.37808
-3.37836
-3.37893
-3.37889
-3.37899
-3.37893
-3.37885
-3.37922
-3.37957
-3.37945
-3.37993
-3.38009
-3.38009
-3.38007
-3.38004
-3.3806
-3.38025
-3.38018
-3.38011
-3.38018
-3.38008
-3.38028
-3.38017
-3.37975
-3.37947
-3.37919
-3.3792
-3.37891
-3.37876
-3.37846
-3.37876
-3.37861
-3.37815
-3.37829
-3.37813
-3.37812
-3.37781
-3.37765
-3.37764
-3.37748
-3.37717
-3.37716
-3.37655
-3.37685
-3.37655
-3.3764
-3.37655
-3.3761
-3.37581
-3.37597
-3.37568
-3.37554
-3.37571
-3.37558
-3.37546
-3.37563
-3.37536
-3.37524
-3.37513
-3.37502
-3.37491
-3.3748
-3.3747
-3.37445
-3.3742
-3.37411
-3.37402
-3.37393
-3.37415
-3.37407
-3.37399
-3.37392
-3.37339
-3.37317
-3.37295
-3.37304
-3.37283
-3.37247
-3.37256
-3.37266
-3.37276
-3.37287
-3.37328
-3.37324
-3.37305
-3.37301
-3.37313
-3.37295
-3.37292
-3.37275
-3.37288
-3.37256
-3.37285
-3.37254
-3.37268
-3.37252
-3.37283
-3.37268
-3.37238
-3.37239
-3.3724
-3.37242
-3.37244
-3.37246
-3.37264
-3.37282
-3.3727
-3.37274
-3.37248
-3.37222
-3.37211
-3.37201
-3.37191
-3.37167
-3.37158
-3.37195
-3.37201
-3.37208
-3.372
-3.37208
-3.37261
-3.3727
-3.37248
-3.37272
-3.37296
-3.37305
-3.3733
-3.37339
-3.37349
-3.37359
-3.374
-3.37395
-3.37375
-3.37386
-3.37397
-3.37393
-3.37404
-3.37415
-3.37411
-3.37422
-3.37418
-3.37429
-3.37425
-3.37451
-3.37462
-3.37487
-3.37483
-3.37524
-3.37519
-3.37514
-3.37539
-3.37564
-3.37528
-3.37522
-3.37547
-3.3754
-3.37564
-3.37542
-3.37549
-3.37527
-3.37519
-3.37525
-3.37516
-3.37522
-3.37573
-3.37579
-3.37599
-3.37558
-3.37577
-3.3758
-3.37614
-3.37571
-3.37544
-3.37561
-3.37592
-3.37594
-3.3761
-3.3758
-3.37565
-3.37549
-3.37549
-3.37563
-3.37546
-3.37544
-3.37542
-3.3757
-3.37552
-3.37565
-3.37561
-3.37588
-3.37584
-3.37595
-3.37606
-3.37617
-3.37627
-3.37637
-3.37632
-3.37627
-3.37637
-3.37631
-3.3761
-3.37604
-3.37628
-3.37622
-3.37661
-3.3764
-3.37633
-3.37626
-3.37604
-3.37597
-3.3759
-3.37598
-3.37621
-3.37644
-3.37637
-3.37614
-3.37606
-3.37599
-3.37591
-3.37568
-3.37575
-3.37568
-3.37544
-3.37536
-3.37558
-3.37535
-3.37557
-3.37549
-3.37525
-3.37502
-3.37494
-3.37516
-3.37553
-3.37544
-3.37536
-3.37528
-3.3752
-3.37527
-3.37534
-3.3751
-3.37502
-3.37479
-3.37502
-3.37494
-3.37456
-3.37449
-3.37427
-3.37434
-3.37427
-3.37436
-3.37429
-3.37392
-3.37341
-3.37335
-3.37329
-3.37323
-3.37303
-3.37312
-3.37292
-3.37273
-3.37253
-3.37234
-3.37231
-3.37212
-3.37209
-3.37206
-3.37204
-3.37202
-3.37185
-3.37199
-3.37183
-3.37182
-3.37197
-3.37182
-3.37182
-3.37198
-3.37214
-3.37246
-3.37233
-3.37235
-3.37208
-3.37226
-3.37214
-3.37203
-3.37222
-3.37226
-3.37231
-3.37251
-3.37242
-3.37217
-3.37253
-3.3726
-3.37236
-3.37228
-3.3725
-3.37227
-3.3722
-3.37243
-3.37296
-3.3729
-3.37298
-3.37337
-3.37346
-3.374
-3.37409
-3.37434
-3.37413
-3.37422
-3.37432
-3.37441
-3.37391
-3.37385
-3.3741
-3.37435
-3.3746
-3.37469
-3.37479
-3.37473
-3.37468
-3.37492
-3.37517
-3.37541
-3.3755
-3.37559
-3.37583
-3.37576
-3.37585
-3.37608
-3.37646
-3.37669
-3.37662
-3.37609
-3.37616
-3.37638
-3.3766
-3.37712
-3.37718
-3.37724
-3.37699
-3.37704
-3.37709
-3.37729
-3.37703
-3.37707
-3.37711
-3.37729
-3.37733
-3.37751
-3.37753
-3.37755
-3.37772
-3.37789
-3.37805
-3.37776
-3.37747
-3.37747
-3.37732
-3.37717
-3.37731
-3.377
-3.37714
-3.37683
-3.37681
-3.37679
-3.37692
-3.37689
-3.37732
-3.37729
-3.37771
-3.37752
-3.37748
-3.37744
-3.3774
-3.37705
-3.37685
-3.3765
-3.3766
-3.3767
-3.37679
-3.37688
-3.37682
-3.37691
-3.37685
-3.37678
-3.37672
-3.3768
-3.37658
-3.37636
-3.37644
-3.37637
-3.37629
-3.37637
-3.376
-3.37592
-3.37615
-3.37623
-3.376
-3.37608
-3.37601
-3.37594
-3.37572
-3.3752
-3.37513
-3.37491
-3.37469
-3.37493
-3.37457
-3.37466
-3.37461
-3.37485
-3.37495
-3.3746
-3.37441
-3.37451
-3.37447
-3.37459
-3.37471
-3.37452
-3.37465
-3.37477
-3.3743
-3.37428
-3.37411
-3.37395
-3.37409
-3.37393
-3.37393
-3.37393
-3.37378
-3.37378
-3.37394
-3.37395
-3.37381
-3.37367
-3.37384
-3.37325
-3.37327
-3.37329
-3.37331
-3.37348
-3.37351
-3.37384
-3.37341
-3.37359
-3.37332
-3.37335
-3.37323
-3.37341
-3.3736
-3.37378
-3.37382
-3.37385
-3.37343
-3.37347
-3.3735
-3.37354
-3.37357
-3.37346
-3.3735
-3.37354
-3.37342
-3.37376
-3.3738
-3.37415
-3.37418
-3.37407
-3.37396
-3.37415
-3.3742
-3.37439
-3.37428
-3.37417
-3.37391
-3.3741
-3.37444
-3.37433
-3.37422
-3.37456
-3.3746
-3.37464
-3.37483
-3.37472
-3.3746
-3.37479
-3.37467
-3.37456
-3.37459
-3.37492
-3.37495
-3.37513
-3.37516
-3.37504
-3.37521
-3.37539
-3.37556
-3.37513
-3.37545
-3.37577
-3.37548
-3.37504
-3.37445
-3.37431
-3.37432
-3.37447
-3.37448
-3.37418
-3.37418
-3.37418
-3.37402
-3.37402
-3.37401
-3.3737
-3.37369
-3.37353
-3.37367
-3.37366
-3.37364
-3.37332
-3.3733
-3.37343
-3.37372
-3.37384
-3.37382
-3.3738
-3.37408
-3.37435
-3.37418
-3.37415
-3.37397
-3.37379
-3.37376
-3.37389
-3.37401
-3.37398
-3.37365
-3.37348
-3.37345
-3.37327
-3.37325
-3.37352
-3.3735
-3.37347
-3.37315
-3.37313
-3.37311
-3.37279
-3.37292
-3.37321
-3.37304
-3.37303
-3.37302
-3.37316
-3.373
-3.37314
-3.37329
-3.37343
-3.37313
-3.37283
-3.37268
-3.37268
-3.37238
-3.37209
-3.37149
-3.3712
-3.37121
-3.37152
-3.37108
-3.37094
-3.37111
-3.37128
-3.3713
-3.37162
-3.37134
-3.3709
-3.37123
-3.37095
-3.37128
-3.371
-3.37133
-3.3715
-3.37153
-3.37186
-3.37188
-3.37206
-3.37208
-3.37181
-3.37198
-3.37201
-3.37203
-3.37176
-3.37193
-3.37226
-3.37198
-3.37185
-3.37187
-3.37189
-3.37206
-3.37222
-3.37224
-3.37225
-3.37211
-3.37228
-3.37244
-3.37214
-3.3723
-3.3723
-3.372
-3.37215
-3.37215
-3.37244
-3.37214
-3.37183
-3.37136
-3.37105
-3.37103
-3.37102
-3.371
-3.37128
-3.37156
-3.37229
-3.37242
-3.37239
-3.37252
-3.37249
-3.37261
-3.37257
-3.37254
-3.37251
-3.37232
-3.37243
-3.3727
-3.37251
-3.37262
-3.37243
-3.37224
-3.37205
-3.37202
-3.37198
-3.37194
-3.3716
-3.37172
-3.37168
-3.37165
-3.37177
-3.37158
-3.37156
-3.37153
-3.37166
-3.37148
-3.37131
-3.37175
-3.37188
-3.37187
-3.37171
-3.37186
-3.37155
-3.3717
-3.37155
-3.37141
-3.37142
-3.37128
-3.3716
-3.37147
-3.37149
-3.37167
-3.37185
-3.37188
-3.37177
-3.37195
-3.37184
-3.37173
-3.37162
-3.37137
-3.37111
-3.37101
-3.37076
-3.3708
-3.3707
-3.3709
-3.3711
-3.37115
-3.3709
-3.3711
-3.37159
-3.37194
-3.37183
-3.37187
-3.37176
-3.37209
-3.37197
-3.37185
-3.37233
-3.3722
-3.37207
-3.37193
-3.37194
-3.37165
-3.3712
-3.3715
-3.37149
-3.37148
-3.37162
-3.37176
-3.37219
-3.37232
-3.37214
-3.37196
-3.37207
-3.37188
-3.3723
-3.3724
-3.37221
-3.37185
-3.3721
-3.37205
-3.37214
-3.37163
-3.37202
-3.37196
-3.3722
-3.37228
-3.37222
-3.3723
-3.37223
-3.37216
-3.37209
-3.37202
-3.37195
-3.37203
-3.37196
-3.37189
-3.37167
-3.37191
-3.37184
-3.37162
-3.37126
-3.3712
-3.37114
-3.37093
-3.37088
-3.37068
-3.37063
-3.37119
-3.37115
-3.37126
-3.37138
-3.37165
-3.37178
-3.37176
-3.37159
-3.37143
-3.37112
-3.37096
-3.37096
-3.37067
-3.37068
-3.37009
-3.36965
-3.36937
-3.3691
-3.36913
-3.36901
-3.36874
-3.36908
-3.36883
-3.36902
-3.36953
-3.36988
-3.37023
-3.37029
-3.37019
-3.3704
-3.37
-3.37006
-3.36981
-3.36987
-3.36978
-3.37014
-3.37019
-3.3704
-3.3703
-3.37036
-3.37056
-3.37046
-3.37036
-3.37011
-3.37016
-3.3702
-3.36994
-3.36999
-3.37003
-3.37007
-3.37011
-3.37015
-3.37019
-3.37038
-3.37057
-3.3706
-3.37094
-3.37113
-3.37116
-3.3715
-3.37123
-3.37156
-3.3719
-3.37208
-3.37226
-3.37244
-3.37277
-3.37295
-3.37298
-3.373
-3.37303
-3.3729
-3.37292
-3.37294
-3.37311
-3.37283
-3.37269
-3.37286
-3.37272
-3.37273
-3.37304
-3.37289
-3.37275
-3.3729
-3.3732
-3.37304
-3.37289
-3.37288
-3.37286
-3.373
-3.37268
-3.37266
-3.37249
-3.37247
-3.37259
-3.37301
-3.37313
-3.37234
-3.37201
-3.37197
-3.37208
-3.37204
-3.37229
-3.3724
-3.37235
-3.37245
-3.3724
-3.3722
-3.37214
-3.37209
-3.37188
-3.37212
-3.37207
-3.37231
-3.3724
-3.37204
-3.37198
-3.37207
-3.37232
-3.37226
-3.37265
-3.37275
-3.37254
-3.37218
-3.37228
-3.37237
-3.37232
-3.37226
-3.37206
-3.37171
-3.37166
-3.37162
-3.37142
-3.37138
-3.37179
-3.3716
-3.37141
-3.37137
-3.37149
-3.37146
-3.37159
-3.37141
-3.37154
-3.37152
-3.37135
-3.37164
-3.37132
-3.37146
-3.37131
-3.3713
-3.3713
-3.37116
-3.37116
-3.37148
-3.37179
-3.37181
-3.37183
-3.372
-3.37203
-3.37206
-3.37179
-3.37182
-3.37231
-3.37206
-3.3721
-3.37215
-3.37205
-3.37195
-3.37216
-3.37238
-3.37274
-3.37296
-3.37318
-3.37325
-3.37332
-3.37324
-3.37332
-3.37339
-3.37347
-3.3737
-3.37348
-3.37326
-3.37334
-3.37342
-3.37365
-3.37404
-3.37397
-3.37374
-3.37367
-3.3739
-3.37397
-3.37435
-3.37457
-3.37479
-3.37501
-3.37507
-3.37528
-3.37504
-3.3751
-3.3753
-3.3758
-3.376
-3.37619
-3.37593
-3.37597
-3.376
-3.37602
-3.37605
-3.37592
-3.37609
-3.3758
-3.37565
-3.37566
-3.37551
-3.37612
-3.37626
-3.37641
-3.37625
-3.37638
-3.37652
-3.3765
-3.37648
-3.3766
-3.37658
-3.37655
-3.37652
-3.37634
-3.376
-3.37612
-3.37623
-3.37634
-3.3763
-3.37642
-3.37622
-3.37588
-3.37584
-3.37609
-3.37635
-3.37631
-3.37596
-3.37592
-3.37602
-3.37567
-3.37548
-3.37543
-3.37523
-3.37504
-3.37484
-3.37479
-3.37489
-3.3744
-3.37435
-3.37415
-3.37425
-3.37421
-3.37386
-3.37366
-3.37331
-3.37356
-3.37382
-3.37392
-3.37402
-3.37397
-3.37407
-3.37402
-3.37382
-3.37362
-3.37372
-3.37367
-3.37362
-3.37372
-3.37337
-3.37362
-3.37357
-3.37352
-3.37347
-3.37343
-3.37323
-3.37349
-3.37375
-3.37386
-3.37367
-3.37348
-3.37329
-3.37341
-3.37323
-3.3732
-3.37348
-3.37346
-3.37329
-3.37327
-3.37311
-3.3731
-3.37324
-3.37309
-3.37309
-3.3731
-3.37326
-3.37328
-3.37345
-3.37332
-3.3735
-3.37338
-3.37341
-3.373
-3.37305
-3.37294
-3.373
-3.3732
-3.37341
-3.37333
-3.37309
-3.37331
-3.37354
-3.37392
-3.374
-3.37438
-3.37431
-3.3744
-3.37449
-3.37442
-3.37466
-3.37475
-3.37439
-3.37463
-3.37472
-3.37496
-3.3755
-3.37529
-3.37537
-3.37576
-3.37569
-3.37561
-3.37539
-3.37546
-3.37568
-3.37575
-3.37551
-3.37571
-3.37577
-3.37597
-3.37616
-3.3762
-3.37639
-3.37642
-3.37674
-3.37676
-3.37663
-3.37663
-3.37649
-3.37633
-3.37617
-3.37616
-3.37614
-3.37612
-3.37609
-3.37621
-3.37602
-3.37598
-3.37593
-3.37618
-3.37582
-3.37607
-3.37631
-3.3764
-3.37588
-3.37566
-3.37604
-3.37596
-3.37558
-3.37535
-3.37527
-3.37519
-3.37511
-3.37534
-3.37541
-3.37548
-3.3754
-3.37562
-3.37555
-3.37532
-3.37525
-3.37518
-3.37511
-3.37535
-3.37498
-3.37523
-3.37578
-3.37573
-3.37583
-3.37578
-3.37605
-3.37616
-3.37643
-3.3764
-3.37652
-3.37635
-3.37663
-3.37677
-3.3766
-3.37659
-3.37629
-3.37628
-3.37613
-3.37613
-3.37613
-3.37584
-3.37554
-3.37539
-3.37525
-3.37526
-3.37527
-3.37558
-3.37544
-3.3759
-3.37591
-3.37607
-3.37592
-3.37608
-3.37623
-3.37594
-3.37609
-3.37609
-3.37639
-3.37594
-3.37578
-3.37593
-3.37592
-3.37577
-3.37561
-3.37575
-3.37589
-3.37572
-3.37586
-3.376
-3.37629
-3.37612
-3.37611
-3.37594
-3.37592
-3.37561
-3.37544
-3.37527
-3.3751
-3.37479
-3.37447
-3.37445
-3.37444
-3.37458
-3.37456
-3.3744
-3.37439
-3.37392
-3.37406
-3.37435
-3.37404
-3.37449
-3.37448
-3.37447
-3.37446
-3.37431
-3.37415
-3.37445
-3.37444
-3.37399
-3.37413
-3.37428
-3.37443
-3.37428
-3.37443
-3.37443
-3.37443
-3.37458
-3.37443
-3.37444
-3.37474
-3.3746
-3.3743
-3.37446
-3.37446
-3.37477
-3.37462
-3.37463
-3.37464
-3.37465
-3.37466
-3.37436
-3.37468
-3.37439
-3.3744
-3.37456
-3.37458
-3.37474
-3.37461
-3.37432
-3.37464
-3.37436
-3.37453
-3.3744
-3.37457
-3.37429
-3.37462
-3.37479
-3.37467
-3.375
-3.37502
-3.3749
-3.37538
-3.37496
-3.37484
-3.37472
-3.37475
-3.37493
-3.37481
-3.37484
-3.37488
-3.37506
-3.37479
-3.37467
-3.37485
-3.37519
-3.37522
-3.37525
-3.37558
-3.37546
-3.37549
-3.37552
-3.37585
-3.37603
-3.37605
-3.37578
-3.3758
-3.37597
-3.37614
-3.37616
-3.37648
-3.37664
-3.37666
-3.37682
-3.37713
-3.37699
-3.37714
-3.3773
-3.37715
-3.37715
-3.377
-3.37684
-3.37714
-3.37729
-3.37713
-3.37727
-3.37696
-3.37679
-3.37708
-3.37676
-3.3769
-3.37703
-3.37717
-3.3773
-3.37713
-3.37696
-3.37709
-3.37736
-3.37749
-3.37717
-3.3773
-3.37727
-3.3771
-3.37707
-3.3766
-3.37657
-3.3767
-3.37668
-3.3768
-3.37663
-3.37691
-3.37704
-3.37717
-3.37715
-3.37713
-3.37681
-3.37694
-3.37677
-3.37676
-3.37674
-3.37703
-3.37687
-3.37716
-3.377
-3.37684
-3.37699
-3.37713
-3.37698
-3.37682
-3.37652
-3.37652
-3.37668
-3.37683
-3.37684
-3.37715
-3.37731
-3.37717
-3.37703
-3.3772
-3.37692
-3.37694
-3.37681
-3.37698
-3.37716
-3.37719
-3.37692
-3.3771
-3.37714
-3.37763
-3.37751
-3.37771
-3.3779
-3.3775
-3.37755
-3.3776
-3.3775
-3.3774
-3.37746
-3.37782
-3.37788
-3.37794
-3.3783
-3.37852
-3.37874
-3.3785
-3.37857
-3.3791
-3.37947
-3.37984
-3.38022
-3.38044
-3.38052
-3.38044
-3.38051
-3.38074
-3.38096
-3.38089
-3.38081
-3.38103
-3.3811
-3.38118
-3.38095
-3.38086
-3.38108
-3.38115
-3.38122
-3.38143
-3.3815
-3.38156
-3.38177
-3.38197
-3.38203
-3.38193
-3.38168
-3.38157
-3.38147
-3.38121
-3.3811
-3.38128
-3.38147
-3.3818
-3.38138
-3.3814
-3.38142
-3.38144
-3.38115
-3.38116
-3.38102
-3.38148
-3.38117
-3.38087
-3.38086
-3.3801
-3.37994
-3.37962
-3.3799
-3.37973
-3.37971
-3.37983
-3.37949
-3.37931
-3.37882
-3.37878
-3.37873
-3.37869
-3.37864
-3.37874
-3.37869
-3.37833
-3.37842
-3.37851
-3.37845
-3.37824
-3.37817
-3.37811
-3.37819
-3.37812
-3.37805
-3.37783
-3.37807
-3.37784
-3.37777
-3.3774
-3.37718
-3.37665
-3.37658
-3.37636
-3.37629
-3.37653
-3.37616
-3.37594
-3.37618
-3.37597
-3.37591
-3.376
-3.3758
-3.3759
-3.37569
-3.37534
-3.37515
-3.37526
-3.37522
-3.37533
-3.37515
-3.37527
-3.37525
-3.37523
-3.37521
-3.37535
-3.37534
-3.37533
-3.37532
-3.37532
-3.37547
-3.37533
-3.37503
-3.37505
-3.37506
-3.37553
-3.37509
-3.37511
-3.37514
-3.37501
-3.37503
-3.37536
-3.37524
-3.37526
-3.37529
-3.37547
-3.37565
-3.37567
-3.37539
-3.37557
-3.37559
-3.37576
-3.37547
-3.37579
-3.3758
-3.37566
-3.37566
-3.37566
-3.37566
-3.37565
-3.37564
-3.37563
-3.37546
-3.37544
-3.37541
-3.37554
-3.37535
-3.37471
-3.37482
-3.37432
-3.37458
-3.37438
-3.37447
-3.37487
-3.37465
-3.37459
-3.37482
-3.37521
-3.37499
-3.37461
-3.37469
-3.37416
-3.37408
-3.37415
-3.37392
-3.37369
-3.37361
-3.37354
-3.37361
-3.37353
-3.3736
-3.37368
-3.37375
-3.37383
-3.37376
-3.37384
-3.37347
-3.37325
-3.37349
-3.37388
-3.37382
-3.37346
-3.3731
-3.37305
-3.37315
-3.3728
-3.3729
-3.37256
-3.37267
-3.37233
-3.3723
-3.37197
-3.37179
-3.37176
-3.37174
-3.37172
-3.37171
-3.37154
-3.37123
-3.37183
-3.37167
-3.37137
-3.37137
-3.37122
-3.37153
-3.372
-3.37186
-3.37187
-3.37189
-3.37206
-3.37178
-3.3718
-3.37153
-3.37171
-3.37143
-3.37116
-3.37119
-3.37138
-3.37141
-3.3713
-3.37134
-3.37122
-3.37126
-3.37115
-3.37104
-3.37108
-3.37096
-3.371
-3.37119
-3.37123
-3.37126
-3.37145
-3.37148
-3.37182
-3.3717
-3.37188
-3.37191
-3.37194
-3.37181
-3.37199
-3.37216
-3.37219
-3.37236
-3.37238
-3.3724
-3.37241
-3.37243
-3.37229
-3.37275
-3.37277
-3.37293
-3.37294
-3.37325
-3.37371
-3.37387
-3.37312
-3.37327
-3.37298
-3.37313
-3.37313
-3.37299
-3.37299
-3.37284
-3.37285
-3.373
-3.37331
-3.37331
-3.37347
-3.37377
-3.37378
-3.37379
-3.37394
-3.3738
-3.37351
-3.37367
-3.37353
-3.37355
-3.37386
-3.37403
-3.3742
-3.37422
-3.37425
-3.37472
-3.37445
-3.37433
-3.37451
-3.3747
-3.37443
-3.37447
-3.37437
-3.37411
-3.37416
-3.37406
-3.37412
-3.37418
-3.3744
-3.37431
-3.37454
-3.37476
-3.37545
-3.37553
-3.37562
-3.37571
-3.3758
-3.3762
-3.3763
-3.37671
-3.37697
-3.37693
-3.37704
-3.37731
-3.37743
-3.37785
-3.37798
-3.37871
-3.37868
-3.37896
-3.37909
-3.37922
-3.37904
-3.37917
-3.37915
-3.37882
-3.37849
-3.37922
-3.37934
-3.37961
-3.37912
-3.37968
-3.38009
-3.38019
-3.37999
-3.38023
-3.38062
-3.38071
-3.38109
-3.38101
-3.38153
-3.38159
-3.38134
-3.38139
-3.38143
-3.38176
-3.38164
-3.38181
-3.38152
-3.38153
-3.38183
-3.38228
-3.38227
-3.38225
-3.38222
-3.3825
-3.38246
-3.38227
-3.38177
-3.38171
-3.38165
-3.38174
-3.38167
-3.38144
-3.38106
-3.38113
-3.38074
-3.38064
-3.3807
-3.38045
-3.38034
-3.38008
-3.37997
-3.38016
-3.38019
-3.38022
-3.37994
-3.37997
-3.37984
-3.37971
-3.37928
-3.3793
-3.37947
-3.37948
-3.37935
-3.37936
-3.37907
-3.37878
-3.37849
-3.3782
-3.37822
-3.37793
-3.37809
-3.37811
-3.37797
-3.37799
-3.37755
-3.37742
-3.37745
-3.37702
-3.37674
-3.37646
-3.3768
-3.37698
-3.37671
-3.3766
-3.37619
-3.37638
-3.37628
-3.37573
-3.37563
-3.37553
-3.37529
-3.37506
-3.37482
-3.3752
-3.37497
-3.37505
-3.37529
-3.37507
-3.37487
-3.37436
-3.37446
-3.37471
-3.37467
-3.37463
-3.3746
-3.37427
-3.37424
-3.37422
-3.3742
-3.37419
-3.37418
-3.37387
-3.37357
-3.37372
-3.37373
-3.37389
-3.37405
-3.37407
-3.37409
-3.37426
-3.37414
-3.37402
-3.3742
-3.37423
-3.37427
-3.37416
-3.3742
-3.37409
-3.37413
-3.37388
-3.37393
-3.37397
-3.37402
-3.37392
-3.37398
-3.37433
-3.37438
-3.37459
-3.37464
-3.37484
-3.37475
-3.37495
-3.375
-3.37505
-3.37495
-3.375
-3.37444
-3.3751
-3.37484
-3.37488
-3.37492
-3.37451
-3.37485
-3.37504
-3.37478
-3.37466
-3.37469
-3.37487
-3.3749
-3.37492
-3.37509
-3.37496
-3.37483
-3.3747
-3.37456
-3.37473
-3.37474
-3.3746
-3.37476
-3.37491
-3.37522
-3.37508
-3.37493
-3.37508
-3.37493
-3.37508
-3.37523
-3.37493
-3.37478
-3.37492
-3.37477
-3.37477
-3.37446
-3.37416
-3.37401
-3.37401
-3.37385
-3.37355
-3.37325
-3.37325
-3.37341
-3.37341
-3.37356
-3.37342
-3.37342
-3.37358
-3.37359
-3.3736
-3.37361
-3.37362
-3.37348
-3.37365
-3.37351
-3.37368
-3.3737
-3.37417
-3.37419
-3.37466
-3.37454
-3.37411
-3.37398
-3.37416
-3.37418
-3.37436
-3.37469
-3.37457
-3.3749
-3.37493
-3.37496
-3.375
-3.37548
-3.37552
-3.3757
-3.37559
-3.37578
-3.37596
-3.376
-3.37604
-3.37608
-3.37582
-3.37601
-3.3762
-3.37564
-3.37568
-3.37557
-3.37546
-3.3755
-3.3757
-3.37574
-3.37594
-3.37583
-3.37542
-3.37547
-3.37536
-3.37556
-3.37545
-3.3761
-3.37615
-3.37634
-3.37638
-3.37628
-3.37647
-3.37606
-3.3761
-3.37599
-3.37633
-3.37636
-3.3764
-3.37628
-3.37616
-3.37634
-3.37621
-3.37624
-3.37686
-3.37749
-3.37765
-3.37737
-3.37723
-3.37693
-3.37694
-3.37724
-3.37724
-3.37738
-3.37738
-3.37782
-3.37781
-3.37779
-3.37747
-3.377
-3.37682
-3.37634
-3.37646
-3.37658
-3.3764
-3.37652
-3.37618
-3.37614
-3.37625
-3.37606
-3.37602
-3.37612
-3.37623
-3.37604
-3.37599
-3.37565
-3.3756
-3.37556
-3.37537
-3.37517
-3.37528
-3.3754
-3.37551
-3.37563
-3.37559
-3.37571
-3.37568
-3.37565
-3.37547
-3.37545
-3.37527
-3.37525
-3.37509
-3.37507
-3.37476
-3.3749
-3.3749
-3.37505
-3.37475
-3.37445
-3.37461
-3.37447
-3.37478
-3.37525
-3.37512
-3.37499
-3.37517
-3.3749
-3.37478
-3.37526
-3.375
-3.37534
-3.37538
-3.37558
-3.37532
-3.37567
-3.37557
-3.37562
-3.37583
-3.37573
-3.37548
-3.37554
-3.37575
-3.37535
-3.37511
-3.37517
-3.37523
-3.37544
-3.3755
-3.37571
-3.37577
-3.37583
-3.37543
-3.37564
-3.37585
-3.37575
-3.3761
-3.376
-3.37605
-3.37625
-3.3763
-3.37619
-3.37639
-3.37643
-3.37647
-3.3765
-3.37684
-3.37672
-3.37675
-3.37647
-3.3765
-3.37652
-3.37684
-3.377
-3.37732
-3.37748
-3.37719
-3.37734
-3.37734
-3.3775
-3.37764
-3.37749
-3.37718
-3.37656
-3.37655
-3.37638
-3.37606
-3.37604
-3.37586
-3.37614
-3.37596
-3.37623
-3.37604
-3.37586
-3.37597
-3.37608
-3.37604
-3.376
-3.37595
-3.3762
-3.37616
-3.37611
-3.37666
-3.37646
-3.37625
-3.3765
-3.37659
-3.37653
-3.37647
-3.37656
-3.37635
-3.37614
-3.37623
-3.37586
-3.37595
-3.37574
-3.37582
-3.37621
-3.37645
-3.37669
-3.37662
-3.37626
-3.37634
-3.37643
-3.37621
-3.37615
-3.37608
-3.37587
-3.37566
-3.37544
-3.37553
-3.37547
-3.37526
-3.37551
-3.37545
-3.37494
-3.37503
-3.37513
-3.37507
-3.37502
-3.37466
-3.37476
-3.37486
-3.37481
-3.37477
-3.37457
-3.37452
-3.37433
-3.37444
-3.3744
-3.37466
-3.37462
-3.37443
-3.3744
-3.37436
-3.37433
-3.3743
-3.37412
-3.37394
-3.37377
-3.37344
-3.37357
-3.37385
-3.37383
-3.37397
-3.37426
-3.37394
-3.37408
-3.37408
-3.37392
-3.37407
-3.37407
-3.37437
-3.37452
-3.37453
-3.37484
-3.375
-3.37502
-3.37503
-3.37505
-3.37507
-3.3751
-3.37513
-3.37516
-3.37489
-3.37492
-3.37496
-3.3747
-3.3746
-3.37495
-3.37516
-3.37506
-3.37527
-3.37533
-3.37539
-3.37561
-3.37568
-3.3759
-3.37613
-3.37636
-3.37644
-3.37637
-3.37675
-3.37699
-3.37662
-3.37671
-3.37695
-3.37734
-3.37759
-3.37752
-3.37792
-3.37831
-3.3784
-3.37789
-3.37813
-3.37807
-3.37815
-3.37809
-3.37832
-3.37825
-3.37863
-3.37871
-3.37863
-3.379
-3.37921
-3.37898
-3.37903
-3.37909
-3.37914
-3.37979
-3.37983
-3.37987
-3.3802
-3.37978
-3.3795
-3.37982
-3.37984
-3.38015
-3.38
-3.37985
-3.38
-3.38
-3.37998
-3.37982
-3.3801
-3.37963
-3.3796
-3.37957
-3.37969
-3.3795
-3.37931
-3.37957
-3.37967
-3.37947
-3.37927
-3.37937
-3.37916
-3.37941
-3.37919
-3.37898
-3.37862
-3.37825
-3.37803
-3.37797
-3.37759
-3.37783
-3.37776
-3.37754
-3.37732
-3.37725
-3.37687
-3.37665
-3.37658
-3.37636
-3.37644
-3.37637
-3.376
-3.37548
-3.37527
-3.37505
-3.37514
-3.37538
-3.37548
-3.37542
-3.37521
-3.37501
-3.37495
-3.37475
-3.3747
-3.37466
-3.37477
-3.37503
-3.37499
-3.3742
-3.37401
-3.37428
-3.3741
-3.37407
-3.37419
-3.37386
-3.37369
-3.37367
-3.3738
-3.37378
-3.37407
-3.3736
-3.37419
-3.37433
-3.37447
-3.37461
-3.3749
-3.37489
-3.37503
-3.37533
-3.37562
-3.37562
-3.37576
-3.37575
-3.37574
-3.37604
-3.37588
-3.37572
-3.37571
-3.37571
-3.37555
-3.37523
-3.37523
-3.37506
-3.37551
-3.37534
-3.37518
-3.37517
-3.37515
-3.37544
-3.37513
-3.37496
-3.37479
-3.37477
-3.37476
-3.37489
-3.37502
-3.37515
-3.37529
-3.37511
-3.37524
-3.37522
-3.37535
-3.37533
-3.37531
-3.37544
-3.37572
-3.37585
-3.37598
-3.37611
-3.37639
-3.37653
-3.37651
-3.37664
-3.37647
-3.37631
-3.37644
-3.37643
-3.37657
-3.37671
-3.3767
-3.37685
-3.37685
-3.37654
-3.37654
-3.37639
-3.37655
-3.37671
-3.37687
-3.37673
-3.37644
-3.37631
-3.37648
-3.37651
-3.37638
-3.37641
-3.37599
-3.37587
-3.37591
-3.3761
-3.37644
-3.37649
-3.37669
-3.37674
-3.37679
-3.37715
-3.37691
-3.37681
-3.37687
-3.37694
-3.37731
-3.37783
-3.37804
-3.37796
-3.37803
-3.3781
-3.37817
-3.37763
-3.3777
-3.37792
-3.37768
-3.37805
-3.37811
-3.37848
-3.37854
-3.37845
-3.37835
-3.37841
-3.37831
-3.37821
-3.3784
-3.37844
-3.37848
-3.37867
-3.37885
-3.37918
-3.37921
-3.37923
-3.37939
-3.37956
-3.37941
-3.37957
-3.37957
-3.37956
-3.37971
-3.37954
-3.37953
-3.37951
-3.37964
-3.37931
-3.37928
-3.37925
-3.37921
-3.37903
-3.37914
-3.3791
-3.37905
-3.37916
-3.37926
-3.37876
-3.37842
-3.37837
-3.37847
-3.37842
-3.37867
-3.37877
-3.37873
-3.37838
-3.37818
-3.37813
-3.37824
-3.37835
-3.37831
-3.37812
-3.37823
-3.3782
-3.37817
-3.37844
-3.37871
-3.37839
-3.37836
-3.37849
-3.37833
-3.37816
-3.37815
-3.37799
-3.37798
-3.37842
-3.37842
-3.37842
-3.37857
-3.37857
-3.37872
-3.37873
-3.37888
-3.37919
-3.3792
-3.37891
-3.37892
-3.37893
-3.37894
-3.3791
-3.37896
-3.37897
-3.37943
-3.37929
-3.37915
-3.37916
-3.37917
-3.37918
-3.37964
-3.3795
-3.37981
-3.37982
-3.37998
-3.38014
-3.38
-3.38016
-3.38017
-3.38003
-3.38004
-3.3799
-3.38022
-3.37978
-3.37979
-3.37966
-3.37982
-3.37984
-3.37986
-3.38003
-3.3799
-3.37992
-3.38009
-3.38027
-3.38014
-3.38017
-3.38035
-3.38023
-3.38011
-3.38029
-3.38003
-3.38021
-3.38025
-3.38028
-3.38032
-3.38021
-3.3801
-3.38014
-3.37987
-3.37961
-3.3798
-3.37999
-3.38018
-3.38007
-3.38011
-3.3803
-3.38018
-3.38007
-3.3798
-3.37984
-3.37987
-3.37975
-3.37978
-3.38012
-3.3803
-3.38047
-3.3808
-3.38067
-3.38024
-3.38027
-3.38044
-3.38045
-3.38032
-3.38018
-3.3802
-3.38021
-3.38007
-3.38023
-3.38008
-3.37994
-3.37964
-3.37964
-3.3798
-3.3798
-3.3798
-3.37979
-3.37979
-3.37979
-3.37978
-3.37977
-3.38007
-3.38021
-3.3805
-3.38034
-3.38048
-3.38077
-3.3806
-3.38089
-3.38087
-3.3807
-3.38099
-3.38112
-3.3811
-3.38062
-3.3806
-3.38088
-3.38085
-3.38067
-3.3805
-3.38062
-3.38029
-3.38026
-3.38023
-3.37959
-3.3794
-3.37952
-3.37948
-3.37945
-3.37941
-3.37907
-3.37888
-3.37869
-3.37865
-3.37861
-3.37872
-3.37822
-3.37818
-3.37829
-3.37824
-3.37835
-3.37846
-3.37841
-3.37852
-3.37848
-3.37873
-3.37869
-3.3788
-3.37891
-3.37871
-3.37882
-3.37878
-3.37889
-3.3784
-3.37821
-3.37818
-3.37784
-3.3775
-3.37792
-3.37789
-3.37771
-3.37768
-3.37751
-3.37764
-3.37731
-3.37699
-3.37667
-3.37665
-3.37694
-3.37693
-3.37677
-3.37646
-3.37616
-3.37615
-3.37616
-3.37631
-3.37632
-3.37648
-3.37649
-3.37696
-3.37712
-3.37699
-3.37716
-3.37703
-3.37706
-3.37709
-3.37712
-3.3776
-3.37764
-3.37737
-3.37757
-3.37746
-3.3775
-3.37755
-3.37759
-3.37779
-3.37754
-3.37775
-3.37765
-3.37756
-3.37746
-3.37752
-3.37788
-3.37794
-3.37771
-3.37762
-3.37768
-3.37805
-3.37811
-3.37817
-3.37824
-3.37891
-3.37928
-3.37934
-3.37925
-3.37932
-3.37953
-3.37974
-3.3798
-3.37986
-3.37977
-3.37952
-3.37988
-3.37964
-3.37969
-3.37989
-3.37994
-3.37999
-3.38004
-3.38009
-3.38013
-3.38033
-3.38007
-3.38011
-3.38015
-3.38019
-3.38022
-3.38025
-3.38014
-3.38017
-3.38035
-3.38053
-3.3807
-3.38103
-3.38105
-3.38107
-3.38109
-3.38111
-3.38128
-3.38129
-3.38101
-3.38072
-3.38088
-3.38119
-3.3812
-3.3812
-3.3812
-3.38136
-3.38151
-3.38135
-3.38135
-3.38104
-3.38118
-3.38162
-3.38161
-3.38159
-3.38157
-3.3814
-3.38152
-3.38165
-3.38131
-3.38143
-3.38155
-3.38166
-3.38177
-3.38157
-3.38153
-3.38117
-3.38158
-3.38152
-3.38116
-3.38065
-3.38043
-3.38037
-3.3806
-3.38068
-3.38076
-3.38099
-3.38106
-3.38068
-3.3809
-3.38097
-3.38074
-3.38081
-3.38072
-3.38064
-3.38041
-3.38017
-3.37978
-3.3794
-3.37917
-3.37893
-3.3787
-3.37877
-3.37885
-3.37847
-3.3781
-3.37788
-3.37766
-3.37745
-3.37739
-3.37748
-3.37728
-3.37708
-3.37734
-3.3773
-3.37726
-3.37738
-3.3775
-3.37733
-3.37761
-3.3776
-3.37774
-3.37788
-3.37788
-3.37803
-3.37788
-3.37788
-3.37819
-3.3785
-3.37837
-3.37793
-3.37809
-3.37796
-3.37798
-3.378
-3.37801
-3.37788
-3.37775
-3.37792
-3.37809
-3.3778
-3.37782
-3.37769
-3.37755
-3.37772
-3.37743
-3.37774
-3.37775
-3.37791
-3.37777
-3.37763
-3.37763
-3.37764
-3.3778
-3.3778
-3.3775
-3.37751
-3.37751
-3.37721
-3.37722
-3.37752
-3.37753
-3.37753
-3.37723
-3.37693
-3.37664
-3.37664
-3.37634
-3.3762
-3.37635
-3.37651
-3.37651
-3.37652
-3.37653
-3.37638
-3.37639
-3.37624
-3.3761
-3.37595
-3.37626
-3.37626
-3.37611
-3.37597
-3.37597
-3.37658
-3.37658
-3.37643
-3.37643
-3.37628
-3.37643
-3.37673
-3.37657
-3.37642
-3.37596
-3.37551
-3.3758
-3.37565
-3.37549
-3.37563
-3.37563
-3.37577
-3.37576
-3.37606
-3.3762
-3.37589
-3.37589
-3.37588
-3.37588
-3.37587
-3.37557
-3.37557
-3.37572
-3.37632
-3.37618
-3.37603
-3.37604
-3.37604
-3.3759
-3.37576
-3.37638
-3.3764
-3.37627
-3.37629
-3.37631
-3.37634
-3.37591
-3.37579
-3.37583
-3.37586
-3.3759
-3.37579
-3.37568
-3.37588
-3.37592
-3.37582
-3.37557
-3.37548
-3.37553
-3.37528
-3.37534
-3.37555
-3.37546
-3.37553
-3.37559
-3.3758
-3.37587
-3.37608
-3.3766
-3.37636
-3.37688
-3.37694
-3.37715
-3.37722
-3.37743
-3.37703
-3.37709
-3.37685
-3.37721
-3.37756
-3.37761
-3.37766
-3.3777
-3.37775
-3.37779
-3.37798
-3.37816
-3.3782
-3.37823
-3.37886
-3.37888
-3.37905
-3.37891
-3.37892
-3.37878
-3.37863
-3.37864
-3.37833
-3.37832
-3.37816
-3.37891
-3.37859
-3.37857
-3.37854
-3.37882
-3.37864
-3.3786
-3.37887
-3.37853
-3.37864
-3.37874
-3.3787
-3.37865
-3.37844
-3.37824
-3.37818
-3.37797
-3.37791
-3.37754
-3.37748
-3.37741
-3.37719
-3.37712
-3.37705
-3.37698
-3.37706
-3.37699
-3.37692
-3.377
-3.37677
-3.3767
-3.37663
-3.37656
-3.37603
-3.37596
-3.37559
-3.37568
-3.37516
-3.37509
-3.37503
-3.37482
-3.37476
-3.37425
-3.37435
-3.37445
-3.37426
-3.37361
-3.37372
-3.37383
-3.3738
-3.37377
-3.37374
-3.37372
-3.374
-3.37383
-3.37367
-3.37367
-3.37351
-3.37351
-3.37352
-3.37353
-3.37384
-3.37386
-3.37418
-3.37405
-3.37362
-3.37365
-3.37414
-3.37417
-3.37451
-3.37424
-3.37458
-3.37462
-3.37451
-3.3744
-3.37459
-3.37463
-3.37452
-3.37425
-3.37429
-3.37418
-3.37482
-3.375
-3.37473
-3.37476
-3.37493
-3.37541
-3.37543
-3.37545
-3.37546
-3.37547
-3.37563
-3.37578
-3.37593
-3.37593
-3.37562
-3.37546
-3.3759
-3.37588
-3.37586
-3.37583
-3.37595
-3.37577
-3.37574
-3.37525
-3.37536
-3.37547
-3.37543
-3.37568
-3.37609
-3.37559
-3.37554
-3.37548
-3.37543
-3.37507
-3.37487
-3.37466
-3.3749
-3.375
-3.37509
-3.37519
-3.37453
-3.37402
-3.37427
-3.37452
-3.37461
-3.37471
-3.37466
-3.37477
-3.37427
-3.37437
-3.37403
-3.37399
-3.3741
-3.37421
-3.37418
-3.37445
-3.37427
-3.37409
-3.37422
-3.37405
-3.37403
-3.37416
-3.37415
-3.37414
-3.37413
-3.37413
-3.37428
-3.37428
-3.37429
-3.37445
-3.37431
-3.37418
-3.3742
-3.37438
-3.37425
-3.37428
-3.37447
-3.37466
-3.37471
-3.37475
-3.37465
-3.37486
-3.37477
-3.37498
-3.3752
-3.37527
-3.37519
-3.37527
-3.37505
-3.37468
-3.37477
-3.37501
-3.3751
-3.3749
-3.375
-3.37495
-3.3752
-3.37531
-3.37587
-3.37598
-3.37579
-3.37605
-3.37616
-3.37627
-3.37638
-3.37604
-3.37615
-3.37611
-3.37667
-3.37707
-3.37717
-3.37712
-3.37706
-3.37731
-3.37754
-3.37793
-3.37816
-3.37854
-3.37861
-3.37852
-3.37843
-3.37848
-3.37853
-3.37857
-3.3786
-3.37863
-3.37821
-3.37807
-3.37794
-3.3781
-3.3781
-3.37825
-3.37794
-3.37792
-3.37775
-3.37788
-3.37831
-3.37827
-3.37839
-3.3785
-3.37845
-3.37871
-3.37866
-3.3786
-3.3787
-3.37849
-3.37813
-3.37776
-3.37785
-3.37794
-3.37802
-3.37765
-3.37773
-3.37751
-3.37759
-3.37752
-3.37745
-3.37678
-3.37641
-3.37634
-3.37627
-3.37605
-3.37584
-3.37577
-3.37571
-3.37519
-3.37513
-3.37522
-3.37517
-3.37496
-3.37491
-3.37471
-3.37466
-3.37461
-3.37456
-3.37467
-3.37463
-3.3746
-3.37426
-3.37453
-3.37434
-3.37416
-3.37414
-3.37396
-3.37409
-3.37392
-3.3739
-3.37388
-3.37356
-3.3737
-3.37339
-3.37323
-3.37292
-3.37306
-3.37336
-3.3732
-3.3732
-3.37304
-3.37304
-3.37289
-3.37289
-3.37289
-3.3729
-3.3726
-3.3726
-3.37275
-3.37276
-3.37276
-3.37291
-3.37307
-3.37307
-3.37308
-3.37323
-3.37309
-3.37279
-3.37279
-3.3725
-3.37265
-3.37281
-3.37281
-3.37267
-3.37267
-3.37268
-3.37329
-3.3736
-3.3739
-3.37436
-3.37422
-3.37423
-3.37423
-3.37439
-3.37425
-3.37441
-3.37487
-3.37503
-3.3755
-3.37551
-3.37537
-3.37538
-3.37524
-3.37541
-3.37557
-3.37558
-3.3756
-3.37561
-3.37578
-3.37595
-3.37566
-3.37568
-3.376
-3.37617
-3.37619
-3.37606
-3.37607
-3.37624
-3.37626
-3.37613
-3.3763
-3.37632
-3.37634
-3.37606
-3.37608
-3.3758
-3.37597
-3.37584
-3.3757
-3.37542
-3.37544
-3.37576
-3.37578
-3.3758
-3.37612
-3.37599
-3.37616
-3.37618
-3.3762
-3.37637
-3.37594
-3.37566
-3.37553
-3.37539
-3.37526
-3.37513
-3.37516
-3.37472
-3.37475
-3.37447
-3.37479
-3.37467
-3.37454
-3.37456
-3.37459
-3.37477
-3.37479
-3.37467
-3.3744
-3.37457
-3.37491
-3.37493
-3.37466
-3.37469
-3.37487
-3.37475
-3.37463
-3.37466
-3.37424
-3.37427
-3.37414
-3.37432
-3.3745
-3.37453
-3.37456
-3.37473
-3.37461
-3.37448
-3.3745
-3.37468
-3.37455
-3.37442
-3.37428
-3.3743
-3.37431
-3.37432
-3.37418
-3.37434
-3.3742
-3.37466
-3.37451
-3.37436
-3.3742
-3.37435
-3.37419
-3.37418
-3.37417
-3.37401
-3.37369
-3.37382
-3.37365
-3.37393
-3.37391
-3.37433
-3.37431
-3.37428
-3.3744
-3.37437
-3.37433
-3.3743
-3.37381
-3.37408
-3.37419
-3.374
-3.37381
-3.37347
-3.37359
-3.37355
-3.37366
-3.37363
-3.37329
-3.37341
-3.37352
-3.37349
-3.37361
-3.37328
-3.3731
-3.37323
-3.3729
-3.37288
-3.37286
-3.37284
-3.37297
-3.37326
-3.37325
-3.37308
-3.37322
-3.37337
-3.37351
-3.37366
-3.37381
-3.37426
-3.37456
-3.37487
-3.37502
-3.37487
-3.37518
-3.37518
-3.37518
-3.37519
-3.37535
-3.37535
-3.3755
-3.37521
-3.37536
-3.37506
-3.37506
-3.37506
-3.37536
-3.37565
-3.37595
-3.3761
-3.37593
-3.37608
-3.37606
-3.3762
-3.37588
-3.37571
-3.37584
-3.37582
-3.37595
-3.37607
-3.37619
-3.37647
-3.37598
-3.37565
-3.37561
-3.37528
-3.37539
-3.37535
-3.37516
-3.37527
-3.37508
-3.37459
-3.37469
-3.37495
-3.37476
-3.37457
-3.37437
-3.37433
-3.37429
-3.3741
-3.37451
-3.37508
-3.37504
-3.3753
-3.37542
-3.37538
-3.3755
-3.37516
-3.37498
-3.3748
-3.37462
-3.3746
-3.37472
-3.3747
-3.37468
-3.37496
-3.3748
-3.37464
-3.37478
-3.37462
-3.37461
-3.37461
-3.37461
-3.37476
-3.37462
-3.37493
-3.37509
-3.37495
-3.37512
-3.37499
-3.37531
-3.37549
-3.37536
-3.37539
-3.37512
-3.37546
-3.37535
-3.37599
-3.37619
-3.37593
-3.37567
-3.37572
-3.37593
-3.37598
-3.37604
-3.37594
-3.376
-3.37591
-3.37628
-3.37679
-3.37686
-3.37662
-3.37669
-3.37661
-3.37698
-3.37689
-3.37681
-3.37703
-3.37725
-3.37702
-3.37709
-3.37685
-3.37677
-3.37683
-3.37675
-3.37636
-3.37642
-3.37618
-3.37654
-3.37659
-3.37665
-3.37715
-3.37735
-3.37755
-3.37805
-3.37825
-3.37844
-3.37878
-3.37896
-3.37869
-3.37842
-3.37859
-3.37862
-3.37849
-3.37881
-3.37867
-3.37838
-3.37839
-3.37855
-3.37855
-3.37855
-3.379
-3.379
-3.37869
-3.37883
-3.37882
-3.37865
-3.37864
-3.37847
-3.37861
-3.37874
-3.37886
-3.37914
-3.37912
-3.37879
-3.37891
-3.37843
-3.37825
-3.37792
-3.37774
-3.37801
-3.37798
-3.3778
-3.37792
-3.37774
-3.37755
-3.37722
-3.37673
-3.37685
-3.37712
-3.37694
-3.37706
-3.37688
-3.37716
-3.37728
-3.37725
-3.37753
-3.3778
-3.37748
-3.3776
-3.37773
-3.37801
-3.3783
-3.37843
-3.37811
-3.37824
-3.37778
-3.37761
-3.3776
-3.37744
-3.37758
-3.37743
-3.37742
-3.37742
-3.37711
-3.37711
-3.37727
-3.37727
-3.37727
-3.37743
-3.37744
-3.3776
-3.3773
-3.37716
-3.37703
-3.37719
-3.37721
-3.37723
-3.37694
-3.37711
-3.37653
-3.37686
-3.37658
-3.3763
-3.37647
-3.37635
-3.37637
-3.37624
-3.37642
-3.37675
-3.37662
-3.37665
-3.37667
-3.37624
-3.37626
-3.37628
-3.3766
-3.37662
-3.37663
-3.3768
-3.37696
-3.37682
-3.37683
-3.37698
-3.37669
-3.37684
-3.37668
-3.37653
-3.37622
-3.37636
-3.3762
-3.37633
-3.37616
-3.37554
-3.37551
-3.37594
-3.37591
-3.37572
-3.37568
-3.37595
-3.37576
-3.37571
-3.37567
-3.37547
-3.37542
-3.37537
-3.37577
-3.37587
-3.37581
-3.3759
-3.3757
-3.37518
-3.37513
-3.37506
-3.375
-3.3751
-3.37488
-3.37498
-3.37476
-3.37486
-3.3748
-3.37474
-3.37468
-3.37433
-3.37427
-3.37437
-3.37417
-3.37412
-3.37408
-3.37403
-3.37368
-3.37379
-3.37406
-3.37447
-3.37459
-3.37425
-3.37437
-3.37419
-3.37387
-3.37429
-3.37442
-3.3741
-3.37454
-3.37437
-3.3742
-3.37419
-3.37433
-3.37432
-3.37416
-3.374
-3.37415
-3.3743
-3.37445
-3.37445
-3.37445
-3.3746
-3.3743
-3.37446
-3.37431
-3.37432
-3.37433
-3.37449
-3.3745
-3.37451
-3.37422
-3.37439
-3.37455
-3.37472
-3.37474
-3.37506
-3.37492
-3.37479
-3.37466
-3.37483
-3.37486
-3.37488
-3.37506
-3.37478
-3.37526
-3.37514
-3.37517
-3.3752
-3.37508
-3.37526
-3.37515
-3.37548
-3.37552
-3.37541
-3.37575
-3.37579
-3.37538
-3.37542
-3.37576
-3.37565
-3.37555
-3.37559
-3.37534
-3.37523
-3.37498
-3.37533
-3.37523
-3.37528
-3.37517
-3.37522
-3.37497
-3.37472
-3.37477
-3.37527
-3.37563
-3.37537
-3.37527
-3.37532
-3.37537
-3.37542
-3.37546
-3.37551
-3.37555
-3.37514
-3.37534
-3.37507
-3.37511
-3.37515
-3.37534
-3.37538
-3.37541
-3.37544
-3.37517
-3.3749
-3.37492
-3.3751
-3.37482
-3.37484
-3.37441
-3.37413
-3.37415
-3.37386
-3.37388
-3.37404
-3.3742
-3.37436
-3.37422
-3.37408
-3.37408
-3.37439
-3.37424
-3.37409
-3.3744
-3.37425
-3.3741
-3.37379
-3.37394
-3.37394
-3.37409
-3.37393
-3.37393
-3.37407
-3.37392
-3.37391
-3.37421
-3.37375
-3.37345
-3.37314
-3.37298
-3.37268
-3.37252
-3.37251
-3.37281
-3.37265
-3.37235
-3.37204
-3.37204
-3.37203
-3.37188
-3.37172
-3.37156
-3.37141
-3.3714
-3.3714
-3.37124
-3.37123
-3.37123
-3.37107
-3.37106
-3.3709
-3.37089
-3.37073
-3.37072
-3.37086
-3.3707
-3.37054
-3.37082
-3.37081
-3.3711
-3.37108
-3.37076
-3.37043
-3.37056
-3.37069
-3.37052
-3.37079
-3.37077
-3.37104
-3.37116
-3.37143
-3.37155
-3.37182
-3.37224
-3.3722
-3.37216
-3.37242
-3.37238
-3.37264
-3.37259
-3.37255
-3.37235
-3.372
-3.37165
-3.37129
-3.37139
-3.37119
-3.37114
-3.37109
-3.37103
-3.37067
-3.37062
-3.37072
-3.37066
-3.37061
-3.3704
-3.3705
-3.37075
-3.37085
-3.37125
-3.3715
-3.3713
-3.37095
-3.3706
-3.3704
-3.3705
-3.37046
-3.37026
-3.37022
-3.37048
-3.37044
-3.37055
-3.37082
-3.37109
-3.37105
-3.37072
-3.37083
-3.37096
-3.37078
-3.3706
-3.37088
-3.37115
-3.37128
-3.37081
-3.37049
-3.37047
-3.3703
-3.37043
-3.37027
-3.37025
-3.37024
-3.37023
-3.37021
-3.3702
-3.37035
-3.37004
-3.37018
-3.36987
-3.37002
-3.37001
-3.37001
-3.37001
-3.37016
-3.37031
-3.37031
-3.3703
-3.37031
-3.37031
-3.37031
-3.37001
-3.36986
-3.36987
-3.36972
-3.36973
-3.36958
-3.36959
-3.3696
-3.36976
-3.36932
-3.36978
-3.36964
-3.36981
-3.36997
-3.36983
-3.36954
-3.36956
-3.36927
-3.36929
-3.3693
-3.36947
-3.36919
-3.36905
-3.36922
-3.36924
-3.36881
-3.36868
-3.36885
-3.36842
-3.36845
-3.36862
-3.36879
-3.36912
-3.36929
-3.36947
-3.36949
-3.36967
-3.36984
-3.36972
-3.36959
-3.36961
-3.36994
-3.36981
-3.36999
-3.36956
-3.36958
-3.36946
-3.36963
-3.3695
-3.36967
-3.36969
-3.37002
-3.37003
-3.3696
-3.36977
-3.36964
-3.3695
-3.36967
-3.36954
-3.3697
-3.36957
-3.36989
-3.36975
-3.36991
-3.37008
-3.37024
-3.3704
-3.37042
-3.37013
-3.37029
-3.3703
-3.37031
-3.37032
-3.37033
-3.37094
-3.37095
-3.37096
-3.37097
-3.37098
-3.37084
-3.3707
-3.37071
-3.37057
-3.37088
-3.37089
-3.3706
-3.37061
-3.37017
-3.36988
-3.36944
-3.36945
-3.36931
-3.36917
-3.36934
-3.36935
-3.36967
-3.36983
-3.3697
-3.36971
-3.37003
-3.36989
-3.36991
-3.37053
-3.3707
-3.37072
-3.37059
-3.37121
-3.37138
-3.3714
-3.37157
-3.37159
-3.37161
-3.37164
-3.37166
-3.37153
-3.3714
-3.37142
-3.37175
-3.37208
-3.37225
