1.10962
1.10814
1.10664
1.10512
1.10358
1.10203
1.10047
1.0989
1.09732
1.09574
1.09416
1.09258
1.09101
1.08944
1.08788
1.08634
1.0848
1.08329
1.08179
1.08032
1.07886
1.07744
1.07604
1.07466
1.07332
1.07201
1.07073
1.06949
1.06828
1.06711
1.06597
1.06488
1.06382
1.0628
1.06182
1.06089
1.05999
1.05913
1.05832
1.05754
1.05681
1.05612
1.05547
1.05487
1.0543
1.05378
1.05329
1.05285
1.05245
1.05209
1.05177
1.0515
1.05126
1.05107
1.05092
1.05081
1.05074
1.05072
1.05074
1.0508
1.0509
1.05105
1.05124
1.05148
1.05176
1.05209
1.05246
1.05288
1.05334
1.05385
1.0544
1.05501
1.05565
1.05634
1.05708
1.05786
1.05868
1.05955
1.06046
1.06141
1.0624
1.06343
1.0645
1.0656
1.06674
1.06792
1.06913
1.07037
1.07163
1.07293
1.07425
1.0756
1.07697
1.07835
1.07976
1.08118
1.08263
1.08408
1.08555
1.08702
1.08851
1.09001
1.09151
1.09302
1.09453
1.09604
1.09756
1.09908
1.1006
1.10212
1.10363
1.10515
1.10666
1.10818
1.10968
1.11119
1.11269
1.11419
1.11568
1.11717
1.11865
1.12012
1.12159
1.12305
1.1245
1.12595
1.12738
1.12881
1.13022
1.13162
1.13301
1.13439
1.13575
1.13709
1.13842
1.13973
1.14102
1.14229
1.14353
1.14475
1.14595
1.14711
1.14825
1.14936
1.15044
1.15148
1.15249
1.15346
1.15439
1.15528
1.15613
1.15693
1.15769
1.1584
1.15907
1.15968
1.16025
1.16076
1.16122
1.16162
1.16197
1.16226
1.16249
1.16267
1.16278
1.16284
1.16283
1.16276
1.16263
1.16244
1.16219
1.16188
1.1615
1.16106
1.16057
1.16001
1.15939
1.15871
1.15797
1.15717
1.15632
1.1554
1.15444
1.15341
1.15234
1.15121
1.15003
1.14879
1.14751
1.14619
1.14481
1.1434
1.14194
1.14044
1.1389
1.13732
1.13571
1.13407
1.1324
1.13069
1.12896
1.1272
1.12541
1.1236
1.12178
1.11993
1.11806
1.11618
1.11428
1.11237
1.11045
1.10852
1.10658
1.10464
1.10268
1.10072
1.09876
1.0968
1.09483
1.09287
1.0909
1.08893
1.08696
1.085
1.08304
1.08108
1.07912
1.07716
1.07521
1.07327
1.07132
1.06939
1.06745
1.06553
1.06361
1.06169
1.05978
1.05788
1.05598
1.0541
1.05222
1.05035
1.04849
1.04664
1.04481
1.04298
1.04118
1.03938
1.03761
1.03585
1.03411
1.03239
1.0307
1.02903
1.02738
1.02577
1.02419
1.02264
1.02112
1.01964
1.0182
1.01681
1.01545
1.01414
1.01288
1.01168
1.01052
1.00942
1.00837
1.00738
1.00646
1.00559
1.00479
1.00405
1.00338
1.00278
1.00225
1.00178
1.00139
1.00106
1.00081
1.00063
1.00052
1.00048
1.00051
1.00061
1.00079
1.00103
1.00134
1.00171
1.00215
1.00265
1.00322
1.00385
1.00453
1.00528
1.00607
1.00692
1.00782
1.00877
1.00976
1.0108
1.01188
1.01299
1.01414
1.01533
1.01654
1.01778
1.01905
1.02035
1.02166
1.02299
1.02434
1.0257
1.02707
1.02845
1.02985
1.03124
1.03264
1.03405
1.03545
1.03685
1.03825
1.03965
1.04104
1.04243
1.0438
1.04517
1.04653
1.04788
1.04922
1.05055
1.05187
1.05318
1.05447
1.05575
1.05702
1.05828
1.05952
1.06075
1.06197
1.06317
1.06436
1.06554
1.06671
1.06786
1.06901
1.07014
1.07126
1.07236
1.07346
1.07455
1.07563
1.07669
1.07775
1.0788
1.07984
1.08087
1.08189
1.0829
1.08391
1.0849
1.08589
1.08687
1.08785
1.08881
1.08977
1.09073
1.09167
1.09261
1.09355
1.09447
1.09539
1.09631
1.09722
1.09812
1.09901
1.0999
1.10079
1.10167
1.10254
1.10341
1.10427
1.10513
1.10598
1.10683
1.10768
1.10852
1.10935
1.11018
1.11101
1.11183
1.11264
1.11346
1.11426
1.11507
1.11587
1.11666
1.11745
1.11823
1.11901
1.11979
1.12056
1.12132
1.12208
1.12284
1.12358
1.12432
1.12506
1.12578
1.1265
1.12721
1.1279
1.12859
1.12927
1.12994
1.13059
1.13124
1.13187
1.13249
1.1331
1.13369
1.13427
1.13483
1.13537
1.1359
1.13641
1.13691
1.13738
1.13784
1.13828
1.1387
1.13911
1.13949
1.13985
1.14019
1.14052
1.14082
1.1411
1.14137
1.14161
1.14183
1.14204
1.14222
1.14239
1.14254
1.14266
1.14277
1.14286
1.14294
1.14299
1.14303
1.14305
1.14306
1.14305
1.14302
1.14298
1.14292
1.14286
1.14277
1.14268
1.14257
1.14245
1.14231
1.14217
1.14202
1.14185
1.14168
1.14149
1.1413
1.14109
1.14088
1.14066
1.14044
1.1402
1.13996
1.13972
1.13946
1.1392
1.13894
1.13866
1.13839
1.13811
1.13782
1.13753
1.13723
1.13694
1.13663
1.13633
1.13602
1.13571
1.1354
1.13508
1.13476
1.13445
1.13413
1.13381
1.13349
1.13317
1.13286
1.13254
1.13222
1.13191
1.13159
1.13128
1.13097
1.13066
1.13036
1.13006
1.12976
1.12946
1.12917
1.12888
1.12859
1.12831
1.12803
1.12775
1.12748
1.12721
1.12695
1.12669
1.12643
1.12618
1.12593
1.12568
1.12544
1.12519
1.12495
1.12472
1.12448
1.12424
1.124
1.12377
1.12353
1.1233
1.12306
1.12282
1.12257
1.12233
1.12208
1.12183
1.12157
1.1213
1.12103
1.12076
1.12047
1.12018
1.11988
1.11957
1.11925
1.11892
1.11857
1.11822
1.11785
1.11748
1.11708
1.11668
1.11626
1.11583
1.11538
1.11492
1.11445
1.11396
1.11345
1.11293
1.1124
1.11185
1.11129
1.11071
1.11012
1.10952
1.10891
1.10828
1.10765
1.107
1.10634
1.10568
1.10501
1.10433
1.10364
1.10295
1.10226
1.10157
1.10087
1.10018
1.09948
1.09879
1.09811
1.09743
1.09676
1.0961
1.09546
1.09482
1.09421
1.0936
1.09302
1.09246
1.09192
1.0914
1.09091
1.09045
1.09001
1.0896
1.08922
1.08887
1.08856
1.08827
1.08802
1.08781
1.08763
1.08748
1.08737
1.08729
1.08725
1.08724
1.08727
1.08732
1.08741
1.08754
1.08769
1.08787
1.08807
1.0883
1.08856
1.08884
1.08914
1.08946
1.08979
1.09014
1.0905
1.09087
1.09125
1.09163
1.09202
1.0924
1.09279
1.09317
1.09354
1.0939
1.09426
1.0946
1.09492
1.09523
1.09551
1.09578
1.09603
1.09625
1.09644
1.09661
1.09675
1.09686
1.09695
1.097
1.09701
1.097
1.09695
1.09687
1.09676
1.09661
1.09643
1.09622
1.09597
1.09568
1.09537
1.09502
1.09463
1.09422
1.09377
1.09329
1.09279
1.09225
1.09168
1.09109
1.09047
1.08982
1.08915
1.08846
1.08775
1.08701
1.08625
1.08548
1.08469
1.08388
1.08305
1.08222
1.08136
1.0805
1.07963
1.07874
1.07785
1.07695
1.07604
1.07513
1.07421
1.07329
1.07236
1.07144
1.07052
1.06959
1.06867
1.06775
1.06684
1.06593
1.06503
1.06413
1.06325
1.06237
1.0615
1.06064
1.0598
1.05897
1.05815
1.05735
1.05656
1.0558
1.05505
1.05432
1.05361
1.05293
1.05227
1.05164
1.05103
1.05045
1.0499
1.04937
1.04888
1.04842
1.04799
1.0476
1.04724
1.04691
1.04662
1.04637
1.04615
1.04597
1.04582
1.04572
1.04565
1.04561
1.04562
1.04565
1.04573
1.04583
1.04597
1.04615
1.04635
1.04658
1.04683
1.04711
1.04742
1.04775
1.04809
1.04845
1.04883
1.04922
1.04961
1.05002
1.05043
1.05084
1.05124
1.05165
1.05204
1.05243
1.0528
1.05316
1.0535
1.05383
1.05413
1.0544
1.05465
1.05486
1.05505
1.0552
1.05532
1.0554
1.05544
1.05545
1.05541
1.05533
1.05521
1.05505
1.05484
1.05459
1.05429
1.05395
1.05356
1.05313
1.05265
1.05213
1.05156
1.05095
1.0503
1.0496
1.04887
1.04809
1.04728
1.04642
1.04553
1.04461
1.04365
1.04266
1.04164
1.04058
1.0395
1.0384
1.03727
1.03612
1.03495
1.03376
1.03256
1.03134
1.03012
1.02888
1.02764
1.0264
1.02515
1.02391
1.02267
1.02144
1.02022
1.01901
1.01782
1.01665
1.01549
1.01436
1.01326
1.01219
1.01114
1.01013
1.00916
1.00823
1.00734
1.00649
1.00569
1.00494
1.00424
1.0036
1.00301
1.00247
1.002
1.00159
1.00124
1.00096
1.00074
1.00059
1.00051
1.00049
1.00055
1.00068
1.00088
1.00116
1.0015
1.00192
1.00241
1.00297
1.00361
1.00432
1.0051
1.00595
1.00687
1.00786
1.00892
1.01004
1.01123
1.01248
1.01379
1.01516
1.01659
1.01807
1.01961
1.0212
1.02283
1.02452
1.02624
1.02801
1.02981
1.03165
1.03352
1.03541
1.03734
1.03928
1.04125
1.04324
1.04523
1.04724
1.04926
1.05128
1.0533
1.05532
1.05734
1.05935
1.06134
1.06333
1.0653
1.06725
1.06918
1.07109
1.07298
1.07483
1.07666
1.07845
1.08021
1.08194
1.08363
1.08528
1.08688
1.08845
1.08997
1.09145
1.09288
1.09427
1.09561
1.0969
1.09815
1.09934
1.10049
1.10158
1.10263
1.10362
1.10456
1.10546
1.1063
1.1071
1.10784
1.10854
1.10919
1.10979
1.11034
1.11085
1.11131
1.11172
1.11209
1.11241
1.11269
1.11292
1.11312
1.11327
1.11338
1.11345
1.11349
1.11348
1.11344
1.11336
1.11325
1.1131
1.11291
1.1127
1.11245
1.11216
1.11185
1.11151
1.11113
1.11072
1.11029
1.10983
1.10933
1.10881
1.10827
1.1077
1.1071
1.10647
1.10582
1.10515
1.10445
1.10372
1.10297
1.1022
1.10141
1.10059
1.09975
1.09888
1.098
1.09709
1.09617
1.09522
1.09425
1.09326
1.09225
1.09122
1.09018
1.08911
1.08803
1.08693
1.08581
1.08467
1.08352
1.08236
1.08118
1.07999
1.07878
1.07756
1.07633
1.07509
1.07384
1.07259
1.07132
1.07005
1.06878
1.0675
1.06622
1.06494
1.06366
1.06239
1.06111
1.05985
1.05859
1.05734
1.05611
1.05489
1.05368
1.05249
1.05133
1.05018
1.04906
1.04796
1.04689
1.04586
1.04485
1.04388
1.04295
1.04206
1.04121
1.0404
1.03963
1.03892
1.03825
1.03763
1.03706
1.03654
1.03608
1.03567
1.03532
1.03503
1.03479
1.03461
1.03448
1.03442
1.03441
1.03447
1.03458
1.03474
1.03497
1.03525
1.03559
1.03598
1.03642
1.03691
1.03746
1.03805
1.03869
1.03938
1.04011
1.04089
1.0417
1.04256
1.04345
1.04438
1.04534
1.04634
1.04737
1.04842
1.0495
1.05061
1.05174
1.05289
1.05407
1.05526
1.05647
1.05769
1.05893
1.06018
1.06145
1.06272
1.06401
1.0653
1.0666
1.0679
1.06921
1.07052
1.07183
1.07314
1.07445
1.07576
1.07707
1.07837
1.07967
1.08096
1.08224
1.08352
1.08479
1.08605
1.0873
1.08853
1.08976
1.09097
1.09216
1.09334
1.09451
1.09565
1.09678
1.09789
1.09898
1.10005
1.10109
1.10212
1.10312
1.1041
1.10505
1.10598
1.10688
1.10775
1.1086
1.10941
1.1102
1.11096
1.11169
1.11239
1.11306
1.11369
1.11429
1.11486
1.1154
1.1159
1.11637
1.11681
1.11721
1.11757
1.1179
1.11819
1.11845
1.11867
1.11886
1.11901
1.11912
1.11919
1.11923
1.11923
1.11919
1.11912
1.119
1.11885
1.11866
1.11843
1.11817
1.11786
1.11752
1.11714
1.11672
1.11626
1.11577
1.11523
1.11466
1.11405
1.1134
1.11272
1.11199
1.11123
1.11043
1.1096
1.10873
1.10782
1.10687
1.10589
1.10488
1.10383
1.10275
1.10163
1.10048
1.0993
1.09809
1.09685
1.09558
1.09428
1.09296
1.0916
1.09022
1.08882
1.08739
1.08595
1.08448
1.08299
1.08148
1.07996
1.07842
1.07687
1.07531
1.07373
1.07215
1.07056
1.06897
1.06737
1.06576
1.06416
1.06256
1.06096
1.05936
1.05777
1.05619
1.05461
1.05305
1.05149
1.04995
1.04843
1.04692
1.04543
1.04396
1.04252
1.04109
1.03969
1.03831
1.03696
1.03564
1.03435
1.03309
1.03186
1.03066
1.0295
1.02837
1.02728
1.02622
1.0252
1.02422
1.02328
1.02237
1.02151
1.02068
1.0199
1.01915
1.01845
1.01778
1.01716
1.01658
1.01604
1.01554
1.01508
1.01465
1.01427
1.01392
1.01361
1.01333
1.01309
1.01288
1.0127
1.01255
1.01243
1.01234
1.01226
1.01221
1.01218
1.01217
1.01218
1.0122
1.01223
1.01227
1.01231
1.01237
1.01242
1.01248
1.01254
1.01259
1.01264
1.01269
1.01272
1.01275
1.01277
1.01278
1.01277
1.01275
1.01272
1.01268
1.01262
1.01255
1.01246
1.01237
1.01226
1.01214
1.012
1.01187
1.01172
1.01157
1.01141
1.01125
1.01109
1.01093
1.01077
1.01062
1.01047
1.01034
1.01022
1.01012
1.01003
1.00996
1.00992
1.0099
1.0099
1.00994
1.01
1.0101
1.01024
1.01041
1.01061
1.01086
1.01115
1.01148
1.01185
1.01226
1.01272
1.01322
1.01377
1.01436
1.01499
1.01566
1.01638
1.01714
1.01793
1.01877
1.01964
1.02055
1.02149
1.02247
1.02347
1.0245
1.02556
1.02664
1.02774
1.02885
1.02999
1.03113
1.03228
1.03344
1.03461
1.03577
1.03693
1.03809
1.03924
1.04038
1.0415
1.04261
1.0437
1.04477
1.04582
1.04683
1.04782
1.04878
1.0497
1.05059
1.05144
1.05225
1.05302
1.05375
1.05444
1.05508
1.05567
1.05622
1.05672
1.05718
1.05758
1.05794
1.05825
1.05852
1.05874
1.05891
1.05904
1.05913
1.05918
1.05919
1.05916
1.0591
1.059
1.05887
1.05872
1.05853
1.05833
1.0581
1.05785
1.05759
1.05732
1.05704
1.05675
1.05646
1.05617
1.05588
1.0556
1.05532
1.05505
1.0548
1.05456
1.05434
1.05413
1.05395
1.0538
1.05367
1.05356
1.05349
1.05344
1.05343
1.05344
1.05349
1.05358
1.05369
1.05384
1.05402
1.05424
1.05449
1.05477
1.05509
1.05543
1.05581
1.05622
1.05666
1.05713
1.05762
1.05814
1.05868
1.05925
1.05984
1.06045
1.06108
1.06172
1.06238
1.06306
1.06374
1.06444
1.06515
1.06586
1.06658
1.0673
1.06803
1.06875
1.06948
1.0702
1.07092
1.07163
1.07233
1.07302
1.07371
1.07438
1.07504
1.07569
1.07632
1.07693
1.07753
1.07811
1.07867
1.0792
1.07972
1.08022
1.08069
1.08114
1.08157
1.08197
1.08235
1.0827
1.08303
1.08334
1.08362
1.08388
1.08411
1.08431
1.0845
1.08466
1.0848
1.08491
1.085
1.08507
1.08512
1.08515
1.08516
1.08515
1.08513
1.08509
1.08503
1.08496
1.08487
1.08477
1.08466
1.08454
1.08441
1.08427
1.08412
1.08396
1.0838
1.08364
1.08347
1.0833
1.08312
1.08295
1.08278
1.0826
1.08243
1.08226
1.0821
1.08194
1.08178
1.08163
1.08148
1.08134
1.08121
1.08108
1.08096
1.08085
1.08075
1.08066
1.08057
1.0805
1.08044
1.08038
1.08034
1.08031
1.08029
1.08028
1.08028
1.08029
1.08032
1.08036
1.08041
1.08048
1.08056
1.08066
1.08077
1.0809
1.08105
1.08121
1.08139
1.08159
1.08181
1.08205
1.08232
1.0826
1.08291
1.08324
1.08359
1.08397
1.08438
1.08481
1.08527
1.08575
1.08627
1.08681
1.08738
1.08798
1.08861
1.08927
1.08996
1.09068
1.09142
1.0922
1.093
1.09383
1.09468
1.09556
1.09647
1.0974
1.09835
1.09932
1.10032
1.10133
1.10236
1.1034
1.10446
1.10553
1.10662
1.10771
1.10881
1.10992
1.11103
1.11214
1.11325
1.11437
1.11548
1.11659
1.11769
1.11878
1.11987
1.12095
1.12201
1.12306
1.1241
1.12512
1.12613
1.12712
1.12809
1.12905
1.12998
1.13089
1.13177
1.13264
1.13347
1.13429
1.13507
1.13583
1.13656
1.13727
1.13794
1.13858
1.1392
1.13978
1.14033
1.14085
1.14133
1.14178
1.1422
1.14258
1.14292
1.14323
1.1435
1.14374
1.14394
1.1441
1.14422
1.1443
1.14434
1.14435
1.14431
1.14424
1.14412
1.14396
1.14377
1.14353
1.14326
1.14294
1.14258
1.14219
1.14175
1.14128
1.14076
1.14021
1.13962
1.13899
1.13833
1.13763
1.13689
1.13613
1.13533
1.13449
1.13363
1.13274
1.13182
1.13088
1.12991
1.12891
1.1279
1.12687
1.12582
1.12476
1.12369
1.12261
1.12151
1.12042
1.11932
1.11822
1.11713
1.11604
1.11496
1.1139
1.11285
1.11182
1.11081
1.10982
1.10886
1.10794
1.10705
1.10619
1.10538
1.10461
1.10388
1.10321
1.10258
1.10201
1.1015
1.10105
1.10065
1.10032
1.10006
1.09986
1.09973
1.09967
1.09968
1.09977
1.09992
1.10015
1.10045
1.10083
1.10128
1.1018
1.10239
1.10306
1.1038
1.10461
1.10548
1.10643
1.10744
1.10853
1.10967
1.11088
1.11215
1.11348
1.11486
1.1163
1.1178
1.11934
1.12094
1.12258
1.12427
1.12601
1.12778
1.1296
1.13145
1.13335
1.13527
1.13723
1.13923
1.14125
1.1433
1.14538
1.14748
1.14961
1.15176
1.15393
1.15611
1.15832
1.16054
1.16277
1.16502
1.16727
1.16954
1.17181
1.17409
1.17636
1.17864
1.18092
1.1832
1.18547
1.18773
1.18999
1.19223
1.19446
1.19667
1.19887
1.20104
1.20319
1.20531
1.2074
1.20946
1.21149
1.21348
1.21543
1.21734
1.2192
1.22102
1.22279
1.2245
1.22617
1.22777
1.22932
1.2308
1.23222
1.23358
1.23487
1.23609
1.23723
1.23831
1.2393
1.24022
1.24106
1.24182
1.2425
1.24309
1.24359
1.24402
1.24435
1.24459
1.24475
1.24481
1.24478
1.24466
1.24445
1.24414
1.24374
1.24325
1.24266
1.24198
1.24121
1.24034
1.23937
1.23832
1.23717
1.23593
1.2346
1.23318
1.23167
1.23008
1.2284
1.22663
1.22478
1.22284
1.22083
1.21874
1.21658
1.21434
1.21203
1.20965
1.20721
1.2047
1.20213
1.1995
1.19682
1.19409
1.19131
1.18848
1.18561
1.1827
1.17976
1.17679
1.17378
1.17076
1.16771
1.16464
1.16156
1.15846
1.15536
1.15225
1.14915
1.14604
1.14294
1.13984
1.13676
1.13369
1.13063
1.1276
1.12458
1.12158
1.11861
1.11566
1.11274
1.10985
1.10699
1.10415
1.10135
1.09858
1.09584
1.09313
1.09045
1.08781
1.0852
1.08261
1.08006
1.07754
1.07506
1.0726
1.07016
1.06776
1.06538
1.06303
1.06071
1.05841
1.05613
1.05387
1.05164
1.04943
1.04724
1.04508
1.04293
1.04081
1.0387
1.03662
1.03456
1.03252
1.0305
1.02851
1.02654
1.02459
1.02267
1.02078
1.01892
1.01709
1.0153
1.01353
1.01181
1.01012
1.00847
1.00687
1.00531
1.00379
1.00233
1.00092
0.999567
0.998268
0.997028
0.99585
0.994736
0.993688
0.992707
0.991797
0.990957
0.990191
0.9895
0.988886
0.988351
0.987895
0.98752
0.987227
0.987016
0.986888
0.986843
0.986881
0.987003
0.987208
0.987496
0.987866
0.988318
0.98885
0.989463
0.990154
0.990922
0.991766
0.992684
0.993675
0.994736
0.995865
0.99706
0.998319
0.999639
1.00102
1.00246
1.00395
1.00549
1.00708
1.00871
1.01039
1.01211
1.01387
1.01566
1.01749
1.01934
1.02123
1.02313
1.02506
1.027
1.02897
1.03094
1.03293
1.03492
1.03692
1.03892
1.04092
1.04292
1.04492
1.04691
1.04889
1.05086
1.05282
1.05477
1.05669
1.0586
1.06049
1.06236
1.0642
1.06602
1.06782
1.06958
1.07131
1.07302
1.07469
1.07633
1.07794
1.07951
1.08104
1.08254
1.084
1.08543
1.08682
1.08816
1.08947
1.09074
1.09197
1.09316
1.09431
1.09542
1.09649
1.09751
1.0985
1.09945
1.10035
1.10122
1.10205
1.10284
1.10359
1.1043
1.10498
1.10562
1.10622
1.10679
1.10732
1.10782
1.10828
1.10872
1.10912
1.10949
1.10983
1.11014
1.11042
1.11068
1.11091
1.11111
1.11129
1.11144
1.11157
1.11168
1.11177
1.11184
1.11188
1.11191
1.11192
1.11191
1.11188
1.11184
1.11179
1.11171
1.11163
1.11153
1.11142
1.1113
1.11117
1.11103
1.11087
1.11071
1.11055
1.11038
1.1102
1.11001
1.10982
1.10963
1.10944
1.10925
1.10905
1.10886
1.10867
1.10848
1.1083
1.10811
1.10794
1.10777
1.10761
1.10746
1.10731
1.10718
1.10705
1.10694
1.10683
1.10674
1.10666
1.10658
1.10653
1.10648
1.10644
1.10642
1.10641
1.1064
1.10641
1.10643
1.10645
1.10648
1.10652
1.10656
1.1066
1.10665
1.1067
1.10674
1.10678
1.10682
1.10685
1.10687
1.10688
1.10689
1.10688
1.10685
1.10682
1.10676
1.10669
1.10659
1.10648
1.10634
1.10619
1.10601
1.10581
1.10558
1.10533
1.10506
1.10476
1.10443
1.10409
1.10372
1.10332
1.10291
1.10247
1.10202
1.10155
1.10106
1.10055
1.10003
1.0995
1.09896
1.09842
1.09786
1.09731
1.09675
1.09619
1.09564
1.09509
1.09455
1.09402
1.09351
1.09301
1.09254
1.09208
1.09165
1.09125
1.09088
1.09054
1.09023
1.08997
1.08974
1.08955
1.08941
1.08932
1.08927
1.08928
1.08934
1.08945
1.08961
1.08984
1.09012
1.09046
1.09087
1.09133
1.09185
1.09244
1.09309
1.0938
1.09457
1.09541
1.09631
1.09727
1.09829
1.09937
1.1005
1.1017
1.10295
1.10426
1.10561
1.10702
1.10848
1.10998
1.11152
1.11311
1.11473
1.11639
1.11809
1.11981
1.12155
1.12332
1.12511
1.12692
1.12874
1.13057
1.1324
1.13424
1.13608
1.13791
1.13974
1.14155
1.14335
1.14514
1.1469
1.14864
1.15035
1.15203
1.15368
1.15529
1.15686
1.15839
1.15987
1.16131
1.1627
1.16404
1.16532
1.16654
1.16771
1.16881
1.16985
1.17083
1.17174
1.17259
1.17336
1.17407
1.17471
1.17527
1.17576
1.17617
1.17651
1.17678
1.17697
1.17708
1.17712
1.17708
1.17696
1.17677
1.1765
1.17615
1.17573
1.17523
1.17466
1.17401
1.17329
1.17249
1.17162
1.17068
1.16967
1.16859
1.16744
1.16622
1.16494
1.1636
1.16219
1.16073
1.1592
1.15762
1.15598
1.15429
1.15254
1.15075
1.14891
1.14702
1.1451
1.14313
1.14112
1.13907
1.137
1.13489
1.13275
1.13059
1.1284
1.12619
1.12396
1.12172
1.11946
1.1172
1.11492
1.11264
1.11035
1.10806
1.10577
1.10349
1.10121
1.09894
1.09668
1.09443
1.0922
1.08999
1.08779
1.08562
1.08346
1.08134
1.07924
1.07717
1.07513
1.07312
1.07115
1.06921
1.06731
1.06545
1.06363
1.06186
1.06013
1.05844
1.0568
1.05522
1.05368
1.05219
1.05076
1.04938
1.04805
1.04679
1.04558
1.04442
1.04333
1.0423
1.04133
1.04042
1.03957
1.03878
1.03806
1.0374
1.03681
1.03627
1.03581
1.0354
1.03506
1.03479
1.03457
1.03442
1.03434
1.03431
1.03435
1.03445
1.03461
1.03482
1.03509
1.03542
1.03581
1.03625
1.03675
1.03729
1.03789
1.03853
1.03923
1.03997
1.04075
1.04158
1.04244
1.04335
1.04429
1.04527
1.04628
1.04732
1.04839
1.04948
1.05061
1.05175
1.05292
1.0541
1.0553
1.05652
1.05774
1.05898
1.06023
1.06148
1.06274
1.064
1.06526
1.06652
1.06778
1.06903
1.07027
1.07151
1.07273
1.07394
1.07514
1.07633
1.0775
1.07865
1.07978
1.08089
1.08198
1.08305
1.0841
1.08512
1.08612
1.0871
1.08805
1.08898
1.08988
1.09076
1.09162
1.09245
1.09325
1.09404
1.0948
1.09553
1.09625
1.09695
1.09763
1.09829
1.09894
1.09957
1.10018
1.10079
1.10138
1.10196
1.10254
1.1031
1.10366
1.10422
1.10478
1.10534
1.1059
1.10645
1.10702
1.10759
1.10816
1.10874
1.10933
1.10993
1.11053
1.11115
1.11178
1.11242
1.11308
1.11374
1.11442
1.11511
1.11582
1.11653
1.11726
1.11799
1.11874
1.11949
1.12026
1.12103
1.1218
1.12258
1.12337
1.12415
1.12494
1.12572
1.12651
1.12728
1.12805
1.12882
1.12957
1.13032
1.13104
1.13176
1.13246
1.13314
1.13379
1.13443
1.13504
1.13563
1.13619
1.13672
1.13722
1.13769
1.13813
1.13853
1.13889
1.13922
1.13951
1.13976
1.13997
1.14014
1.14027
1.14035
1.14039
1.14039
1.14034
1.14025
1.14011
1.13993
1.13969
1.13942
1.13909
1.13872
1.13831
1.13784
1.13734
1.13679
1.13619
1.13555
1.13487
1.13415
1.13338
1.13258
1.13173
1.13085
1.12994
1.12899
1.12801
1.12699
1.12595
1.12489
1.1238
1.12269
1.12155
1.1204
1.11924
1.11806
1.11687
1.11568
1.11448
1.11327
1.11207
1.11087
1.10968
1.10849
1.10732
1.10615
1.10501
1.10388
1.10278
1.1017
1.10064
1.09961
1.09862
1.09765
1.09672
1.09583
1.09497
1.09415
1.09337
1.09264
1.09194
1.09129
1.09069
1.09013
1.08962
1.08915
1.08873
1.08835
1.08803
1.08775
1.08751
1.08732
1.08718
1.08709
1.08703
1.08702
1.08706
1.08713
1.08725
1.0874
1.08759
1.08782
1.08809
1.08839
1.08872
1.08908
1.08947
1.08988
1.09033
1.09079
1.09128
1.09179
1.09232
1.09286
1.09342
1.094
1.09458
1.09517
1.09577
1.09637
1.09698
1.09759
1.0982
1.09881
1.09941
1.1
1.10059
1.10117
1.10173
1.10229
1.10282
1.10334
1.10385
1.10433
1.10479
1.10522
1.10564
1.10602
1.10638
1.10671
1.10701
1.10727
1.10751
1.10771
1.10787
1.108
1.10809
1.10814
1.10815
1.10812
1.10805
1.10794
1.10779
1.10759
1.10735
1.10707
1.10675
1.10638
1.10597
1.10551
1.10502
1.10448
1.10389
1.10327
1.1026
1.1019
1.10116
1.10038
1.09956
1.09871
1.09782
1.09691
1.09596
1.09499
1.09399
1.09297
1.09193
1.09087
1.0898
1.08871
1.08761
1.0865
1.08539
1.08427
1.08315
1.08204
1.08093
1.07983
1.07874
1.07766
1.07659
1.07554
1.07451
1.0735
1.0725
1.07153
1.07058
1.06965
1.06874
1.06786
1.067
1.06616
1.06535
1.06456
1.06379
1.06303
1.0623
1.06158
1.06088
1.06019
1.05952
1.05885
1.05819
1.05754
1.0569
1.05626
1.05562
1.05499
1.05435
1.05371
1.05307
1.05243
1.05178
1.05112
1.05046
1.04979
1.04912
1.04844
1.04775
1.04706
1.04636
1.04566
1.04495
1.04424
1.04353
1.04283
1.04212
1.04142
1.04072
1.04004
1.03936
1.03869
1.03804
1.03741
1.03679
1.03619
1.03562
1.03507
1.03455
1.03406
1.0336
1.03318
1.03279
1.03244
1.03212
1.03185
1.03162
1.03144
1.0313
1.0312
1.03116
1.03116
1.03121
1.03131
1.03147
1.03167
1.03193
1.03224
1.0326
1.03302
1.03348
1.034
1.03457
1.03519
1.03586
1.03658
1.03735
1.03816
1.03903
1.03994
1.04089
1.04188
1.04292
1.044
1.04512
1.04628
1.04747
1.04869
1.04995
1.05124
1.05256
1.05391
1.05528
1.05668
1.05809
1.05953
1.06098
1.06245
1.06392
1.06542
1.06691
1.06842
1.06993
1.07144
1.07295
1.07447
1.07597
1.07747
1.07897
1.08045
1.08192
1.08338
1.08482
1.08625
1.08765
1.08903
1.09039
1.09173
1.09303
1.09431
1.09556
1.09678
1.09797
1.09912
1.10024
1.10132
1.10237
1.10338
1.10436
1.10529
1.10619
1.10704
1.10786
1.10864
1.10938
1.11008
1.11074
1.11137
1.11195
1.1125
1.11301
1.11349
1.11393
1.11433
1.1147
1.11504
1.11535
1.11562
1.11587
1.11608
1.11626
1.11642
1.11655
1.11665
1.11673
1.11678
1.1168
1.11681
1.11678
1.11674
1.11667
1.11658
1.11647
1.11634
1.11618
1.116
1.11579
1.11557
1.11532
1.11505
1.11475
1.11443
1.11409
1.11372
1.11333
1.11291
1.11248
1.11201
1.11153
1.11101
1.11048
1.10992
1.10934
1.10873
1.1081
1.10745
1.10678
1.10609
1.10537
1.10464
1.1039
1.10313
1.10236
1.10157
1.10077
1.09996
1.09914
1.09832
1.0975
1.09667
1.09585
1.09503
1.09422
1.09341
1.09262
1.09185
1.09109
1.09035
1.08963
1.08894
1.08828
1.08764
1.08704
1.08647
1.08595
1.08546
1.08501
1.08461
1.08425
1.08394
1.08368
1.08347
1.08332
1.08322
1.08317
1.08318
1.08325
1.08337
1.08355
1.08379
1.08408
1.08443
1.08484
1.08531
1.08582
1.0864
1.08702
1.08769
1.08841
1.08918
1.08999
1.09084
1.09174
1.09266
1.09363
1.09462
1.09564
1.09668
1.09774
1.09882
1.09992
1.10102
1.10214
1.10325
1.10437
1.10548
1.10658
1.10767
1.10874
1.1098
1.11084
1.11184
1.11282
1.11377
1.11468
1.11555
1.11638
1.11717
1.11791
1.1186
1.11924
1.11982
1.12035
1.12081
1.12122
1.12156
1.12184
1.12205
1.1222
1.12227
1.12228
1.12221
1.12207
1.12186
1.12157
1.12122
1.12078
1.12028
1.1197
1.11904
1.11832
1.11752
1.11664
1.1157
1.11468
1.1136
1.11244
1.11122
1.10993
1.10858
1.10717
1.1057
1.10416
1.10258
1.10093
1.09924
1.0975
1.09571
1.09387
1.092
1.09009
1.08814
1.08616
1.08415
1.08212
1.08007
1.078
1.07591
1.07382
1.07171
1.06961
1.0675
1.0654
1.06331
1.06123
1.05917
1.05713
1.05512
1.05313
1.05118
1.04926
1.04738
1.04556
1.04377
1.04205
1.04038
1.03876
1.03722
1.03573
1.03432
1.03298
1.03172
1.03054
1.02944
1.02842
1.02749
1.02664
1.02589
1.02522
1.02465
1.02418
1.0238
1.02351
1.02332
1.02323
1.02323
1.02333
1.02352
1.02382
1.0242
1.02468
1.02525
1.02591
1.02666
1.02749
1.02841
1.02942
1.0305
1.03166
1.03289
1.0342
1.03558
1.03703
1.03853
1.0401
1.04173
1.04341
1.04514
1.04691
1.04874
1.0506
1.0525
1.05443
1.05639
1.05838
1.06039
1.06242
1.06447
1.06653
1.0686
1.07068
1.07277
1.07486
1.07694
1.07902
1.0811
1.08317
1.08522
1.08726
1.08929
1.09129
1.09328
1.09524
1.09717
1.09907
1.10095
1.10279
1.1046
1.10637
1.10811
1.1098
1.11146
1.11307
1.11463
1.11615
1.11762
1.11904
1.12041
1.12172
1.12298
1.12419
1.12533
1.12642
1.12745
1.12841
1.12931
1.13015
1.13093
1.13163
1.13227
1.13284
1.13335
1.13378
1.13413
1.13442
1.13463
1.13477
1.13484
1.13483
1.13474
1.13458
1.13434
1.13403
1.13364
1.13317
1.13262
1.132
1.1313
1.13053
1.12968
1.12875
1.12774
1.12667
1.12551
1.12429
1.12299
1.12161
1.12017
1.11865
1.11707
1.11541
1.11369
1.11191
1.11005
1.10814
1.10616
1.10412
1.10202
1.09987
1.09765
1.09539
1.09307
1.0907
1.08828
1.08582
1.08332
1.08077
1.07818
1.07556
1.0729
1.07021
1.06749
1.06474
1.06197
1.05918
1.05637
1.05355
1.05072
1.04788
1.04504
1.04219
1.03936
1.03653
1.03372
1.03092
1.02815
1.0254
1.02269
1.02002
1.01739
1.01481
1.01229
1.00983
1.00743
1.00511
1.00287
1.00072
0.998657
0.996691
0.99483
0.993077
0.991438
0.989918
0.988523
0.987256
0.986121
0.985123
0.984263
0.983544
0.982967
0.982534
0.982244
0.982098
0.982095
0.982233
0.98251
0.982922
0.983468
0.984142
0.984941
0.985858
0.986889
0.988027
0.989267
0.990601
0.992023
0.993526
0.995102
0.996745
0.998446
1.0002
1.002
1.00384
1.00571
1.0076
1.00952
1.01145
1.01339
1.01533
1.01728
1.01922
1.02114
1.02306
1.02496
1.02684
1.02871
1.03054
1.03235
1.03414
1.03589
1.03762
1.03932
1.04098
1.04261
1.04421
1.04577
1.04731
1.0488
1.05027
1.0517
1.0531
1.05447
1.05581
1.05712
1.05839
1.05964
1.06085
1.06204
1.06319
1.06432
1.06542
1.06649
1.06753
1.06855
1.06954
1.0705
1.07143
1.07234
1.07322
1.07408
1.07491
1.07571
1.07648
1.07724
1.07796
1.07866
1.07933
1.07998
1.0806
1.08119
1.08176
1.08231
1.08283
1.08332
1.08379
1.08423
1.08464
1.08503
1.0854
1.08574
1.08605
1.08634
1.08661
1.08685
1.08707
1.08726
1.08743
1.08758
1.08771
1.08782
1.0879
1.08797
1.08802
1.08805
1.08806
1.08805
1.08803
1.08799
1.08794
1.08787
1.08779
1.0877
1.0876
1.08749
1.08737
1.08724
1.08711
1.08697
1.08682
1.08668
1.08653
1.08638
1.08624
1.08609
1.08595
1.08581
1.08568
1.08556
1.08545
1.08534
1.08524
1.08516
1.08509
1.08503
1.08499
1.08497
1.08496
1.08497
1.085
1.08504
1.08511
1.0852
1.08531
1.08544
1.08559
1.08577
1.08597
1.08619
1.08644
1.08671
1.087
1.08731
1.08765
1.08802
1.0884
1.08881
1.08924
1.08969
1.09017
1.09066
1.09118
1.09172
1.09227
1.09284
1.09343
1.09404
1.09466
1.0953
1.09595
1.09661
1.09729
1.09797
1.09866
1.09937
1.10008
1.1008
1.10152
1.10225
1.10298
1.10372
1.10446
1.1052
1.10594
1.10668
1.10742
1.10816
1.10889
1.10963
1.11036
1.11108
1.1118
1.11252
1.11323
1.11394
1.11464
1.11533
1.11602
1.11671
1.11738
1.11805
1.11872
1.11938
1.12004
1.12069
1.12134
1.12198
1.12262
1.12326
1.12389
1.12453
1.12516
1.12579
1.12643
1.12706
1.1277
1.12834
1.12899
1.12963
1.13029
1.13095
1.13161
1.13229
1.13297
1.13366
1.13436
1.13508
1.1358
1.13654
1.13729
1.13805
1.13883
1.13962
1.14043
1.14125
1.14209
1.14294
1.14381
1.1447
1.14561
1.14653
1.14746
1.14842
1.14939
1.15037
1.15137
1.15239
1.15342
1.15446
1.15552
1.15659
1.15767
1.15877
1.15987
1.16098
1.16209
1.16322
1.16435
1.16548
1.16661
1.16775
1.16889
1.17002
1.17115
1.17228
1.1734
1.17451
1.17562
1.17671
1.17779
1.17886
1.17991
1.18095
1.18196
1.18296
1.18393
1.18489
1.18581
1.18672
1.18759
1.18844
1.18926
1.19005
1.19081
1.19153
1.19223
1.19288
1.19351
1.1941
1.19465
1.19517
1.19564
1.19609
1.19649
1.19685
1.19718
1.19747
1.19771
1.19792
1.19809
1.19822
1.19831
1.19836
1.19836
1.19833
1.19826
1.19814
1.19799
1.1978
1.19756
1.19729
1.19697
1.19662
1.19622
1.19578
1.1953
1.19478
1.19422
1.19361
1.19297
1.19228
1.19155
1.19077
1.18995
1.18909
1.18819
1.18724
1.18625
1.18521
1.18413
1.183
1.18182
1.1806
1.17934
1.17803
1.17667
1.17526
1.17381
1.17232
1.17078
1.16919
1.16756
1.16589
1.16417
1.16241
1.16061
1.15877
1.15689
1.15497
1.15301
1.15102
1.149
1.14694
1.14486
1.14274
1.1406
1.13844
1.13625
1.13405
1.13184
1.12961
1.12736
1.12512
1.12287
1.12061
1.11836
1.11612
1.11389
1.11166
1.10946
1.10727
1.10511
1.10297
1.10087
1.09879
1.09675
1.09475
1.09279
1.09088
1.08902
1.0872
1.08544
1.08374
1.08209
1.0805
1.07897
1.07751
1.0761
1.07477
1.0735
1.0723
1.07116
1.0701
1.0691
1.06816
1.06729
1.06649
1.06575
1.06507
1.06445
1.0639
1.06339
1.06294
1.06255
1.0622
1.0619
1.06164
1.06142
1.06124
1.06109
1.06097
1.06087
1.0608
1.06075
1.06071
1.06069
1.06067
1.06066
1.06065
1.06064
1.06062
1.06059
1.06055
1.0605
1.06043
1.06034
1.06023
1.0601
1.05993
1.05975
1.05953
1.05928
1.059
1.05868
1.05834
1.05796
1.05754
1.0571
1.05662
1.05611
1.05557
1.055
1.05441
1.05379
1.05315
1.0525
1.05183
1.05114
1.05045
1.04976
1.04907
1.04838
1.04771
1.04705
1.04641
1.0458
1.04523
1.04469
1.0442
1.04376
1.04338
1.04307
1.04282
1.04265
1.04256
1.04256
1.04264
1.04283
1.04311
1.0435
1.04399
1.04459
1.0453
1.04613
1.04707
1.04812
1.04929
1.05057
1.05196
1.05345
1.05505
1.05676
1.05856
1.06045
1.06243
1.0645
1.06664
1.06886
1.07114
1.07348
1.07588
1.07832
1.0808
1.08332
1.08587
1.08845
1.09104
1.09364
1.09624
1.09885
1.10146
1.10405
1.10664
1.10921
1.11175
1.11427
1.11676
1.11922
1.12165
1.12404
1.12639
1.1287
1.13097
1.13319
1.13536
1.13749
1.13956
1.14159
1.14357
1.14549
1.14736
1.14917
1.15094
1.15264
1.1543
1.1559
1.15744
1.15893
1.16036
1.16174
1.16307
1.16434
1.16555
1.16672
1.16783
1.16888
1.16989
1.17084
1.17174
1.17259
1.17339
1.17414
1.17483
1.17548
1.17608
1.17664
1.17714
1.1776
1.17801
1.17838
1.1787
1.17897
1.1792
1.17939
1.17953
1.17963
1.1797
1.17972
1.1797
1.17964
1.17954
1.17941
1.17924
1.17904
1.1788
1.17852
1.17821
1.17787
1.1775
1.1771
1.17667
1.17621
1.17572
1.17521
1.17467
1.17411
1.17353
1.17292
1.1723
1.17165
1.17098
1.1703
1.1696
1.16888
1.16815
1.1674
1.16665
1.16588
1.1651
1.16431
1.16351
1.16271
1.1619
1.16108
1.16026
1.15943
1.1586
1.15776
1.15692
1.15608
1.15523
1.15438
1.15353
1.15268
1.15182
1.15097
1.15011
1.14925
1.14838
1.14752
1.14665
1.14577
1.1449
1.14402
1.14313
1.14224
1.14134
1.14044
1.13953
1.13861
1.13769
1.13676
1.13582
1.13488
1.13392
1.13296
1.13199
1.13102
1.13003
1.12904
1.12804
1.12703
1.12602
1.125
1.12398
1.12295
1.12192
1.12089
1.11985
1.11882
1.11778
1.11675
1.11573
1.11471
1.11369
1.11268
1.11169
1.1107
1.10973
1.10877
1.10783
1.10691
1.106
1.10512
1.10426
1.10342
1.10262
1.10183
1.10108
1.10036
1.09967
1.09901
1.09839
1.0978
1.09725
1.09674
1.09626
1.09583
1.09543
1.09507
1.09475
1.09447
1.09423
1.09403
1.09386
1.09374
1.09366
1.09361
1.09361
1.09363
1.0937
1.0938
1.09393
1.0941
1.09429
1.09452
1.09478
1.09506
1.09537
1.09571
1.09606
1.09644
1.09684
1.09725
1.09768
1.09812
1.09858
1.09904
1.09952
1.1
1.10049
1.10098
1.10147
1.10197
1.10246
1.10295
1.10343
1.10391
1.10438
1.10484
1.10528
1.10572
1.10614
1.10654
1.10693
1.1073
1.10764
1.10797
1.10827
1.10855
1.10881
1.10903
1.10923
1.10941
1.10955
1.10967
1.10975
1.1098
1.10983
1.10982
1.10977
1.1097
1.10959
1.10946
1.10928
1.10908
1.10885
1.10858
1.10829
1.10796
1.10761
1.10722
1.10681
1.10638
1.10591
1.10543
1.10492
1.1044
1.10385
1.10329
1.10271
1.10212
1.10152
1.10091
1.10029
1.09967
1.09904
1.09841
1.09779
1.09717
1.09656
1.09595
1.09536
1.09478
1.09422
1.09367
1.09314
1.09264
1.09216
1.0917
1.09127
1.09087
1.09051
1.09017
1.08987
1.0896
1.08937
1.08918
1.08902
1.08891
1.08883
1.0888
1.0888
1.08885
1.08894
1.08906
1.08923
1.08944
1.08969
1.08998
1.09031
1.09068
1.09108
1.09152
1.092
1.09251
1.09305
1.09362
1.09422
1.09485
1.09551
1.0962
1.0969
1.09763
1.09838
1.09915
1.09993
1.10073
1.10154
1.10236
1.10318
1.10402
1.10486
1.1057
1.10654
1.10738
1.10822
1.10905
1.10988
1.11069
1.1115
1.1123
1.11308
1.11385
1.1146
1.11534
1.11605
1.11675
1.11742
1.11807
1.1187
1.1193
1.11988
1.12042
1.12094
1.12143
1.1219
1.12233
1.12272
1.12309
1.12343
1.12373
1.124
1.12423
1.12443
1.12459
1.12472
1.12481
1.12487
1.12489
1.12488
1.12483
1.12475
1.12463
1.12447
1.12428
1.12406
1.1238
1.1235
1.12317
1.12281
1.12242
1.12199
1.12154
1.12105
1.12053
1.11998
1.1194
1.11879
1.11816
1.11749
1.1168
1.11609
1.11535
1.11459
1.1138
1.113
1.11217
1.11132
1.11046
1.10957
1.10867
1.10776
1.10683
1.10589
1.10494
1.10397
1.103
1.10203
1.10104
1.10005
1.09906
1.09807
1.09708
1.09609
1.0951
1.09412
1.09314
1.09218
1.09122
1.09028
1.08936
1.08845
1.08755
1.08668
1.08584
1.08501
1.08422
1.08345
1.08272
1.08202
1.08135
1.08072
1.08013
1.07958
1.07907
1.07861
1.07819
1.07782
1.0775
1.07722
1.077
1.07683
1.07671
1.07665
1.07664
1.07669
1.07679
1.07695
1.07716
1.07743
1.07775
1.07813
1.07856
1.07905
1.07958
1.08017
1.08081
1.0815
1.08223
1.08302
1.08384
1.08471
1.08562
1.08657
1.08755
1.08857
1.08962
1.0907
1.09181
1.09294
1.0941
1.09528
1.09648
1.09769
1.09892
1.10016
1.1014
1.10266
1.10392
1.10518
1.10644
1.1077
1.10895
1.1102
1.11144
1.11266
1.11388
1.11508
1.11627
1.11743
1.11858
1.1197
1.1208
1.12188
1.12293
1.12395
1.12495
1.12591
1.12684
1.12774
1.12861
1.12944
1.13023
1.13099
1.13171
1.1324
1.13304
1.13364
1.13421
1.13473
1.13521
1.13565
1.13604
1.13639
1.13671
1.13697
1.1372
1.13738
1.13752
1.13762
1.13767
1.13769
1.13766
1.13759
1.13748
1.13733
1.13714
1.13692
1.13665
1.13635
1.13601
1.13564
1.13524
1.1348
1.13433
1.13383
1.13331
1.13275
1.13218
1.13157
1.13095
1.1303
1.12964
1.12895
1.12825
1.12754
1.12681
1.12607
1.12532
1.12456
1.1238
1.12302
1.12225
1.12147
1.12069
1.11992
1.11914
1.11836
1.11759
1.11683
1.11607
1.11532
1.11458
1.11385
1.11313
1.11242
1.11172
1.11103
1.11036
1.1097
1.10905
1.10842
1.10781
1.10721
1.10662
1.10606
1.1055
1.10497
1.10445
1.10394
1.10345
1.10298
1.10252
1.10208
1.10166
1.10125
1.10086
1.10048
1.10012
1.09978
1.09945
1.09914
1.09885
1.09857
1.09831
1.09806
1.09783
1.09761
1.09742
1.09723
1.09707
1.09692
1.09679
1.09668
1.09658
1.0965
1.09644
1.09639
1.09636
1.09635
1.09636
1.09638
1.09642
1.09648
1.09656
1.09665
1.09677
1.0969
1.09705
1.09722
1.09741
1.09761
1.09783
1.09807
1.09832
1.0986
1.09889
1.09919
1.09951
1.09985
1.1002
1.10057
1.10096
1.10135
1.10176
1.10219
1.10262
1.10307
1.10354
1.10401
1.10449
1.10499
1.1055
1.10602
1.10655
1.10708
1.10763
1.10819
1.10876
1.10934
1.10993
1.11052
1.11112
1.11173
1.11235
1.11298
1.11361
1.11425
1.1149
1.11556
1.11622
1.11689
1.11757
1.11826
1.11895
1.11965
1.12036
1.12107
1.12179
1.12251
1.12324
1.12398
1.12472
1.12547
1.12622
1.12698
1.12775
1.12852
1.1293
1.13008
1.13086
1.13165
1.13244
1.13323
1.13402
1.13482
1.13562
1.13642
1.13722
1.13802
1.13882
1.13961
1.14041
1.1412
1.142
1.14278
1.14357
1.14435
1.14512
1.14589
1.14665
1.14741
1.14816
1.1489
1.14963
1.15036
1.15107
1.15178
1.15247
1.15315
1.15382
1.15448
1.15513
1.15576
1.15638
1.15699
1.15758
1.15816
1.15873
1.15928
1.15982
1.16034
1.16084
1.16133
1.1618
1.16226
1.16269
1.16311
1.16352
1.1639
1.16426
1.16461
1.16494
1.16525
1.16554
1.1658
1.16605
1.16628
1.16649
1.16667
1.16684
1.16698
1.1671
1.16719
1.16727
1.16732
1.16734
1.16735
1.16733
1.16728
1.16721
1.16712
1.167
1.16685
1.16668
1.16649
1.16627
1.16603
1.16577
1.16548
1.16516
1.16482
1.16446
1.16407
1.16366
1.16323
1.16278
1.1623
1.1618
1.16128
1.16074
1.16018
1.1596
1.159
1.15838
1.15774
1.15709
1.15642
1.15574
1.15504
1.15433
1.1536
1.15287
1.15212
1.15135
1.15058
1.1498
1.14901
1.1482
1.14739
1.14658
1.14575
1.14492
1.14408
1.14324
1.1424
1.14154
1.14069
1.13983
1.13897
1.1381
1.13723
1.13636
1.13549
1.13462
1.13375
1.13288
1.13201
1.13115
1.13028
1.12942
1.12856
1.12771
1.12686
1.12602
1.12519
1.12436
1.12354
1.12274
1.12194
1.12116
1.12038
1.11963
1.11889
1.11817
1.11746
1.11677
1.11611
1.11547
1.11485
1.11426
1.11369
1.11315
1.11264
1.11217
1.11172
1.11131
1.11093
1.11059
1.11029
1.11002
1.1098
1.10962
1.10948
1.10938
1.10933
1.10932
1.10937
1.10946
1.10959
1.10978
1.11002
1.1103
1.11064
1.11103
1.11147
1.11196
1.1125
1.11309
1.11373
1.11443
1.11517
1.11596
1.1168
1.11769
1.11863
1.11961
1.12064
1.12171
1.12282
1.12398
1.12517
1.12641
1.12768
1.12898
1.13032
1.13169
1.13308
1.13451
1.13595
1.13742
1.13891
1.14042
1.14195
1.14348
1.14503
1.14659
1.14815
1.14972
1.15129
1.15287
1.15444
1.156
1.15756
1.15911
1.16065
1.16218
1.16369
1.16519
1.16667
1.16812
1.16956
1.17097
1.17235
1.17371
1.17503
1.17633
1.17759
1.17882
1.18001
1.18117
1.18229
1.18337
1.18441
1.18541
1.18637
1.18729
1.18816
1.189
1.18978
1.19053
1.19123
1.19188
1.1925
1.19307
1.19359
1.19408
1.19452
1.19492
1.19529
1.19561
1.1959
1.19614
1.19636
1.19653
1.19668
1.19679
1.19687
1.19692
1.19694
1.19694
1.1969
1.19685
1.19677
1.19667
1.19655
1.19641
1.19625
1.19607
1.19587
1.19566
1.19544
1.1952
1.19494
1.19467
1.19439
1.1941
1.19379
1.19347
1.19313
1.19279
1.19243
1.19206
1.19167
1.19127
1.19086
1.19043
1.18998
1.18952
1.18904
1.18854
1.18803
1.1875
1.18695
1.18637
1.18578
1.18517
1.18453
1.18387
1.18318
1.18247
1.18174
1.18098
1.18019
1.17938
1.17854
1.17767
1.17677
1.17585
1.17489
1.17391
1.1729
1.17187
1.1708
1.16971
1.16859
1.16744
1.16626
1.16506
1.16383
1.16257
1.16129
1.15999
1.15866
1.15731
1.15593
1.15453
1.15312
1.15168
1.15023
1.14876
1.14727
1.14577
1.14426
1.14274
1.1412
1.13966
1.1381
1.13655
1.13498
1.13342
1.13185
1.13028
1.12872
1.12716
1.12561
1.12406
1.12252
1.12099
1.11948
1.11798
1.11649
1.11503
1.11358
1.11215
1.11075
1.10937
1.10801
1.10669
1.10539
1.10412
1.10289
1.10169
1.10052
1.09939
1.0983
1.09724
1.09623
1.09526
1.09433
1.09344
1.09259
1.09179
1.09104
1.09033
1.08967
1.08905
1.08848
1.08796
1.08749
1.08707
1.08669
1.08636
1.08608
1.08585
1.08566
1.08552
1.08543
1.08538
1.08537
1.08541
1.0855
1.08562
1.08579
1.08599
1.08624
1.08652
1.08684
1.0872
1.08759
1.08802
1.08849
1.08898
1.08951
1.09007
1.09066
1.09128
1.09193
1.09261
1.09331
1.09404
1.0948
1.09559
1.0964
1.09723
1.09809
1.09897
1.09988
1.10081
1.10176
1.10274
1.10374
1.10475
1.1058
1.10686
1.10794
1.10904
1.11016
1.1113
1.11246
1.11364
1.11484
1.11605
1.11728
1.11853
1.11978
1.12106
1.12234
1.12364
1.12494
1.12626
1.12758
1.1289
1.13023
1.13157
1.1329
1.13423
1.13556
1.13688
1.13819
1.1395
1.14079
1.14207
1.14333
1.14458
1.1458
1.14701
1.14818
1.14933
1.15045
1.15154
1.1526
1.15362
1.1546
1.15554
1.15645
1.15731
1.15813
1.1589
1.15963
1.16031
1.16094
1.16152
1.16205
1.16253
1.16296
1.16334
1.16366
1.16393
1.16416
1.16432
1.16444
1.16451
1.16452
1.16449
1.16441
1.16427
1.1641
1.16387
1.1636
1.16329
1.16294
1.16254
1.16211
1.16164
1.16114
1.1606
1.16003
1.15943
1.1588
1.15814
1.15746
1.15676
1.15603
1.15528
1.15452
1.15374
1.15294
1.15212
1.1513
1.15046
1.14962
1.14877
1.14791
1.14704
1.14617
1.14529
1.14442
1.14354
1.14266
1.14178
1.14089
1.14002
1.13914
1.13826
1.13739
1.13652
1.13565
1.13479
1.13393
1.13308
1.13222
1.13138
1.13053
1.1297
1.12886
1.12803
1.12721
1.12639
1.12558
1.12477
1.12397
1.12318
1.1224
1.12162
1.12086
1.1201
1.11936
1.11863
1.11792
1.11722
1.11654
1.11588
1.11524
1.11462
1.11403
1.11347
1.11293
1.11243
1.11196
1.11152
1.11112
1.11076
1.11044
1.11016
1.10992
1.10973
1.10958
1.10948
1.10942
1.10941
1.10945
1.10954
1.10967
1.10984
1.11006
1.11033
1.11064
1.11098
1.11137
1.11179
1.11224
1.11273
1.11324
1.11378
1.11434
1.11492
1.11552
1.11612
1.11674
1.11737
1.11799
1.11862
1.11924
1.11986
1.12047
1.12107
1.12166
1.12223
1.12278
1.12331
1.12381
1.1243
1.12475
1.12518
1.12558
1.12595
1.12629
1.12659
1.12686
1.12709
1.12729
1.12746
1.12758
1.12767
1.12773
1.12774
1.12772
1.12766
1.12756
1.12742
1.12724
1.12702
1.12676
1.12646
1.12612
1.12575
1.12533
1.12487
1.12436
1.12382
1.12324
1.12261
1.12194
1.12123
1.12048
1.11968
1.11884
1.11796
1.11703
1.11606
1.11505
1.11399
1.11288
1.11174
1.11054
1.10931
1.10803
1.10671
1.10534
1.10393
1.10248
1.10099
1.09946
1.09788
1.09627
1.09462
1.09293
1.0912
1.08944
1.08765
1.08583
1.08397
1.08209
1.08018
1.07825
1.07629
1.07431
1.07231
1.0703
1.06828
1.06624
1.06419
1.06214
1.06008
1.05802
1.05597
1.05392
1.05187
1.04983
1.04781
1.0458
1.04381
1.04184
1.03989
1.03796
1.03606
1.0342
1.03236
1.03056
1.0288
1.02707
1.02539
1.02375
1.02215
1.0206
1.0191
1.01765
1.01625
1.01491
1.01361
1.01237
1.01118
1.01005
1.00898
1.00796
1.007
1.00609
1.00524
1.00445
1.00372
1.00304
1.00241
1.00185
1.00133
1.00087
1.00047
1.00011
0.999806
0.99955
0.999341
0.999178
0.99906
0.998985
0.998951
0.998956
0.998999
0.999077
0.99919
0.999335
0.999511
0.999715
0.999946
1.0002
1.00048
1.00078
1.00111
1.00145
1.00181
1.00218
1.00257
1.00297
1.00338
1.0038
1.00423
1.00467
1.00511
1.00556
1.00602
1.00648
1.00695
1.00742
1.00789
1.00836
1.00884
1.00932
1.00981
1.0103
1.01079
1.01128
1.01178
1.01229
1.0128
1.01331
1.01384
1.01437
1.01491
1.01546
1.01602
1.01658
1.01716
1.01776
1.01836
1.01899
1.01962
1.02027
1.02094
1.02163
1.02234
1.02306
1.0238
1.02457
1.02535
1.02616
1.02698
1.02783
1.0287
1.02959
1.03051
1.03145
1.03241
1.03339
1.0344
1.03542
1.03647
1.03754
1.03863
1.03974
1.04087
1.04202
1.04319
1.04438
1.04558
1.0468
1.04804
1.04929
1.05055
1.05183
1.05312
1.05443
1.05574
1.05707
1.05841
1.05975
1.06111
1.06247
1.06384
1.06522
1.0666
1.06799
1.06939
1.07079
1.0722
1.07361
1.07502
1.07644
1.07786
1.07928
1.08071
1.08214
1.08357
1.085
1.08643
1.08787
1.0893
1.09074
1.09218
1.09361
1.09505
1.09648
1.09791
1.09934
1.10077
1.10219
1.10361
1.10502
1.10643
1.10783
1.10923
1.11061
1.11199
1.11336
1.11473
1.11607
1.11741
1.11874
1.12005
1.12135
1.12264
1.12391
1.12516
1.1264
1.12761
1.12881
1.12999
1.13115
1.13229
1.13341
1.1345
1.13557
1.13662
1.13764
1.13864
1.13961
1.14056
1.14148
1.14238
1.14324
1.14408
1.14489
1.14567
1.14643
1.14715
1.14785
1.14851
1.14915
1.14975
1.15033
1.15088
1.15139
1.15188
1.15234
1.15277
1.15317
1.15354
1.15388
1.15419
1.15448
1.15474
1.15497
1.15517
1.15535
1.1555
1.15563
1.15573
1.1558
1.15586
1.15589
1.1559
1.15588
1.15585
1.15579
1.15572
1.15562
1.15551
1.15538
1.15524
1.15508
1.1549
1.15471
1.15451
1.1543
1.15407
1.15383
1.15358
1.15333
1.15306
1.15279
1.15251
1.15222
1.15192
1.15162
1.15132
1.151
1.15069
1.15037
1.15005
1.14972
1.14939
1.14906
1.14872
1.14838
1.14804
1.14769
1.14734
1.14699
1.14663
1.14628
1.14591
1.14555
1.14518
1.14481
1.14443
1.14405
1.14366
1.14328
1.14288
1.14249
1.14208
1.14168
1.14127
1.14085
1.14043
1.14
1.13958
1.13914
1.1387
1.13826
1.13782
1.13737
1.13692
1.13646
1.136
1.13555
1.13508
1.13462
1.13416
1.1337
1.13324
1.13278
1.13232
1.13186
1.13141
1.13096
1.13051
1.13007
1.12964
1.12921
1.12879
1.12837
1.12797
1.12757
1.12719
1.12681
1.12645
1.1261
1.12576
1.12543
1.12512
1.12482
1.12453
1.12425
1.124
1.12375
1.12352
1.1233
1.1231
1.12291
1.12273
1.12257
1.12242
1.12228
1.12216
1.12204
1.12194
1.12185
1.12176
1.12168
1.12161
1.12155
1.12149
1.12143
1.12138
1.12133
1.12127
1.12122
1.12116
1.1211
1.12103
1.12095
1.12086
1.12077
1.12066
1.12053
1.12039
1.12023
1.12005
1.11985
1.11963
1.11938
1.1191
1.1188
1.11846
1.11809
1.11769
1.11726
1.11678
1.11627
1.11572
1.11513
1.11449
1.11381
1.11308
1.11231
1.11148
1.11061
1.10969
1.10871
1.10768
1.1066
1.10546
1.10427
1.10303
1.10172
1.10037
1.09896
1.09749
1.09596
1.09439
1.09275
1.09107
1.08933
1.08754
1.08569
1.0838
1.08186
1.07988
1.07785
1.07578
1.07367
1.07152
1.06933
1.06711
1.06486
1.06259
1.06028
1.05796
1.05562
1.05326
1.05089
1.04851
1.04613
1.04374
1.04135
1.03898
1.03661
1.03425
1.0319
1.02958
1.02728
1.025
1.02275
1.02054
1.01836
1.01621
1.01411
1.01205
1.01004
1.00807
1.00616
1.0043
1.00249
1.00074
0.999048
0.997416
0.995846
0.994338
0.992894
0.991514
0.990201
0.988954
0.987775
0.986665
0.985624
0.984653
0.983753
0.982925
0.982168
0.981484
0.980872
0.980335
0.979871
0.979483
0.97917
0.978934
0.978775
0.978694
0.978692
0.97877
0.978929
0.97917
0.979494
0.979903
0.980397
0.980978
0.981646
0.982403
0.98325
0.984189
0.98522
0.986344
0.987562
0.988874
0.990283
0.991786
0.993386
0.995081
0.996873
0.99876
1.00074
1.00282
1.00499
1.00725
1.0096
1.01204
1.01457
1.01718
1.01987
1.02263
1.02547
1.02838
1.03136
1.0344
1.0375
1.04065
1.04386
1.04711
1.05039
1.05372
1.05707
1.06045
1.06385
1.06726
1.07068
1.07411
1.07754
1.08096
1.08438
1.08777
1.09115
1.09451
1.09783
1.10113
1.10439
1.10761
1.11079
1.11392
1.117
1.12003
1.12301
1.12592
1.12878
1.13158
1.13431
1.13697
1.13957
1.1421
1.14456
1.14695
1.14926
1.15151
1.15368
1.15579
1.15781
1.15977
1.16165
1.16346
1.1652
1.16687
1.16847
1.17
1.17146
1.17285
1.17418
1.17544
1.17664
1.17778
1.17885
1.17987
1.18083
1.18173
1.18258
1.18337
1.18411
1.18481
1.18545
1.18605
1.18661
1.18712
1.1876
1.18803
1.18843
1.18879
1.18911
1.18941
1.18967
1.18991
1.19012
1.1903
1.19046
1.1906
1.19071
1.19081
1.19089
1.19095
1.191
1.19103
1.19106
1.19106
1.19106
1.19106
1.19104
1.19102
1.19099
1.19096
1.19093
1.19089
1.19086
1.19082
1.19079
1.19076
1.19073
1.19072
1.1907
1.1907
1.1907
1.19072
1.19074
1.19077
1.19082
1.19089
1.19096
1.19106
1.19117
1.19129
1.19144
1.1916
1.19179
1.19199
1.19222
1.19247
1.19274
1.19303
1.19335
1.1937
1.19406
1.19446
1.19487
1.19532
1.19578
1.19628
1.19679
1.19734
1.1979
1.19849
1.19911
1.19974
1.2004
1.20108
1.20178
1.2025
1.20324
1.204
1.20478
1.20556
1.20637
1.20718
1.20801
1.20884
1.20969
1.21053
1.21139
1.21224
1.2131
1.21395
1.2148
1.21565
1.21649
1.21733
1.21815
1.21896
1.21976
1.22055
1.22131
1.22206
1.22279
1.22349
1.22417
1.22482
1.22545
1.22605
1.22662
1.22716
1.22766
1.22813
1.22856
1.22895
1.22931
1.22962
1.2299
1.23013
1.23032
1.23046
1.23056
1.23061
1.23061
1.23057
1.23048
1.23034
1.23016
1.22992
1.22964
1.2293
1.22892
1.22848
1.228
1.22747
1.22688
1.22625
1.22557
1.22485
1.22407
1.22325
1.22239
1.22148
1.22052
1.21953
1.21849
1.21741
1.2163
1.21514
1.21395
1.21273
1.21147
1.21018
1.20885
1.2075
1.20612
1.20471
1.20328
1.20182
1.20034
1.19884
1.19732
1.19578
1.19423
1.19265
1.19106
1.18946
1.18785
1.18622
1.18458
1.18293
1.18127
1.17961
1.17793
1.17625
1.17456
1.17286
1.17116
1.16945
1.16774
1.16602
1.1643
1.16257
1.16084
1.15911
1.15737
1.15562
1.15387
1.15212
1.15037
1.14861
1.14684
1.14508
1.1433
1.14153
1.13975
1.13797
1.13618
1.13439
1.13259
1.13079
1.12898
1.12718
1.12536
1.12354
1.12172
1.11989
1.11806
1.11622
1.11438
1.11254
1.11069
1.10883
1.10698
1.10512
1.10325
1.10139
1.09952
1.09764
1.09577
1.09389
1.09201
1.09014
1.08826
1.08638
1.0845
1.08262
1.08074
1.07886
1.07699
1.07512
1.07325
1.07139
1.06954
1.06769
1.06585
1.06401
1.06219
1.06037
1.05857
1.05677
1.05499
1.05322
1.05147
1.04973
1.04801
1.0463
1.04461
1.04294
1.0413
1.03967
1.03807
1.03649
1.03493
1.03341
1.0319
1.03043
1.02898
1.02757
1.02618
1.02483
1.02351
1.02222
1.02097
1.01975
1.01858
1.01743
1.01633
1.01526
1.01424
1.01325
1.01231
1.0114
1.01054
1.00971
1.00893
1.00819
1.00749
1.00683
1.00621
1.00564
1.0051
1.0046
1.00414
1.00372
1.00333
1.00298
1.00267
1.00239
1.00214
1.00193
1.00175
1.00159
1.00146
1.00137
1.00129
1.00124
1.00122
1.00122
1.00124
1.00128
1.00134
1.00142
1.00152
1.00164
1.00178
1.00193
1.0021
1.00228
1.00249
1.00271
1.00295
1.0032
1.00347
1.00376
1.00407
1.0044
1.00474
1.00511
1.0055
1.00591
1.00634
1.00679
1.00727
1.00777
1.00829
1.00884
1.00941
1.01
1.01063
1.01127
1.01194
1.01263
1.01335
1.01409
1.01485
1.01563
1.01644
1.01726
1.0181
1.01896
1.01983
1.02071
1.02161
1.02252
1.02343
1.02435
1.02528
1.0262
1.02712
1.02804
1.02896
1.02987
1.03076
1.03165
1.03252
1.03338
1.03421
1.03503
1.03583
1.0366
1.03734
1.03806
1.03875
1.03941
1.04004
1.04063
1.0412
1.04173
1.04223
1.04269
1.04313
1.04353
1.0439
1.04425
1.04457
1.04486
1.04514
1.04539
1.04563
1.04585
1.04607
1.04628
1.04649
1.04671
1.04694
1.04718
1.04744
1.04773
1.04806
1.04843
1.04884
1.04931
1.04983
1.05043
1.05109
1.05184
1.05267
1.05358
1.0546
1.05571
1.05693
1.05826
1.0597
1.06125
1.06292
1.0647
1.0666
1.06862
1.07074
1.07298
1.07532
1.07777
1.08032
1.08295
1.08568
1.08849
1.09136
1.09431
1.09731
1.10036
1.10345
1.10658
1.10973
1.11289
1.11606
1.11922
1.12238
1.12551
1.12861
1.13168
1.13471
1.13769
1.14061
1.14346
1.14625
1.14897
1.1516
1.15415
1.15661
1.15898
1.16126
1.16343
1.16551
1.16749
1.16936
1.17113
1.17279
1.17434
1.17579
1.17713
1.17837
1.17949
1.18051
1.18142
1.18223
1.18293
1.18353
1.18403
1.18443
1.18473
1.18493
1.18504
1.18505
1.18498
1.18481
1.18455
1.1842
1.18378
1.18326
1.18267
1.182
1.18126
1.18044
1.17954
1.17858
1.17755
1.17645
1.17529
1.17407
1.17279
1.17145
1.17005
1.1686
1.1671
1.16554
1.16394
1.1623
1.1606
1.15887
1.15709
1.15528
1.15343
1.15155
1.14963
1.14768
1.1457
1.14369
1.14166
1.13961
1.13753
1.13544
1.13333
1.1312
1.12906
1.1269
1.12474
1.12257
1.1204
1.11822
1.11605
1.11387
1.1117
1.10954
1.10738
1.10524
1.10311
1.10099
1.09889
1.09681
1.09476
1.09272
1.09072
1.08874
1.0868
1.08489
1.08301
1.08117
1.07938
1.07762
1.07591
1.07425
1.07264
1.07108
1.06957
1.06811
1.06671
1.06538
1.0641
1.06288
1.06173
1.06064
1.05961
1.05866
1.05777
1.05695
1.05621
1.05553
1.05493
1.05439
1.05394
1.05355
1.05324
1.053
1.05284
1.05275
1.05273
1.05279
1.05292
1.05312
1.05339
1.05373
1.05414
1.05462
1.05517
1.05578
1.05645
1.05719
1.05798
1.05884
1.05975
1.06071
1.06172
1.06279
1.0639
1.06506
1.06626
1.0675
1.06877
1.07009
1.07143
1.0728
1.0742
1.07563
1.07707
1.07853
1.08001
1.0815
1.08301
1.08452
1.08603
1.08755
1.08907
1.09059
1.0921
1.0936
1.0951
1.09658
1.09805
1.0995
1.10094
1.10235
1.10375
1.10512
1.10646
1.10778
1.10907
1.11033
1.11156
1.11275
1.11391
1.11504
1.11613
1.11718
1.11819
1.11916
1.1201
1.12099
1.12184
1.12265
1.12341
1.12413
1.1248
1.12542
1.126
1.12653
1.12701
1.12745
1.12783
1.12816
1.12845
1.12868
1.12886
1.12899
1.12907
1.12909
1.12906
1.12897
1.12884
1.12864
1.1284
1.12809
1.12774
1.12732
1.12686
1.12633
1.12575
1.12512
1.12443
1.12369
1.12289
1.12204
1.12113
1.12017
1.11916
1.11809
1.11697
1.1158
1.11458
1.11331
1.11199
1.11063
1.10922
1.10776
1.10626
1.10471
1.10312
1.10149
1.09983
1.09812
1.09638
1.0946
1.0928
1.09096
1.08909
1.0872
1.08528
1.08334
1.08138
1.0794
1.07741
1.0754
1.07338
1.07135
1.06932
1.06728
1.06524
1.0632
1.06116
1.05913
1.0571
1.05509
1.05309
1.05111
1.04914
1.04719
1.04527
1.04337
1.0415
1.03966
1.03785
1.03607
1.03433
1.03263
1.03097
1.02935
1.02778
1.02625
1.02477
1.02334
1.02196
1.02064
1.01936
1.01815
1.01699
1.01589
1.01484
1.01386
1.01294
1.01208
1.01128
1.01054
1.00987
1.00927
1.00872
1.00825
1.00783
1.00749
1.0072
1.00698
1.00683
1.00673
1.0067
1.00674
1.00683
1.00699
1.00721
1.00749
1.00782
1.00822
1.00867
1.00917
1.00973
1.01034
1.011
1.01171
1.01247
1.01328
1.01413
1.01502
1.01595
1.01692
1.01793
1.01897
1.02005
1.02116
1.02229
1.02346
1.02464
1.02585
1.02709
1.02834
1.0296
1.03088
1.03218
1.03348
1.03479
1.03611
1.03744
1.03876
1.04009
1.04141
1.04274
1.04405
1.04536
1.04666
1.04795
1.04922
1.05048
1.05172
1.05294
1.05415
1.05533
1.05648
1.05762
1.05872
1.05979
1.06084
1.06185
1.06283
1.06377
1.06468
1.06555
1.06638
1.06718
1.06793
1.06863
1.0693
1.06992
1.07049
1.07102
1.0715
1.07194
1.07233
1.07266
1.07295
1.07319
1.07338
1.07352
1.07362
1.07366
1.07365
1.0736
1.0735
1.07335
1.07316
1.07292
1.07264
1.07231
1.07194
1.07153
1.07109
1.0706
1.07008
1.06953
1.06894
1.06832
1.06767
1.067
1.0663
1.06558
1.06484
1.06408
1.06331
1.06252
1.06172
1.0609
1.06008
1.05925
1.05842
1.05759
1.05675
1.05592
1.05509
1.05426
1.05344
1.05262
1.05182
1.05102
1.05024
1.04947
1.04871
1.04797
1.04724
1.04654
1.04584
1.04517
1.04452
1.04388
1.04327
1.04267
1.0421
1.04155
1.04102
1.04052
1.04003
1.03957
1.03914
1.03872
1.03834
1.03797
1.03763
1.03732
1.03703
1.03676
1.03653
1.03632
1.03613
1.03597
1.03584
1.03574
1.03566
1.03561
1.03559
1.03559
1.03562
1.03568
1.03577
1.03588
1.03603
1.0362
1.03639
1.03661
1.03686
1.03713
1.03743
1.03775
1.0381
1.03846
1.03886
1.03927
1.0397
1.04016
1.04063
1.04112
1.04163
1.04216
1.0427
1.04325
1.04383
1.04441
1.045
1.04561
1.04622
1.04684
1.04747
1.0481
1.04874
1.04938
1.05002
1.05066
1.05131
1.05195
1.05258
1.05321
1.05384
1.05446
1.05507
1.05568
1.05627
1.05686
1.05743
1.05799
1.05854
1.05907
1.05959
1.0601
1.06058
1.06106
1.06151
1.06195
1.06237
1.06277
1.06315
1.06352
1.06387
1.06419
1.0645
1.0648
1.06507
1.06533
1.06556
1.06578
1.06599
1.06618
1.06635
1.06651
1.06665
1.06678
1.0669
1.067
1.0671
1.06719
1.06726
1.06733
1.06739
1.06745
1.0675
1.06755
1.06759
1.06764
1.06768
1.06772
1.06777
1.06782
1.06787
1.06793
1.06799
1.06806
1.06814
1.06823
1.06832
1.06843
1.06855
1.06868
1.06882
1.06898
1.06915
1.06934
1.06954
1.06976
1.07
1.07025
1.07052
1.0708
1.0711
1.07142
1.07176
1.07212
1.07249
1.07288
1.07328
1.0737
1.07414
1.0746
1.07507
1.07555
1.07605
1.07656
1.07709
1.07763
1.07817
1.07873
1.0793
1.07987
1.08046
1.08104
1.08164
1.08223
1.08283
1.08343
1.08403
1.08462
1.08522
1.08581
1.08639
1.08697
1.08754
1.0881
1.08864
1.08918
1.0897
1.09021
1.0907
1.09118
1.09164
1.09208
1.0925
1.09289
1.09327
1.09362
1.09395
1.09426
1.09454
1.0948
1.09503
1.09524
1.09542
1.09557
1.0957
1.09581
1.09589
1.09594
1.09597
1.09597
1.09596
1.09591
1.09585
1.09577
1.09567
1.09555
1.09541
1.09526
1.0951
1.09492
1.09474
1.09455
1.09435
1.09415
1.09394
1.09374
1.09354
1.09334
1.09315
1.09297
1.0928
1.09265
1.09251
1.09239
1.09228
1.0922
1.09214
1.09211
1.0921
1.09212
1.09217
1.09225
1.09236
1.0925
1.09267
1.09288
1.09312
1.09339
1.0937
1.09404
1.09441
1.09481
1.09524
1.0957
1.09619
1.0967
1.09724
1.0978
1.09838
1.09898
1.0996
1.10023
1.10088
1.10153
1.10219
1.10286
1.10352
1.10419
1.10485
1.10551
1.10616
1.10679
1.10742
1.10803
1.10862
1.10918
1.10973
1.11025
1.11074
1.11121
1.11164
1.11204
1.1124
1.11273
1.11302
1.11327
1.11347
1.11364
1.11376
1.11384
1.11388
1.11387
1.11381
1.11371
1.11356
1.11336
1.11312
1.11282
1.11249
1.1121
1.11167
1.1112
1.11068
1.11012
1.10952
1.10887
1.10819
1.10747
1.10671
1.10592
1.1051
1.10425
1.10337
1.10247
1.10155
1.1006
1.09964
1.09867
1.09769
1.09669
1.0957
1.0947
1.0937
1.0927
1.09171
1.09073
1.08977
1.08882
1.08788
1.08697
1.08608
1.08521
1.08437
1.08356
1.08278
1.08203
1.08132
1.08064
1.08
1.07939
1.07882
1.07829
1.0778
1.07734
1.07693
1.07655
1.07621
1.07591
1.07565
1.07542
1.07523
1.07507
1.07495
1.07486
1.0748
1.07478
1.07478
1.07482
1.07488
1.07498
1.0751
1.07525
1.07542
1.07562
1.07585
1.07609
1.07637
1.07666
1.07698
1.07733
1.07769
1.07808
1.07849
1.07892
1.07937
1.07984
1.08033
1.08084
1.08137
1.08192
1.08248
1.08306
1.08366
1.08427
1.0849
1.08553
1.08618
1.08684
1.08751
1.08819
1.08887
1.08956
1.09025
1.09095
1.09164
1.09234
1.09303
1.09371
1.09439
1.09507
1.09573
1.09638
1.09702
1.09765
1.09826
1.09885
1.09942
1.09997
1.1005
1.101
1.10148
1.10193
1.10235
1.10274
1.1031
1.10343
1.10372
1.10398
1.1042
1.10439
1.10455
1.10466
1.10474
1.10477
1.10477
1.10473
1.10465
1.10454
1.10438
1.10418
1.10394
1.10367
1.10336
1.10301
1.10262
1.10219
1.10173
1.10123
1.10069
1.10012
1.09952
1.09889
1.09822
1.09753
1.09681
1.09606
1.09528
1.09448
1.09365
1.09281
1.09194
1.09105
1.09015
1.08923
1.0883
1.08736
1.08641
1.08545
1.08448
1.08351
1.08254
1.08157
1.0806
1.07964
1.07868
1.07773
1.07679
1.07587
1.07496
1.07407
1.0732
1.07235
1.07152
1.07073
1.06996
1.06922
1.06851
1.06783
1.0672
1.0666
1.06605
1.06553
1.06506
1.06464
1.06426
1.06393
1.06365
1.06342
1.06324
1.06311
1.06304
1.06302
1.06305
1.06314
1.06328
1.06348
1.06373
1.06403
1.06439
1.0648
1.06526
1.06576
1.06632
1.06693
1.06758
1.06827
1.06901
1.06979
1.07061
1.07146
1.07235
1.07328
1.07423
1.07521
1.07622
1.07725
1.0783
1.07937
1.08045
1.08155
1.08266
1.08378
1.0849
1.08603
1.08716
1.08829
1.08942
1.09054
1.09165
1.09276
1.09385
1.09494
1.096
1.09706
1.09809
1.0991
1.1001
1.10107
1.10202
1.10295
1.10385
1.10473
1.10558
1.10641
1.1072
1.10797
1.10871
1.10942
1.1101
1.11075
1.11137
1.11197
1.11253
1.11306
1.11356
1.11403
1.11447
1.11487
1.11525
1.11559
1.11591
1.11619
1.11644
1.11666
1.11685
1.11701
1.11713
1.11723
1.11729
1.11732
1.11732
1.11728
1.11721
1.11711
1.11697
1.1168
1.1166
1.11636
1.11609
1.11579
1.11545
1.11508
1.11468
1.11424
1.11377
1.11327
1.11274
1.11218
1.11158
1.11096
1.1103
1.10963
1.10892
1.10819
1.10744
1.10666
1.10586
1.10505
1.10422
1.10337
1.10252
1.10165
1.10077
1.09989
1.099
1.09812
1.09723
1.09635
1.09548
1.09462
1.09377
1.09293
1.09212
1.09132
1.09055
1.08981
1.08909
1.08841
1.08777
1.08716
1.08659
1.08607
1.08559
1.08515
1.08477
1.08444
1.08416
1.08394
1.08377
1.08366
1.08361
1.08361
1.08368
1.0838
1.08399
1.08423
1.08453
1.0849
1.08532
1.0858
1.08634
1.08693
1.08758
1.08828
1.08903
1.08982
1.09067
1.09156
1.09248
1.09345
1.09445
1.09549
1.09655
1.09764
1.09875
1.09988
1.10103
1.10219
1.10336
1.10453
1.1057
1.10688
1.10805
1.10921
1.11035
1.11148
1.1126
1.11368
1.11475
1.11578
1.11679
1.11776
1.11869
1.11959
1.12044
1.12125
1.12202
1.12274
1.12341
1.12403
1.1246
1.12512
1.12558
1.12599
1.12635
1.12666
1.12691
1.1271
1.12725
1.12734
1.12739
1.12738
1.12733
1.12723
1.12708
1.12689
1.12666
1.12639
1.12608
1.12574
1.12537
1.12497
1.12454
1.12408
1.1236
1.12311
1.12259
1.12206
1.12152
1.12097
1.12041
1.11984
1.11927
1.1187
1.11812
1.11755
1.11698
1.11641
1.11585
1.11529
1.11473
1.11418
1.11364
1.1131
1.11257
1.11205
1.11153
1.11101
1.1105
1.11
1.10949
1.10899
1.10849
1.10799
1.10749
1.10699
1.10649
1.10598
1.10547
1.10496
1.10444
1.10391
1.10337
1.10283
1.10228
1.10172
1.10115
1.10057
1.09998
1.09938
1.09877
1.09815
1.09752
1.09688
1.09622
1.09556
1.09488
1.0942
1.09351
1.0928
1.09209
1.09137
1.09064
1.0899
1.08916
1.08841
1.08765
1.08689
1.08612
1.08535
1.08457
1.08379
1.083
1.08222
1.08142
1.08063
1.07983
1.07904
1.07824
1.07744
1.07664
1.07584
1.07504
1.07424
1.07345
1.07265
1.07186
1.07107
1.07029
1.0695
1.06872
1.06795
1.06718
1.06641
1.06565
1.06489
1.06414
1.0634
1.06267
1.06194
1.06122
1.06051
1.05981
1.05911
1.05843
1.05776
1.0571
1.05646
1.05583
1.05521
1.0546
1.05401
1.05344
1.05288
1.05234
1.05182
1.05131
1.05083
1.05036
1.04991
1.04948
1.04908
1.04869
1.04833
1.04798
1.04766
1.04736
1.04708
1.04682
1.04659
1.04637
1.04618
1.04601
1.04586
1.04573
1.04562
1.04552
1.04545
1.0454
1.04536
1.04534
1.04534
1.04535
1.04538
1.04542
1.04547
1.04553
1.0456
1.04568
1.04576
1.04586
1.04595
1.04605
1.04616
1.04626
1.04637
1.04647
1.04658
1.04668
1.04677
1.04686
1.04695
1.04702
1.04709
1.04715
1.0472
1.04724
1.04727
1.04729
1.04729
1.04728
1.04726
1.04722
1.04716
1.04709
1.04701
1.04691
1.0468
1.04667
1.04652
1.04636
1.04618
1.04599
1.04578
1.04555
1.04531
1.04505
1.04478
1.0445
1.0442
1.04389
1.04356
1.04323
1.04288
1.04253
1.04216
1.04178
1.0414
1.04101
1.04061
1.04021
1.0398
1.03939
1.03898
1.03857
1.03815
1.03774
1.03733
1.03692
1.03652
1.03612
1.03573
1.03534
1.03497
1.03461
1.03426
1.03392
1.0336
1.03329
1.033
1.03273
1.03248
1.03225
1.03205
1.03187
1.03172
1.0316
1.0315
1.03144
1.03141
1.03142
1.03145
1.03153
1.03164
1.03179
1.03198
1.03222
1.03249
1.03281
1.03317
1.03358
1.03403
1.03453
1.03508
1.03568
1.03632
1.03702
1.03776
1.03855
1.03939
1.04028
1.04122
1.04221
1.04325
1.04434
1.04547
1.04666
1.04789
1.04916
1.05049
1.05186
1.05327
1.05472
1.05622
1.05776
1.05933
1.06094
1.06259
1.06428
1.066
1.06775
1.06953
1.07133
1.07317
1.07502
1.0769
1.0788
1.08072
1.08266
1.0846
1.08656
1.08853
1.09051
1.09249
1.09447
1.09646
1.09844
1.10042
1.10239
1.10436
1.10631
1.10825
1.11018
1.11209
1.11398
1.11585
1.1177
1.11952
1.12132
1.12308
1.12482
1.12652
1.12819
1.12982
1.13141
1.13297
1.13449
1.13597
1.1374
1.13879
1.14014
1.14144
1.14269
1.1439
1.14507
1.14619
1.14726
1.14828
1.14925
1.15018
1.15106
1.15189
1.15268
1.15342
1.15412
1.15477
1.15538
1.15594
1.15647
1.15696
1.15741
1.15782
1.15819
1.15854
1.15885
1.15913
1.15939
1.15962
1.15982
1.16
1.16017
1.16032
1.16045
1.16058
1.16069
1.1608
1.1609
1.161
1.16109
1.16119
1.16129
1.1614
1.16152
1.16164
1.16178
1.16192
1.16209
1.16226
1.16245
1.16266
1.16289
1.16313
1.16339
1.16367
1.16397
1.16428
1.16462
1.16496
1.16533
1.1657
1.16609
1.16649
1.1669
1.16732
1.16774
1.16816
1.16859
1.16901
1.16943
1.16984
1.17025
1.17064
1.17102
1.17138
1.17172
1.17203
1.17233
1.17259
1.17283
1.17303
1.1732
1.17333
1.17343
1.17348
1.17348
1.17345
1.17337
1.17324
1.17306
1.17283
1.17255
1.17222
1.17184
1.1714
1.17091
1.17037
1.16978
1.16913
1.16844
1.16769
1.16689
1.16604
1.16514
1.16419
1.1632
1.16216
1.16108
1.15995
1.15878
1.15757
1.15632
1.15504
1.15372
1.15236
1.15098
1.14956
1.14812
1.14665
1.14516
1.14364
1.14211
1.14056
1.13899
1.1374
1.13581
1.1342
1.13258
1.13096
1.12933
1.1277
1.12607
1.12445
1.12282
1.1212
1.11958
1.11798
1.11638
1.1148
1.11322
1.11167
1.11012
1.1086
1.10709
1.10561
1.10414
1.1027
1.10128
1.09988
1.09851
1.09716
1.09584
1.09454
1.09327
1.09202
1.0908
1.0896
1.08843
1.08729
1.08617
1.08507
1.084
1.08295
1.08192
1.08091
1.07992
1.07896
1.07801
1.07708
1.07616
1.07526
1.07438
1.07351
1.07265
1.07181
1.07097
1.07014
1.06933
1.06852
1.06772
1.06692
1.06614
1.06535
1.06458
1.0638
1.06303
1.06227
1.06151
1.06075
1.05999
1.05924
1.05848
1.05773
1.05699
1.05624
1.0555
1.05476
1.05402
1.05329
1.05256
1.05184
1.05112
1.0504
1.0497
1.049
1.04831
1.04763
1.04695
1.04629
1.04565
1.04501
1.0444
1.04379
1.04321
1.04265
1.04211
1.04159
1.04109
1.04063
1.04019
1.03979
1.03942
1.03908
1.03878
1.03852
1.03831
1.03814
1.03802
1.03795
1.03793
1.03797
1.03806
1.03822
1.03844
1.03872
1.03907
1.03949
1.03999
1.04055
1.0412
1.04192
1.04272
1.0436
1.04457
1.04562
1.04675
1.04797
1.04927
1.05066
1.05214
1.0537
1.05535
1.05708
1.05889
1.06078
1.06276
1.06481
1.06694
1.06915
1.07142
1.07376
1.07617
1.07864
1.08117
1.08375
1.08639
1.08907
1.0918
1.09456
1.09737
1.1002
1.10306
1.10594
1.10884
1.11175
1.11468
1.1176
1.12053
1.12346
1.12637
1.12927
1.13216
1.13503
1.13787
1.14068
1.14346
1.14621
1.14891
1.15157
1.15419
1.15675
1.15926
1.16172
1.16411
1.16645
1.16871
1.17091
1.17305
1.1751
1.17709
1.17899
1.18082
1.18257
1.18423
1.18581
1.18731
1.18872
1.19004
1.19127
1.19242
1.19347
1.19443
1.19531
1.19609
1.19677
1.19737
1.19788
1.19829
1.19861
1.19884
1.19897
1.19902
1.19898
1.19885
1.19864
1.19833
1.19794
1.19747
1.19692
1.19628
1.19557
1.19478
1.19392
1.19298
1.19197
1.19089
1.18974
1.18853
1.18726
1.18592
1.18453
1.18309
1.18159
1.18004
1.17845
1.17681
1.17514
1.17342
1.17167
1.16988
1.16806
1.16622
1.16435
1.16245
1.16054
1.15861
1.15667
1.15471
1.15275
1.15077
1.1488
1.14683
1.14486
1.14289
1.14093
1.13897
1.13703
1.1351
1.13319
1.1313
1.12942
1.12757
1.12573
1.12392
1.12214
1.12039
1.11866
1.11696
1.1153
1.11366
1.11206
1.11049
1.10896
1.10746
1.10599
1.10456
1.10317
1.10181
1.10049
1.0992
1.09794
1.09672
1.09554
1.09439
1.09327
1.09218
1.09112
1.0901
1.0891
1.08813
1.08719
1.08628
1.08539
1.08452
1.08368
1.08285
1.08205
1.08126
1.08049
1.07973
1.07899
1.07826
1.07754
1.07683
1.07614
1.07544
1.07476
1.07408
1.07341
1.07273
1.07207
1.0714
1.07073
1.07007
1.0694
1.06874
1.06807
1.06741
1.06674
1.06607
1.06539
1.06472
1.06405
1.06337
1.0627
1.06202
1.06134
1.06067
1.05999
1.05932
1.05864
1.05797
1.05731
1.05664
1.05599
1.05533
1.05469
1.05405
1.05341
1.05279
1.05218
1.05157
1.05098
1.0504
1.04983
1.04928
1.04874
1.04822
1.04771
1.04721
1.04674
1.04628
1.04584
1.04542
1.04502
1.04464
1.04428
1.04394
1.04362
1.04333
1.04305
1.04281
1.04258
1.04238
1.0422
1.04205
1.04192
1.04182
1.04175
1.0417
1.04168
1.04169
1.04173
1.04179
1.04188
1.042
1.04215
1.04233
1.04254
1.04278
1.04304
1.04334
1.04367
1.04403
1.04442
1.04484
1.04529
1.04577
1.04627
1.04681
1.04737
1.04796
1.04858
1.04923
1.0499
1.05059
1.05131
1.05204
1.0528
1.05358
1.05437
1.05519
1.05601
1.05685
1.0577
1.05856
1.05942
1.06029
1.06116
1.06204
1.06291
1.06378
1.06464
1.0655
1.06635
1.06718
1.06801
1.06882
1.06962
1.07039
1.07115
1.07189
1.07261
1.0733
1.07397
1.07461
1.07523
1.07582
1.07638
1.07691
1.07742
1.07789
1.07833
1.07875
1.07914
1.07949
1.07982
1.08013
1.0804
1.08065
1.08087
1.08107
1.08125
1.0814
1.08154
1.08165
1.08175
1.08183
1.08189
1.08195
1.08199
1.08202
1.08205
1.08207
1.08208
1.0821
1.08212
1.08214
1.08217
1.0822
1.08224
1.0823
1.08236
1.08245
1.08255
1.08266
1.0828
1.08297
1.08315
1.08337
1.08361
1.08388
1.08418
1.08452
1.08489
1.08529
1.08573
1.0862
1.08671
1.08726
1.08785
1.08848
1.08914
1.08985
1.09059
1.09138
1.0922
1.09306
1.09397
1.09491
1.09589
1.09691
1.09796
1.09905
1.10018
1.10134
1.10253
1.10376
1.10501
1.1063
1.10761
1.10895
1.11032
1.11171
1.11312
1.11456
1.11601
1.11748
1.11897
1.12047
1.12198
1.1235
1.12504
1.12658
1.12812
1.12967
1.13121
1.13276
1.13431
1.13585
1.13739
1.13891
1.14043
1.14194
1.14344
1.14492
1.14638
1.14783
1.14926
1.15066
1.15205
1.15341
1.15474
1.15605
1.15733
1.15858
1.1598
1.16099
1.16215
1.16327
1.16436
1.16541
1.16643
1.16741
1.16836
1.16926
1.17012
1.17095
1.17173
1.17247
1.17317
1.17383
1.17444
1.17502
1.17555
1.17604
1.17649
1.17689
1.17725
1.17757
1.17784
1.17807
1.17826
1.1784
1.1785
1.17856
1.17858
1.17855
1.17849
1.17838
1.17824
1.17806
1.17783
1.17757
1.17727
1.17694
1.17657
1.17616
1.17571
1.17524
1.17473
1.17418
1.17361
1.173
1.17237
1.1717
1.17101
1.17029
1.16954
1.16877
1.16797
1.16715
1.16631
1.16544
1.16456
1.16365
1.16273
1.16179
1.16084
1.15987
1.15888
1.15789
1.15688
1.15587
1.15485
1.15382
1.15279
1.15175
1.15071
1.14967
1.14863
1.14759
1.14656
1.14553
1.14451
1.1435
1.1425
1.14151
1.14054
1.13958
1.13864
1.13773
1.13683
1.13596
1.13512
1.13431
1.13352
1.13277
1.13206
1.13138
1.13074
1.13014
1.12958
1.12907
1.12861
1.12819
1.12782
1.12751
1.12724
1.12703
1.12688
1.12679
1.12675
1.12677
1.12685
1.12699
1.12719
1.12745
1.12778
1.12816
1.12861
1.12911
1.12968
1.1303
1.13098
1.13172
1.13251
1.13335
1.13425
1.1352
1.1362
1.13724
1.13833
1.13945
1.14062
1.14182
1.14306
1.14432
1.14561
1.14693
1.14827
1.14963
1.151
1.15239
1.15379
1.15519
1.1566
1.15801
1.15941
1.16082
1.16221
1.1636
1.16497
1.16632
1.16766
1.16898
1.17028
1.17155
1.1728
1.17401
1.1752
1.17635
1.17747
1.17856
1.1796
1.18061
1.18158
1.1825
1.18339
1.18423
1.18502
1.18577
1.18648
1.18714
1.18775
1.18832
1.18884
1.18931
1.18974
1.19012
1.19045
1.19073
1.19097
1.19117
1.19132
1.19142
1.19148
1.1915
1.19148
1.19142
1.19132
1.19118
1.191
1.19079
1.19054
1.19026
1.18994
1.1896
1.18923
1.18882
1.1884
1.18795
1.18747
1.18698
1.18646
1.18592
1.18537
1.1848
1.18421
1.18361
1.183
1.18237
1.18174
1.18109
1.18043
1.17977
1.1791
1.17842
1.17774
1.17704
1.17635
1.17564
1.17494
1.17422
1.1735
1.17278
1.17205
1.17132
1.17058
1.16984
1.16909
1.16834
1.16758
1.16681
1.16604
1.16526
1.16448
1.16368
1.16288
1.16207
1.16125
1.16042
1.15958
1.15874
1.15788
1.157
1.15612
1.15523
1.15432
1.1534
1.15246
1.15152
1.15055
1.14958
1.14859
1.14758
1.14657
1.14553
1.14449
1.14342
1.14235
1.14126
1.14016
1.13904
1.13792
1.13678
1.13563
1.13447
1.13331
1.13213
1.13095
1.12975
1.12856
1.12736
1.12616
1.12495
1.12375
1.12255
1.12135
1.12016
1.11897
1.11779
1.11663
1.11547
1.11433
1.1132
1.1121
1.11101
1.10994
1.1089
1.10788
1.10689
1.10592
1.10499
1.10409
1.10322
1.10239
1.1016
1.10084
1.10013
1.09945
1.09882
1.09823
1.09769
1.09719
1.09673
1.09632
1.09596
1.09564
1.09537
1.09515
1.09497
1.09483
1.09474
1.09469
1.09468
1.09471
1.09478
1.09489
1.09504
1.09521
1.09543
1.09567
1.09594
1.09623
1.09655
1.09689
1.09724
1.09762
1.098
1.0984
1.0988
1.09921
1.09963
1.10004
1.10045
1.10085
1.10124
1.10163
1.102
1.10236
1.1027
1.10302
1.10332
1.1036
1.10385
1.10407
1.10427
1.10444
1.10458
1.10468
1.10476
1.10481
1.10482
1.1048
1.10474
1.10466
1.10454
1.10439
1.1042
1.10399
1.10374
1.10347
1.10317
1.10284
1.10249
1.10211
1.10171
1.10129
1.10084
1.10038
1.0999
1.09941
1.0989
1.09839
1.09786
1.09732
1.09678
1.09623
1.09567
1.09512
1.09456
1.094
1.09345
1.09289
1.09234
1.09179
1.09125
1.09071
1.09018
1.08965
1.08913
1.08861
1.08811
1.0876
1.08711
1.08663
1.08615
1.08567
1.08521
1.08475
1.0843
1.08385
1.08341
1.08298
1.08255
1.08213
1.08172
1.08131
1.08091
1.08052
1.08013
1.07975
1.07938
1.07902
1.07866
1.07832
1.07798
1.07766
1.07735
1.07704
1.07676
1.07648
1.07622
1.07598
1.07575
1.07554
1.07535
1.07517
1.07502
1.07489
1.07478
1.07469
1.07463
1.07459
1.07457
1.07458
1.07461
1.07468
1.07476
1.07488
1.07502
1.07518
1.07538
1.0756
1.07584
1.07611
1.07641
1.07673
1.07708
1.07745
1.07784
1.07825
1.07869
1.07915
1.07963
1.08012
1.08064
1.08117
1.08171
1.08228
1.08285
1.08344
1.08404
1.08466
1.08528
1.08591
1.08655
1.08719
1.08785
1.0885
1.08916
1.08983
1.09049
1.09116
1.09182
1.09249
1.09315
1.09382
1.09448
1.09513
1.09578
1.09643
1.09707
1.0977
1.09832
1.09894
1.09955
1.10014
1.10073
1.10131
1.10187
1.10242
1.10296
1.10349
1.104
1.10449
1.10497
1.10543
1.10588
1.1063
1.10671
1.1071
1.10747
1.10781
1.10813
1.10844
1.10871
1.10897
1.1092
1.1094
1.10958
1.10974
1.10987
1.10997
1.11004
1.11008
1.1101
1.11009
1.11005
1.10998
1.10988
1.10975
1.10959
1.10941
1.10919
1.10894
1.10867
1.10837
1.10804
1.10768
1.10729
1.10687
1.10643
1.10597
1.10547
1.10496
1.10442
1.10385
1.10327
1.10267
1.10204
1.1014
1.10074
1.10006
1.09937
1.09867
1.09795
1.09723
1.09649
1.09575
1.095
1.09425
1.09349
1.09274
1.09198
1.09123
1.09048
1.08973
1.089
1.08827
1.08756
1.08685
1.08616
1.08549
1.08483
1.08419
1.08358
1.08298
1.08241
1.08186
1.08134
1.08085
1.08038
1.07995
1.07955
1.07918
1.07885
1.07855
1.07829
1.07807
1.07788
1.07773
1.07763
1.07756
1.07754
1.07756
1.07762
1.07772
1.07786
1.07805
1.07828
1.07856
1.07887
1.07923
1.07964
1.08008
1.08057
1.08109
1.08166
1.08227
1.08291
1.0836
1.08432
1.08508
1.08587
1.0867
1.08757
1.08846
1.08939
1.09035
1.09134
1.09236
1.0934
1.09448
1.09558
1.0967
1.09785
1.09902
1.10021
1.10142
1.10265
1.1039
1.10517
1.10646
1.10776
1.10907
1.11039
1.11173
1.11308
1.11444
1.11581
1.11719
1.11857
1.11996
1.12135
1.12275
1.12415
1.12555
1.12694
1.12834
1.12973
1.13112
1.1325
1.13387
1.13524
1.13659
1.13793
1.13925
1.14056
1.14185
1.14312
1.14437
1.14559
1.14678
1.14795
1.14909
1.1502
1.15127
1.15231
1.15332
1.15428
1.1552
1.15608
1.15692
1.15771
1.15846
1.15915
1.1598
1.16039
1.16093
1.16142
1.16186
1.16224
1.16256
1.16283
1.16305
1.1632
1.16331
1.16335
1.16334
1.16328
1.16316
1.16298
1.16276
1.16248
1.16216
1.16179
1.16137
1.16091
1.1604
1.15986
1.15928
1.15866
1.15802
1.15734
1.15664
1.15591
1.15516
1.15439
1.15361
1.15282
1.15201
1.1512
1.15038
1.14956
1.14874
1.14792
1.1471
1.14629
1.14549
1.14469
1.1439
1.14313
1.14236
1.14161
1.14087
1.14014
1.13943
1.13872
1.13803
1.13735
1.13669
1.13603
1.13539
1.13475
1.13413
1.13351
1.1329
1.1323
1.1317
1.13111
1.13053
1.12995
1.12937
1.1288
1.12823
1.12767
1.1271
1.12654
1.12598
1.12543
1.12487
1.12432
1.12377
1.12323
1.12268
1.12214
1.12161
1.12107
1.12054
1.12001
1.11949
1.11897
1.11845
1.11794
1.11743
1.11692
1.11642
1.11593
1.11543
1.11494
1.11446
1.11397
1.11349
1.11301
1.11253
1.11205
1.11158
1.1111
1.11062
1.11014
1.10966
1.10918
1.1087
1.10821
1.10772
1.10723
1.10673
1.10623
1.10572
1.10521
1.1047
1.10418
1.10366
1.10313
1.1026
1.10206
1.10152
1.10098
1.10043
1.09989
1.09934
1.09879
1.09824
1.0977
1.09716
1.09662
1.09609
1.09556
1.09504
1.09453
1.09404
1.09356
1.09309
1.09263
1.0922
1.09178
1.09138
1.09101
1.09066
1.09034
1.09004
1.08977
1.08953
1.08933
1.08915
1.08901
1.08891
1.08884
1.08882
1.08883
1.08888
1.08897
1.0891
1.08927
1.08949
1.08975
1.09005
1.09039
1.09078
1.09121
1.09168
1.09219
1.09275
1.09334
1.09398
1.09465
1.09536
1.09611
1.09689
1.09771
1.09856
1.09944
1.10035
1.10128
1.10224
1.10323
1.10423
1.10526
1.1063
1.10735
1.10842
1.1095
1.11059
1.11168
1.11278
1.11387
1.11496
1.11605
1.11714
1.11821
1.11927
1.12032
1.12135
1.12237
1.12336
1.12434
1.12528
1.1262
1.1271
1.12796
1.12879
1.12959
1.13035
1.13108
1.13177
1.13242
1.13302
1.13359
1.13411
1.13459
1.13502
1.13541
1.13575
1.13604
1.13629
1.13649
1.13664
1.13674
1.13679
1.13679
1.13674
1.13665
1.13651
1.13632
1.13609
1.13581
1.13549
1.13513
1.13473
1.13428
1.1338
1.13328
1.13273
1.13214
1.13152
1.13087
1.1302
1.1295
1.12878
1.12804
1.12728
1.1265
1.12572
1.12492
1.12412
1.12331
1.1225
1.12169
1.12089
1.12009
1.1193
1.11851
1.11775
1.11699
1.11626
1.11554
1.11484
1.11417
1.11352
1.11289
1.11229
1.11172
1.11117
1.11065
1.11015
1.10968
1.10924
1.10883
1.10844
1.10807
1.10773
1.1074
1.1071
1.10682
1.10656
1.10631
1.10607
1.10584
1.10563
1.10542
1.10521
1.10501
1.1048
1.10459
1.10438
1.10416
1.10393
1.10369
1.10343
1.10315
1.10286
1.10255
1.10221
1.10185
1.10147
1.10105
1.10061
1.10013
1.09963
1.09909
1.09852
1.09791
1.09727
1.09659
1.09587
1.09511
1.09432
1.09349
1.09262
1.09172
1.09078
1.0898
1.08878
1.08773
1.08665
1.08553
1.08437
1.08319
1.08197
1.08073
1.07945
1.07815
1.07682
1.07547
1.07409
1.0727
1.07128
1.06985
1.0684
1.06693
1.06546
1.06397
1.06248
1.06098
1.05947
1.05796
1.05646
1.05495
1.05345
1.05196
1.05047
1.049
1.04754
1.0461
1.04467
1.04327
1.04189
1.04054
1.03922
1.03793
1.03667
1.03545
1.03427
1.03313
1.03203
1.03099
1.02999
1.02904
1.02815
1.02731
1.02654
1.02582
1.02517
1.02458
1.02406
1.0236
1.02322
1.0229
1.02266
1.02249
1.0224
1.02238
1.02243
1.02256
1.02276
1.02303
1.02338
1.0238
1.02429
1.02485
1.02547
1.02616
1.02692
1.02773
1.02861
1.02953
1.03052
1.03155
1.03262
1.03374
1.0349
1.03609
1.03731
1.03856
1.03984
1.04113
1.04244
1.04377
1.0451
1.04644
1.04778
1.04912
1.05045
1.05177
1.05308
1.05437
1.05565
1.0569
1.05813
1.05933
1.0605
1.06164
1.06274
1.06381
1.06484
1.06584
1.06679
1.0677
1.06857
1.0694
1.07018
1.07091
1.0716
1.07224
1.07284
1.07339
1.07389
1.07435
1.07476
1.07512
1.07544
1.07572
1.07595
1.07613
1.07628
1.07638
1.07645
1.07647
1.07646
1.07641
1.07633
1.07621
1.07606
1.07587
1.07566
1.07542
1.07515
1.07486
1.07454
1.0742
1.07384
1.07347
1.07307
1.07266
1.07223
1.07178
1.07133
1.07086
1.07039
1.0699
1.06941
1.06891
1.0684
1.06789
1.06738
1.06686
1.06635
1.06583
1.06531
1.06479
1.06427
1.06375
1.06323
1.06271
1.06219
1.06168
1.06117
1.06066
1.06016
1.05965
1.05915
1.05865
1.05816
1.05767
1.05718
1.05669
1.05621
1.05573
1.05526
1.05479
1.05432
1.05385
1.05339
1.05293
1.05247
1.05202
1.05158
1.05114
1.0507
1.05027
1.04984
1.04942
1.04901
1.0486
1.0482
1.0478
1.04741
1.04703
1.04666
1.0463
1.04594
1.04559
1.04525
1.04493
1.04461
1.0443
1.04401
1.04372
1.04345
1.04319
1.04294
1.0427
1.04248
1.04227
1.04207
1.04188
1.04171
1.04155
1.0414
1.04127
1.04115
1.04104
1.04094
1.04086
1.04079
1.04073
1.04069
1.04066
1.04064
1.04064
1.04065
1.04067
1.0407
1.04075
1.04081
1.04089
1.04097
1.04107
1.04118
1.04131
1.04145
1.0416
1.04177
1.04195
1.04215
1.04236
1.04259
1.04283
1.04309
1.04337
1.04366
1.04397
1.0443
1.04464
1.04501
1.04539
1.04579
1.0462
1.04664
1.0471
1.04758
1.04807
1.04859
1.04913
1.04968
1.05026
1.05086
1.05147
1.05211
1.05276
1.05343
1.05412
1.05483
1.05555
1.05629
1.05705
1.05782
1.0586
1.0594
1.0602
1.06102
1.06185
1.06269
1.06353
1.06438
1.06523
1.06609
1.06694
1.0678
1.06866
1.06951
1.07036
1.0712
1.07203
1.07286
1.07367
1.07447
1.07526
1.07603
1.07679
1.07753
1.07825
1.07895
1.07964
1.0803
1.08093
1.08155
1.08214
1.0827
1.08325
1.08376
1.08426
1.08472
1.08517
1.08559
1.08598
1.08635
1.0867
1.08702
1.08732
1.0876
1.08786
1.0881
1.08832
1.08852
1.08871
1.08888
1.08904
1.08919
1.08932
1.08945
1.08956
1.08967
1.08977
1.08987
1.08996
1.09005
1.09014
1.09023
1.09032
1.09041
1.0905
1.0906
1.09069
1.09079
1.09089
1.09099
1.0911
1.09121
1.09132
1.09144
1.09155
1.09167
1.09178
1.0919
1.09201
1.09212
1.09223
1.09233
1.09243
1.09252
1.0926
1.09267
1.09273
1.09277
1.09281
1.09282
1.09283
1.09281
1.09278
1.09272
1.09265
1.09255
1.09243
1.09229
1.09212
1.09193
1.09171
1.09147
1.09119
1.09089
1.09056
1.09021
1.08982
1.08941
1.08897
1.0885
1.08801
1.08748
1.08693
1.08636
1.08576
1.08513
1.08448
1.0838
1.0831
1.08238
1.08164
1.08088
1.0801
1.0793
1.07849
1.07766
1.07682
1.07597
1.07511
1.07424
1.07336
1.07248
1.0716
1.07071
1.06982
1.06894
1.06805
1.06718
1.06631
1.06545
1.0646
1.06377
1.06295
1.06214
1.06136
1.06059
1.05985
1.05913
1.05843
1.05776
1.05713
1.05652
1.05594
1.05539
1.05488
1.05441
1.05398
1.05358
1.05322
1.0529
1.05263
1.05239
1.05221
1.05206
1.05196
1.0519
1.05189
1.05193
1.05201
1.05214
1.05231
1.05253
1.0528
1.05311
1.05346
1.05386
1.0543
1.05478
1.0553
1.05587
1.05647
1.05711
1.05779
1.0585
1.05925
1.06002
1.06083
1.06167
1.06253
1.06342
1.06433
1.06526
1.06621
1.06717
1.06816
1.06915
1.07016
1.07117
1.0722
1.07323
1.07426
1.07529
1.07633
1.07737
1.0784
1.07942
1.08045
1.08146
1.08247
1.08346
1.08444
1.08542
1.08637
1.08732
1.08825
1.08916
1.09005
1.09093
1.09178
1.09262
1.09344
1.09424
1.09502
1.09577
1.09651
1.09723
1.09792
1.09859
1.09924
1.09987
1.10048
1.10107
1.10164
1.10219
1.10271
1.10322
1.10371
1.10419
1.10464
1.10508
1.1055
1.1059
1.10629
1.10667
1.10703
1.10739
1.10772
1.10805
1.10837
1.10869
1.10899
1.10929
1.10958
1.10987
1.11015
1.11044
1.11072
1.111
1.11128
1.11156
1.11184
1.11213
1.11243
1.11273
1.11304
1.11335
1.11368
1.11401
1.11436
1.11471
1.11508
1.11546
1.11586
1.11627
1.1167
1.11714
1.1176
1.11808
1.11857
1.11908
1.1196
1.12015
1.12071
1.12128
1.12187
1.12248
1.12309
1.12373
1.12437
1.12503
1.1257
1.12637
1.12706
1.12775
1.12845
1.12915
1.12985
1.13055
1.13125
1.13195
1.13264
1.13332
1.134
1.13467
1.13532
1.13596
1.13658
1.13718
1.13776
1.13832
1.13886
1.13937
1.13985
1.14031
1.14073
1.14112
1.14148
1.1418
1.14209
1.14235
1.14256
1.14274
1.14288
1.14298
1.14304
1.14306
1.14304
1.14298
1.14288
1.14274
1.14256
1.14234
1.14208
1.14179
1.14145
1.14109
1.14068
1.14024
1.13977
1.13926
1.13872
1.13815
1.13756
1.13693
1.13628
1.1356
1.13491
1.13418
1.13344
1.13268
1.1319
1.13111
1.1303
1.12948
1.12864
1.1278
1.12694
1.12608
1.12521
1.12433
1.12345
1.12256
1.12167
1.12078
1.11989
1.119
1.1181
1.11721
1.11632
1.11544
1.11456
1.11368
1.11281
1.11195
1.11109
1.11024
1.1094
1.10857
1.10775
1.10693
1.10613
1.10535
1.10457
1.10381
1.10306
1.10232
1.1016
1.1009
1.10021
1.09955
1.09889
1.09826
1.09765
1.09706
1.09649
1.09594
1.09542
1.09491
1.09443
1.09398
1.09355
1.09315
1.09278
1.09243
1.09212
1.09183
1.09157
1.09134
1.09115
1.09098
1.09085
1.09074
1.09067
1.09064
1.09063
1.09066
1.09073
1.09082
1.09095
1.09111
1.09131
1.09154
1.0918
1.0921
1.09242
1.09278
1.09317
1.09359
1.09404
1.09452
1.09502
1.09556
1.09612
1.0967
1.09731
1.09795
1.0986
1.09928
1.09998
1.10069
1.10143
1.10218
1.10295
1.10373
1.10453
1.10534
1.10616
1.10699
1.10783
1.10868
1.10954
1.1104
1.11127
1.11215
1.11303
1.11391
1.11479
1.11568
1.11656
1.11745
1.11834
1.11922
1.12011
1.12099
1.12187
1.12275
1.12363
1.1245
1.12537
1.12623
1.1271
1.12796
1.12881
1.12967
1.13052
1.13136
1.13221
1.13305
1.13388
1.13471
1.13554
1.13637
1.13719
1.13801
1.13882
1.13964
1.14045
1.14125
1.14205
1.14285
1.14365
1.14444
1.14522
1.14601
1.14678
1.14755
1.14832
1.14908
1.14983
1.15057
1.15131
1.15204
1.15276
1.15347
1.15416
1.15485
1.15553
1.15619
1.15684
1.15747
1.15808
1.15868
1.15926
1.15982
1.16036
1.16088
1.16138
1.16186
1.16231
1.16274
1.16314
1.16351
1.16385
1.16417
1.16445
1.16471
1.16493
1.16512
1.16528
1.16541
1.1655
1.16555
1.16558
1.16556
1.16551
1.16542
1.1653
1.16514
1.16494
1.16471
1.16444
1.16414
1.1638
1.16342
1.16301
1.16257
1.1621
1.16159
1.16105
1.16047
1.15987
1.15923
1.15857
1.15788
1.15716
1.15641
1.15564
1.15484
1.15402
1.15318
1.15232
1.15143
1.15053
1.1496
1.14866
1.1477
1.14672
1.14573
1.14473
1.14371
1.14268
1.14164
1.14059
1.13953
1.13845
1.13737
1.13628
1.13518
1.13408
1.13297
1.13186
1.13074
1.12961
1.12849
1.12736
1.12623
1.12509
1.12396
1.12282
1.12168
1.12055
1.11941
1.11827
1.11714
1.11601
1.11488
1.11375
1.11263
1.11151
1.1104
1.10929
1.10819
1.10709
1.106
1.10492
1.10384
1.10278
1.10172
1.10067
1.09963
1.0986
1.09758
1.09657
1.09557
1.09458
1.09361
1.09265
1.0917
1.09076
1.08984
1.08893
1.08803
1.08715
1.08629
1.08544
1.08461
1.08379
1.08299
1.0822
1.08143
1.08067
1.07994
1.07921
1.07851
1.07782
1.07714
1.07648
1.07584
1.07522
1.0746
1.07401
1.07343
1.07286
1.07231
1.07177
1.07125
1.07074
1.07024
1.06975
1.06928
1.06882
1.06837
1.06793
1.0675
1.06708
1.06667
1.06627
1.06588
1.06549
1.06512
1.06475
1.0644
1.06405
1.0637
1.06337
1.06304
1.06272
1.0624
1.0621
1.0618
1.0615
1.06121
1.06093
1.06066
1.06039
1.06013
1.05987
1.05962
1.05938
1.05915
1.05892
1.0587
1.05849
1.05829
1.05809
1.0579
1.05773
1.05756
1.05739
1.05724
1.0571
1.05697
1.05685
1.05674
1.05664
1.05655
1.05647
1.0564
1.05635
1.0563
1.05627
1.05626
1.05625
1.05626
1.05629
1.05632
1.05638
1.05644
1.05653
1.05662
1.05673
1.05686
1.05701
