0.20939   0.29459   -0.0593116
-0.401673   -0.00733799   -0.244902
0.199544   -0.34077   -0.427619
0.176191   0.0157657   0.200409
-0.122442   0.328954   0.186282
0.257413   0.46849   -0.105263
-0.198966   -0.305088   -0.46759
-0.0419632   -0.112147   0.220773
0.264485   -0.0216025   -0.224041
0.216801   -0.36168   -0.202901
-0.429837   0.103164   0.220036
-0.195314   0.0189841   -0.369373
0.449583   0.318686   -0.360207
0.305146   0.269824   0.481657
-0.0947934   -0.438691   0.154323
0.296192   0.405402   0.302427
0.448133   -0.245536   0.303875
-0.40824   -0.19466   -0.180862
0.038154   -0.183534   -0.143665
0.489202   0.164483   0.460461
-0.100642   -0.281078   0.00541325
-0.0133089   -0.358932   -0.43785
-0.0701914   -0.419139   0.358151
0.236823   0.40925   -0.359815
-0.119739   0.0705317   0.456246
0.00739195   -0.0341446   -0.447753
-0.118333   0.478859   -0.0867028
0.347548   -0.101177   -0.045499
0.400622   -0.480009   -0.365009
0.214952   0.0726323   -0.0261044
-0.411829   0.234714   -0.238417
0.407507   0.123867   0.105997
0.10681   -0.490567   0.242184
0.0110228   0.181599   0.10731
-0.206349   -0.242365   0.278625
0.139604   -0.28595   0.361428
-0.238392   -0.125431   -0.0714047
-0.397875   -0.121728   0.241664
-0.220289   -0.0801273   0.129678
0.465866   -0.349505   -0.227667
0.416731   0.285153   -0.0304671
-0.244887   -0.00537515   0.311583
-0.225144   0.193667   0.325022
-0.291744   -0.401174   -0.0953326
0.129563   -0.29407   0.141593
-0.263042   -0.481227   0.437096
0.0439129   -0.0280595   0.00818053
0.291002   -0.152245   0.462487
0.399355   0.00548187   0.331639
0.161345   0.289497   0.180334
-0.0364373   0.188487   -0.36844
0.4201   -0.436249   0.356492
0.020714   0.403532   -0.394097
-0.464466   0.433132   0.22485
0.438703   -0.311676   -0.0253513
-0.254943   0.11781   0.0931032
-0.410354   -0.0403949   0.0176529
0.0419697   0.367674   0.014106
0.44889   0.0777197   -0.347314
-0.228191   0.209165   -0.179549
0.345356   0.257476   -0.207078
-0.375656   0.436143   -0.400909
-0.127714   0.349395   0.412949
-0.00674111   0.21455   -0.144458
0.206312   0.159577   -0.331945
0.107335   0.153712   0.495079
-0.315703   0.402797   -0.164093
0.0678302   0.0363654   -0.269292
-0.0660997   -0.186697   0.428907
-0.387997   -0.228289   0.0275172
-0.480894   0.386472   0.427125
0.171747   -0.12671   -0.364248
-0.309623   -0.37889   0.152344
-0.377886   0.290846   0.116333
-0.377136   0.0225198   0.480393
0.0238581   -0.415369   -0.226583
-0.390083   -0.370099   0.354129
-0.464944   0.478249   0.00818175
-0.115752   0.372606   -0.24774
-0.27348   0.434973   0.250217
0.266225   -0.157124   0.258563
-0.429033   0.161392   -0.050135
-0.163077   0.294   -0.00501516
-0.0616142   -0.143696   -0.313716
0.374342   -0.148489   -0.337198
0.403638   0.0862834   -0.121563
-0.273271   -0.146939   -0.323506
0.0749729   0.341401   0.349801
0.0744912   0.387709   -0.187385
0.475788   0.422449   -0.176614
0.421954   0.245064   0.257369
0.247153   0.175409   0.31757
-0.398535   -0.341518   -0.375675
0.332596   -0.367025   0.178355
0.114666   -0.0419857   0.383821
0.295198   0.0370764   -0.470095
0.326397   0.412448   0.113453
0.437933   -0.17711   0.126964
-0.272919   0.441598   0.0413136
0.0211756   0.152023   0.330047
-0.192797   -0.463093   -0.345808
-0.131974   0.0351546   -0.0963835
-0.445851   -0.113279   -0.414813
0.21611   0.487226   0.454218
-0.245436   0.276734   -0.416196
0.413714   -0.315431   -0.486465
-0.33876   -0.189648   0.431651
-0.159333   -0.296802   -0.19699
