           1 -1.25711e-20 -1.25711e-20            0
           2 -1.26388e-20  -1.2605e-20  2.39392e-23
           3 -1.25218e-20 -1.25772e-20  2.77076e-23
           4 -1.24838e-20 -1.25539e-20  2.89992e-23
           5 -1.25752e-20 -1.25581e-20  2.35106e-23
           6 -1.25703e-20 -1.25602e-20  1.96799e-23
           7 -1.24338e-20 -1.25421e-20  2.37429e-23
           8 -1.24733e-20 -1.25335e-20  2.22803e-23
           9 -1.24296e-20  -1.2522e-20  2.26003e-23
          10 -1.24617e-20 -1.25159e-20  2.11292e-23
          11 -1.25941e-20  -1.2523e-20  2.03685e-23
          12  -1.2494e-20 -1.25206e-20  1.88144e-23
          13 -1.23659e-20 -1.25087e-20  2.07936e-23
          14 -1.24286e-20  -1.2503e-20  2.00809e-23
          15 -1.24271e-20 -1.24979e-20  1.93685e-23
          16 -1.24654e-20 -1.24959e-20  1.82645e-23
          17 -1.25378e-20 -1.24984e-20  1.73557e-23
          18 -1.24641e-20 -1.24965e-20  1.64956e-23
          19    -1.26e-20 -1.25019e-20  1.65028e-23
          20 -1.24634e-20    -1.25e-20  1.57898e-23
          21  -1.2487e-20 -1.24994e-20  1.50499e-23
          22 -1.24332e-20 -1.24964e-20  1.46636e-23
          23 -1.24963e-20 -1.24964e-20   1.4026e-23
          24 -1.25368e-20  -1.2498e-20  1.35423e-23
          25 -1.23579e-20 -1.24924e-20  1.41137e-23
          26  -1.2496e-20 -1.24926e-20  1.35715e-23
          27 -1.25882e-20 -1.24961e-20   1.3523e-23
          28 -1.25278e-20 -1.24972e-20  1.30872e-23
          29 -1.25348e-20 -1.24985e-20  1.26997e-23
          30 -1.25493e-20 -1.25002e-20  1.23885e-23
          31 -1.24879e-20 -1.24998e-20  1.19952e-23
          32 -1.26296e-20 -1.25039e-20  1.22865e-23
          33 -1.26279e-20 -1.25076e-20  1.24752e-23
          34 -1.25153e-20 -1.25079e-20  1.21103e-23
          35 -1.24909e-20 -1.25074e-20   1.1774e-23
          36 -1.24898e-20 -1.25069e-20  1.14571e-23
          37 -1.24763e-20 -1.25061e-20  1.11772e-23
          38 -1.24529e-20 -1.25047e-20  1.09704e-23
          39 -1.26703e-20 -1.25089e-20  1.14819e-23
          40 -1.25201e-20 -1.25092e-20  1.11983e-23
          41 -1.25335e-20 -1.25098e-20  1.09408e-23
          42 -1.25999e-20 -1.25119e-20  1.08888e-23
          43 -1.25191e-20 -1.25121e-20  1.06368e-23
          44 -1.24111e-20 -1.25098e-20  1.06401e-23
          45 -1.25061e-20 -1.25097e-20   1.0404e-23
          46 -1.23894e-20 -1.25071e-20  1.05013e-23
          47 -1.24431e-20 -1.25058e-20  1.03658e-23
          48 -1.23214e-20 -1.25019e-20  1.08381e-23
          49  -1.2503e-20 -1.25019e-20  1.06169e-23
          50 -1.24555e-20  -1.2501e-20  1.04451e-23
          51 -1.24292e-20 -1.24996e-20  1.03349e-23
          52  -1.2498e-20 -1.24996e-20  1.01362e-23
          53 -1.24696e-20  -1.2499e-20  9.96062e-24
          54 -1.26554e-20 -1.25019e-20  1.01885e-23
          55 -1.24905e-20 -1.25017e-20  1.00054e-23
          56 -1.25455e-20 -1.25025e-20  9.85722e-24
          57 -1.27025e-20  -1.2506e-20  1.02898e-23
          58 -1.25101e-20  -1.2506e-20  1.01127e-23
          59 -1.24439e-20  -1.2505e-20  9.99599e-24
          60 -1.24523e-20 -1.25041e-20  9.86788e-24
          61 -1.24335e-20  -1.2503e-20   9.7737e-24
          62 -1.24216e-20 -1.25016e-20  9.70386e-24
          63 -1.25039e-20 -1.25017e-20   9.5499e-24
          64 -1.24513e-20 -1.25009e-20  9.43307e-24
          65 -1.25532e-20 -1.25017e-20  9.32226e-24
          66 -1.24586e-20  -1.2501e-20  9.20386e-24
          67 -1.25338e-20 -1.25015e-20  9.07945e-24
          68 -1.25008e-20 -1.25015e-20  8.94594e-24
          69 -1.24847e-20 -1.25013e-20  8.81962e-24
          70 -1.24579e-20 -1.25007e-20  8.71541e-24
          71 -1.24786e-20 -1.25004e-20   8.5982e-24
          72 -1.25129e-20 -1.25005e-20  8.48056e-24
          73  -1.2542e-20 -1.25011e-20   8.3834e-24
          74 -1.24996e-20 -1.25011e-20  8.27013e-24
          75 -1.24593e-20 -1.25005e-20  8.17863e-24
          76  -1.2546e-20 -1.25011e-20  8.09289e-24
          77 -1.25531e-20 -1.25018e-20  8.01591e-24
          78 -1.25331e-20 -1.25022e-20  7.92317e-24
          79 -1.25367e-20 -1.25026e-20  7.83492e-24
          80 -1.24772e-20 -1.25023e-20  7.74342e-24
          81 -1.26116e-20 -1.25037e-20  7.76451e-24
          82 -1.24405e-20 -1.25029e-20  7.70799e-24
          83 -1.23702e-20 -1.25013e-20  7.77908e-24
          84 -1.25551e-20 -1.25019e-20  7.71285e-24
          85 -1.24618e-20 -1.25015e-20  7.63655e-24
          86 -1.24688e-20 -1.25011e-20  7.55717e-24
          87 -1.24558e-20 -1.25006e-20   7.4882e-24
          88 -1.23694e-20 -1.24991e-20  7.54991e-24
          89 -1.25576e-20 -1.24997e-20  7.49369e-24
          90 -1.25418e-20 -1.25002e-20    7.425e-24
          91 -1.24888e-20 -1.25001e-20  7.34445e-24
          92 -1.25644e-20 -1.25008e-20  7.29787e-24
          93 -1.25353e-20 -1.25011e-20  7.22882e-24
          94 -1.24561e-20 -1.25007e-20  7.16778e-24
          95 -1.24953e-20 -1.25006e-20  7.09254e-24
          96 -1.25264e-20 -1.25009e-20  7.02376e-24
          97  -1.2569e-20 -1.25016e-20  6.98641e-24
          98 -1.24803e-20 -1.25014e-20  6.91849e-24
          99 -1.24961e-20 -1.25013e-20  6.84881e-24
         100 -1.25689e-20  -1.2502e-20  6.81364e-24
