           1  5.04698e+07  5.04698e+07            0
           2  4.25853e+07  4.65276e+07  2.78762e+06
           3  5.56494e+07  4.95682e+07  3.10117e+06
           4  5.86894e+07  5.18485e+07  3.05115e+06
           5  5.01312e+07   5.1505e+07  2.46018e+06
           6  4.72877e+07  5.08021e+07  2.14821e+06
           7  5.92769e+07  5.20128e+07  2.15565e+06
           8  5.71409e+07  5.26538e+07  1.97921e+06
           9  6.14354e+07  5.36295e+07  1.98529e+06
          10  7.00148e+07  5.52681e+07  2.36829e+06
          11  4.30126e+07  5.41539e+07   2.4008e+06
          12  5.39299e+07  5.41352e+07   2.2008e+06
          13  6.87073e+07  5.52562e+07  2.29932e+06
          14  5.81898e+07  5.54657e+07  2.14461e+06
          15  5.78564e+07  5.56251e+07  2.00755e+06
          16   5.6145e+07  5.56576e+07  1.88234e+06
          17  5.59376e+07  5.56741e+07  1.77169e+06
          18  5.93307e+07  5.58772e+07  1.68486e+06
          19   4.2657e+07  5.51814e+07  1.73392e+06
          20  5.47722e+07  5.51609e+07  1.64734e+06
          21  5.68766e+07  5.52426e+07  1.57092e+06
          22  6.06539e+07  5.54886e+07  1.51865e+06
          23   5.6292e+07  5.55235e+07  1.45303e+06
          24  5.23975e+07  5.53933e+07  1.39831e+06
          25  6.93665e+07  5.59522e+07  1.44979e+06
          26  6.05479e+07   5.6129e+07  1.40476e+06
          27  4.73809e+07   5.5805e+07  1.38959e+06
          28  4.88402e+07  5.55562e+07  1.36205e+06
          29  5.32499e+07  5.54767e+07   1.3174e+06
          30  4.69711e+07  5.51932e+07  1.30364e+06
          31  5.19249e+07  5.50878e+07  1.26584e+06
          32  4.26856e+07  5.47002e+07  1.28424e+06
          33  4.23724e+07  5.43266e+07  1.29852e+06
          34  4.69937e+07  5.41109e+07  1.27812e+06
          35  5.67876e+07  5.41874e+07  1.24389e+06
          36  5.61211e+07  5.42411e+07  1.21049e+06
          37  4.77953e+07  5.40669e+07  1.19025e+06
          38   5.9607e+07  5.42127e+07  1.16782e+06
          39  3.29136e+07  5.36666e+07  1.25912e+06
          40  4.55021e+07  5.34625e+07  1.24407e+06
          41  4.49077e+07  5.32538e+07   1.2311e+06
          42  4.29327e+07  5.30081e+07  1.22607e+06
          43  5.17955e+07  5.29799e+07  1.19788e+06
          44  6.50282e+07  5.32537e+07  1.20155e+06
          45  5.80968e+07  5.33613e+07  1.17966e+06
          46  7.27146e+07   5.3782e+07  1.22674e+06
          47   5.5323e+07  5.38148e+07  1.20108e+06
          48  6.78908e+07  5.41081e+07  1.21133e+06
          49   5.7147e+07  5.41701e+07  1.18819e+06
          50  6.28004e+07  5.43427e+07   1.1769e+06
          51  6.09656e+07  5.44726e+07  1.16097e+06
          52  5.77135e+07  5.45349e+07  1.14031e+06
          53  5.65998e+07  5.45739e+07  1.11946e+06
          54  4.13355e+07  5.43287e+07  1.12526e+06
          55  5.37474e+07  5.43181e+07  1.10485e+06
          56  4.80402e+07   5.4206e+07  1.09079e+06
          57  3.51164e+07  5.38711e+07  1.12189e+06
          58  4.49562e+07  5.37174e+07  1.11302e+06
          59  6.16099e+07  5.38512e+07  1.10217e+06
          60  5.91107e+07  5.39388e+07  1.08728e+06
          61   6.0327e+07  5.40436e+07  1.07449e+06
          62  6.27866e+07  5.41846e+07  1.06637e+06
          63  5.47976e+07  5.41943e+07  1.04949e+06
          64  5.65529e+07  5.42312e+07  1.03374e+06
          65  5.24469e+07  5.42037e+07   1.0182e+06
          66  5.66211e+07  5.42403e+07  1.00343e+06
          67  5.17086e+07  5.42026e+07       989164
          68  5.49739e+07  5.42139e+07       974682
          69  5.24148e+07  5.41878e+07       960905
          70  5.71973e+07  5.42308e+07       948139
          71  5.47113e+07  5.42376e+07       934809
          72  4.76357e+07  5.41459e+07       926312
          73  5.16619e+07  5.41119e+07       914247
          74  5.02296e+07  5.40594e+07       903397
          75  5.75454e+07  5.41059e+07       892546
          76  4.41639e+07  5.39751e+07       890337
          77   4.9619e+07  5.39185e+07       880570
          78  4.90902e+07  5.38566e+07       871453
          79  4.94592e+07  5.38009e+07       862198
          80  5.74384e+07  5.38464e+07       852619
          81  3.89559e+07  5.36626e+07       861683
          82  5.42537e+07  5.36698e+07       851205
          83  6.99703e+07  5.38662e+07       863308
          84  5.16311e+07  5.38396e+07       853441
          85  5.84634e+07   5.3894e+07       845132
          86  5.76998e+07  5.39382e+07       836463
          87  5.74866e+07   5.3979e+07       827842
          88  6.99428e+07  5.41604e+07       838075
          89  4.87239e+07  5.40993e+07       830882
          90  5.10822e+07  5.40658e+07       822326
          91  5.24845e+07  5.40484e+07       813473
          92  4.59265e+07  5.39601e+07       809407
          93  4.87041e+07  5.39036e+07       802674
          94  5.73661e+07  5.39405e+07       794980
          95  5.05333e+07  5.39046e+07       787420
          96  4.64837e+07  5.38273e+07       783003
          97  5.14072e+07  5.38023e+07       775328
          98  5.41609e+07   5.3806e+07       767425
          99    5.324e+07  5.38003e+07       759695
         100  5.07962e+07  5.37702e+07       752692
