0 0 0
0.0256496 0 0
0.0512993 0 0
0.0769489 0 0
0.102599 0 0
0.128248 0 0
0.153898 0 0
0.179547 0 0
0.205197 0 0
0.230847 0 0
0.256496 0 0
0.282146 0 0
0.307796 0 0
0.333445 0 0
0.359095 0 0
0.384745 0 0
0.410394 0 0
0.436044 0 0
0.461694 0 0
0.487343 0 0
0.512993 0 0
0.538642 0 0
0.564292 0 0
0.589942 0 0
0.615591 0 0
0.641241 0 0
0.666891 0 0
0.69254 0 0
0.71819 0 0
0.74384 0 0
0.769489 0 0
0.795139 0 0
0.820788 0 0
0.846438 0 0
0.872088 0.000722637 0.000133426
0.897737 0.0157097 0.000642864
0.923387 0.132999 0.00223386
0.949037 0.502901 0.00403213
0.974686 1.13436 0.00688052
1.00034 1.83471 0.00922593
1.02599 2.34414 0.0087261
1.05164 2.58864 0.00867671
1.07728 2.5891 0.00907189
1.10293 2.4542 0.0093845
1.12858 2.2499 0.00843009
1.15423 2.00857 0.00837244
1.17988 1.76478 0.00747773
1.20553 1.57882 0.0075307
1.23118 1.39852 0.00721626
1.25683 1.24993 0.00648043
1.28248 1.12949 0.00604137
1.30813 1.02698 0.00560768
1.33378 0.943475 0.00567752
1.35943 0.869523 0.00504961
1.38508 0.809653 0.00461019
1.41073 0.759725 0.0042513
1.43638 0.71908 0.00382878
1.46203 0.690361 0.00392715
1.48768 0.676648 0.00399902
1.51333 0.67363 0.00396618
1.53898 0.663595 0.00420452
1.56463 0.661975 0.00390322
1.59028 0.668944 0.00438229
1.61593 0.675226 0.00421242
1.64158 0.693342 0.00458957
1.66723 0.717212 0.00435033
1.69288 0.741877 0.00434143
1.71853 0.76962 0.00441291
1.74418 0.808776 0.00427559
1.76983 0.85506 0.00378208
1.79547 0.896064 0.00408706
1.82112 0.941323 0.00458376
1.84677 0.986243 0.00441219
1.87242 1.02551 0.00424867
1.89807 1.06239 0.0042111
1.92372 1.1059 0.00415975
1.94937 1.14094 0.00433234
1.97502 1.17107 0.00486147
2.00067 1.19588 0.003898
2.02632 1.2087 0.0039387
2.05197 1.22334 0.00391954
2.07762 1.22298 0.00381026
2.10327 1.21138 0.00408114
2.12892 1.20103 0.00413189
2.15457 1.17545 0.00391257
2.18022 1.14881 0.00358414
2.20587 1.1229 0.00378853
2.23152 1.10048 0.00338048
2.25717 1.0666 0.00370217
2.28282 1.03433 0.00380705
2.30847 1.0102 0.00356438
2.33412 0.983726 0.00304016
2.35977 0.95828 0.00317913
2.38542 0.94117 0.00299892
2.41107 0.921163 0.00278348
2.43672 0.904317 0.00270082
2.46237 0.895066 0.00287272
2.48802 0.888648 0.00285987
2.51366 0.882382 0.00273881
2.53931 0.888025 0.00262215
