137.827
137.836
137.846
137.857
137.867
137.879
137.89
137.902
137.915
137.928
137.941
137.954
137.968
137.983
137.997
138.012
138.027
138.043
138.059
138.075
138.091
138.108
138.125
138.142
138.159
138.176
138.194
138.212
138.23
138.248
138.266
138.284
138.302
138.321
138.339
138.358
138.376
138.395
138.413
138.432
138.45
138.469
138.487
138.505
138.523
138.541
138.559
138.576
138.593
138.611
138.628
138.644
138.661
138.677
138.693
138.709
138.724
138.739
138.754
138.768
138.782
138.796
138.809
138.822
138.835
138.847
138.858
138.87
138.88
138.891
138.901
138.91
138.919
138.928
138.936
138.944
138.951
138.957
138.964
138.969
138.974
138.979
138.983
138.987
138.99
138.992
138.994
138.996
138.997
138.998
138.998
138.997
138.996
138.995
138.993
138.991
138.988
138.984
138.981
138.976
138.972
138.966
138.961
138.955
138.948
138.941
138.934
138.926
138.918
138.91
138.901
138.892
138.883
138.873
138.863
138.853
138.842
138.831
138.82
138.809
138.798
138.786
138.774
138.762
138.75
138.738
138.725
138.713
138.701
138.688
138.676
138.663
138.651
138.638
138.626
138.613
138.601
138.589
138.577
138.565
138.553
138.541
138.53
138.519
138.508
138.497
138.487
138.476
138.466
138.457
138.447
138.438
138.43
138.421
138.413
138.405
138.398
138.391
138.385
138.378
138.372
138.367
138.362
138.357
138.353
138.349
138.345
138.342
138.339
138.337
138.335
138.333
138.332
138.331
138.33
138.33
138.33
138.331
138.331
138.332
138.334
138.335
138.337
138.339
138.342
138.344
138.347
138.35
138.353
138.357
138.36
138.364
138.368
138.372
138.376
138.38
138.384
138.388
138.392
138.397
138.401
138.405
138.41
138.414
138.418
138.423
138.427
138.431
138.435
138.439
138.443
138.446
138.45
138.453
138.456
138.46
138.463
138.465
138.468
138.47
138.473
138.475
138.477
138.478
138.48
138.481
138.482
138.483
138.483
138.484
138.484
138.484
138.484
138.484
138.483
138.482
138.481
138.48
138.479
138.477
138.475
138.473
138.471
138.469
138.467
138.464
138.461
138.459
138.456
138.453
138.449
138.446
138.443
138.439
138.436
138.432
138.429
138.425
138.421
138.418
138.414
138.41
138.406
138.403
138.399
138.396
138.392
138.389
138.385
138.382
138.379
138.376
138.373
138.37
138.367
138.365
138.363
138.36
138.358
138.357
138.355
138.354
138.352
138.351
138.351
138.35
138.35
138.35
138.35
138.351
138.351
138.352
138.354
138.355
138.357
138.359
138.361
138.364
138.367
138.37
138.374
138.377
138.381
138.385
138.39
138.394
138.399
138.404
138.41
138.415
138.421
138.427
138.433
138.439
138.446
138.453
138.459
138.466
138.473
138.48
138.488
138.495
138.502
138.51
138.517
138.525
138.532
138.54
138.547
138.554
138.562
138.569
138.576
138.583
138.59
138.597
138.603
138.609
138.616
138.622
138.627
138.633
138.638
138.643
138.648
138.652
138.656
138.659
138.663
138.666
138.668
138.67
138.672
138.673
138.674
138.674
138.674
138.674
138.673
138.671
138.669
138.667
138.664
138.66
138.656
138.651
138.646
138.64
138.634
138.627
138.62
138.612
138.604
138.595
138.585
138.575
138.564
138.553
138.541
138.529
138.516
138.503
138.489
138.475
138.46
138.444
138.429
138.412
138.395
138.378
138.36
138.342
138.324
138.305
138.285
138.265
138.245
138.225
138.204
138.183
138.161
138.139
138.117
138.095
138.072
138.049
138.026
138.003
137.98
137.956
137.932
137.908
137.884
137.86
137.836
137.812
137.787
137.763
137.739
137.714
137.69
137.665
137.641
137.616
137.592
137.568
137.543
137.519
137.495
137.471
137.447
137.424
137.4
137.376
137.353
137.33
137.307
137.284
137.261
137.238
137.215
137.193
137.17
137.148
137.126
137.104
137.082
137.06
137.038
137.017
136.995
136.974
136.952
136.931
136.909
136.888
136.867
136.846
136.825
136.803
136.782
136.761
136.74
136.719
136.697
136.676
136.655
136.633
136.612
136.59
136.569
136.547
136.525
136.503
136.481
136.46
136.438
136.415
136.393
136.371
136.349
136.327
136.304
136.282
136.26
136.238
136.216
136.194
136.172
136.15
136.128
136.106
136.085
136.064
136.043
136.022
136.002
135.982
135.962
135.943
135.925
135.906
135.888
135.871
135.855
135.839
135.823
135.809
135.795
135.781
135.769
135.757
135.746
135.737
135.728
135.719
135.712
135.706
135.701
135.697
135.694
135.692
135.69
135.69
135.692
135.694
135.697
135.701
135.706
135.713
135.72
135.729
135.738
135.749
135.76
135.773
135.786
135.8
135.816
135.832
135.849
135.866
135.885
135.904
135.924
135.945
135.966
135.988
136.01
136.033
136.056
136.08
136.104
136.129
136.154
136.179
136.205
136.23
136.256
136.282
136.308
136.334
136.361
136.387
136.413
136.439
136.465
136.491
136.517
136.543
136.568
136.593
136.618
136.643
136.667
136.692
136.716
136.739
136.762
136.785
136.808
136.83
136.852
136.873
136.895
136.915
136.936
136.955
136.975
136.994
137.013
137.031
137.049
137.066
137.084
137.1
137.117
137.132
137.148
137.163
137.178
137.192
137.206
137.22
137.233
137.246
137.259
137.271
137.283
137.295
137.306
137.317
137.328
137.338
137.348
137.358
137.368
137.377
137.386
137.395
137.403
137.411
137.419
137.427
137.435
137.442
137.449
137.456
137.462
137.469
137.475
137.481
137.487
137.492
137.497
137.503
137.508
137.512
137.517
137.521
137.526
137.53
137.533
137.537
137.541
137.544
137.547
137.55
137.553
137.556
137.558
137.561
137.563
137.565
137.567
137.568
137.57
137.571
137.572
137.573
137.574
137.575
137.575
137.575
137.576
137.576
137.575
137.575
137.575
137.574
137.573
137.572
137.571
137.57
137.568
137.567
137.565
137.563
137.561
137.559
137.556
137.554
137.551
137.548
137.545
137.542
137.539
137.535
137.532
137.528
137.524
137.52
137.516
137.512
137.508
137.503
137.499
137.494
137.489
137.484
137.479
137.474
137.469
137.464
137.458
137.453
137.447
137.441
137.436
137.43
137.424
137.418
137.412
137.406
137.4
137.394
137.388
137.382
137.376
137.37
137.364
137.357
137.351
137.345
137.339
137.333
137.327
137.32
137.314
137.308
137.302
137.296
137.29
137.284
137.279
137.273
137.267
137.261
137.256
137.25
137.245
137.24
137.234
137.229
137.224
137.219
137.214
137.209
137.205
137.2
137.196
137.192
137.187
137.183
137.18
137.176
137.172
137.169
137.165
137.162
137.159
137.156
137.153
137.151
137.148
137.146
137.144
137.142
137.14
137.139
137.137
137.136
137.135
137.134
137.133
137.132
137.132
137.132
137.132
137.132
137.132
137.133
137.134
137.135
137.136
137.137
137.139
137.14
137.142
137.144
137.147
137.149
137.152
137.155
137.158
137.161
137.165
137.169
137.173
137.177
137.181
137.186
137.191
137.196
137.201
137.207
137.213
137.219
137.225
137.231
137.238
137.245
137.252
137.259
137.267
137.274
137.282
137.291
137.299
137.308
137.317
137.326
137.335
137.345
137.355
137.365
137.375
137.385
137.396
137.407
137.418
137.43
137.441
137.453
137.465
137.477
137.49
137.503
137.515
137.529
137.542
137.555
137.569
137.583
137.597
137.611
137.626
137.64
137.655
137.67
137.685
137.701
137.716
137.732
137.748
137.764
137.78
137.796
137.813
137.829
137.846
137.863
137.88
137.897
137.914
137.931
137.949
137.966
137.984
138.001
138.019
138.037
138.055
138.073
138.091
138.109
138.127
138.145
138.163
138.182
138.2
138.218
138.236
138.255
138.273
138.291
138.31
138.328
138.346
138.364
138.382
138.4
138.418
138.436
138.454
138.472
138.49
138.508
138.525
138.543
138.56
138.577
138.594
138.611
138.628
138.645
138.662
138.678
138.695
138.711
138.727
138.742
138.758
138.773
138.789
138.804
138.818
138.833
138.847
138.861
138.875
138.889
138.902
138.915
138.928
138.94
138.952
138.964
138.975
138.986
138.997
139.008
139.018
139.027
139.037
139.046
139.054
139.062
139.07
139.077
139.084
139.09
139.096
139.101
139.106
139.11
139.114
139.117
139.12
139.122
139.123
139.124
139.124
139.124
139.122
139.121
139.118
139.115
139.111
139.106
139.1
139.094
139.087
139.079
139.07
139.06
139.049
139.038
139.025
139.012
138.997
138.982
138.965
138.948
138.929
138.91
138.889
138.867
138.844
138.82
138.795
138.768
138.741
138.712
138.682
138.65
138.618
138.584
138.549
138.513
138.476
138.437
138.397
138.356
138.314
138.27
138.226
138.18
138.133
138.085
138.036
137.986
137.936
137.884
137.831
137.778
137.723
137.668
137.613
137.557
137.5
137.444
137.387
137.329
137.272
137.215
137.158
137.101
137.044
136.988
136.933
136.878
136.825
136.772
136.721
136.67
136.622
136.574
136.529
136.485
136.443
136.403
136.366
136.33
136.297
136.267
136.239
136.214
136.191
136.172
136.155
136.141
136.13
136.123
136.118
136.116
136.118
136.122
136.13
136.14
136.154
136.171
136.19
136.212
136.237
136.265
136.295
136.328
136.363
136.4
136.439
136.481
136.524
136.569
136.616
136.664
136.714
136.765
136.817
136.87
136.924
136.978
137.034
137.089
137.145
137.202
137.258
137.314
137.371
137.427
137.483
137.539
137.594
137.649
137.703
137.756
137.809
137.862
137.913
137.964
138.013
138.062
138.11
138.157
138.203
138.249
138.293
138.336
138.379
138.42
138.461
138.501
138.539
138.577
138.614
138.651
138.686
138.721
138.755
138.788
138.82
138.852
138.884
138.914
138.945
138.974
139.003
139.032
139.06
139.088
139.116
139.143
139.17
139.197
139.223
139.25
139.276
139.302
139.327
139.353
139.379
139.404
139.43
139.455
139.48
139.506
139.531
139.556
139.582
139.607
139.632
139.658
139.683
139.708
139.733
139.759
139.784
139.809
139.834
139.86
139.885
139.91
139.935
139.959
139.984
140.009
140.033
140.057
140.081
140.105
140.129
140.152
140.175
140.198
140.221
140.243
140.265
140.286
140.307
140.328
140.348
140.368
140.388
140.407
140.425
140.443
140.46
140.477
140.494
140.509
140.525
140.539
140.553
140.567
140.579
140.592
140.603
140.614
140.624
140.634
140.643
140.651
140.659
140.666
140.672
140.678
140.683
140.687
140.69
140.693
140.696
140.698
140.699
140.699
140.699
140.698
140.697
140.695
140.693
140.689
140.686
140.682
140.677
140.672
140.666
140.66
140.654
140.647
140.639
140.632
140.624
140.615
140.606
140.597
140.588
140.578
140.568
140.558
140.548
140.537
140.527
140.516
140.505
140.494
140.483
140.472
140.461
140.45
140.44
140.429
140.418
140.407
140.397
140.387
140.377
140.367
140.358
140.348
140.339
140.331
140.322
140.314
140.307
140.3
140.293
140.287
140.281
140.276
140.271
140.266
140.263
140.259
140.257
140.254
140.253
140.252
140.252
140.252
140.253
140.254
140.256
140.259
140.263
140.267
140.271
140.277
140.283
140.29
140.297
140.305
140.314
140.323
140.333
140.344
140.355
140.367
140.379
140.392
140.406
140.42
140.435
140.451
140.467
140.483
140.501
140.518
140.536
140.555
140.574
140.594
140.614
140.635
140.656
140.677
140.699
140.721
140.743
140.766
140.789
140.813
140.837
140.861
140.885
140.909
140.934
140.959
140.984
141.009
141.035
141.061
141.086
141.112
141.138
141.164
141.19
141.216
141.242
141.268
141.294
141.32
141.346
141.372
141.398
141.424
141.449
141.475
141.5
141.526
141.551
141.576
141.601
141.625
141.65
141.674
141.698
141.722
141.745
141.769
141.792
141.815
141.837
141.86
141.882
141.903
141.925
141.946
141.967
141.987
142.008
142.028
142.047
142.067
142.086
142.104
142.123
142.141
142.158
142.176
142.193
142.209
142.226
142.242
142.257
142.273
142.288
142.302
142.317
142.331
142.344
142.358
142.371
142.384
142.396
142.408
142.42
142.431
142.443
142.453
142.464
142.474
142.485
142.494
142.504
142.513
142.522
142.531
142.539
142.548
142.556
142.564
142.571
142.579
142.586
142.593
142.6
142.606
142.613
142.619
142.625
142.631
142.636
142.642
142.647
142.653
142.658
142.663
142.667
142.672
142.677
142.681
142.685
142.689
142.693
142.697
142.701
142.704
142.708
142.711
142.714
142.717
142.72
142.722
142.725
142.727
142.729
142.731
142.733
142.734
142.735
142.736
142.737
142.737
142.738
142.738
142.737
142.737
142.736
142.734
142.732
142.73
142.728
142.725
142.722
142.718
142.714
142.709
142.704
142.698
142.692
142.685
142.678
142.67
142.661
142.652
142.642
142.632
142.62
142.609
142.596
142.583
142.569
142.554
142.539
142.523
142.506
142.489
142.47
142.451
142.432
142.411
142.39
142.368
142.345
142.322
142.298
142.273
142.248
142.222
142.196
142.169
142.141
142.113
142.085
142.056
142.026
141.997
141.967
141.936
141.906
141.876
141.845
141.814
141.784
141.753
141.723
141.693
141.663
141.633
141.604
141.575
141.546
141.519
141.491
141.465
141.439
141.414
141.39
141.366
141.344
141.322
141.302
141.282
141.263
141.246
141.23
141.214
141.2
141.187
141.175
141.164
141.155
141.146
141.139
141.132
141.127
141.123
141.119
141.117
141.115
141.115
141.115
141.116
141.118
141.12
141.123
141.127
141.131
141.135
141.14
141.145
141.15
141.155
141.161
141.167
141.172
141.177
141.183
141.188
141.192
141.197
141.201
141.204
141.207
141.21
141.212
141.213
141.214
141.213
141.213
141.211
141.209
141.206
141.203
141.198
141.193
141.187
141.18
141.173
141.165
141.156
141.147
141.137
141.127
141.116
141.104
141.093
141.081
141.069
141.056
141.044
141.032
141.019
141.007
140.996
140.985
140.974
140.964
140.955
140.946
140.939
140.932
140.927
140.923
140.921
140.92
140.921
140.923
140.927
140.934
140.942
140.953
140.965
140.98
140.998
141.018
141.04
141.065
141.092
141.122
141.155
141.19
141.227
141.268
141.311
141.356
141.404
141.454
141.507
141.562
141.619
141.678
141.74
141.803
141.868
141.935
142.003
142.073
142.144
142.216
142.289
142.363
142.438
142.513
142.589
142.665
142.742
142.818
142.894
142.97
143.046
143.121
143.195
143.269
143.342
143.414
143.484
143.553
143.621
143.688
143.753
143.816
143.878
143.938
143.996
144.052
144.106
144.158
144.208
144.256
144.302
144.345
144.387
144.426
144.462
144.497
144.529
144.558
144.586
144.611
144.633
144.654
144.671
144.687
144.7
144.711
144.719
144.725
144.729
144.73
144.73
144.726
144.721
144.714
144.704
144.692
144.678
144.662
144.644
144.623
144.601
144.577
144.551
144.523
144.493
144.461
144.427
144.392
144.355
144.316
144.276
144.234
144.191
144.146
144.1
144.052
144.003
143.953
143.901
143.849
143.795
143.741
143.685
143.629
143.572
143.513
143.455
143.395
143.336
143.275
143.214
143.153
143.092
143.03
142.969
142.907
142.846
142.784
142.723
142.662
142.602
142.542
142.482
142.424
142.366
142.308
142.252
142.197
142.142
142.089
142.037
141.987
141.937
141.89
141.843
141.799
141.755
141.714
141.675
141.637
141.601
141.567
141.535
141.505
141.478
141.452
141.429
141.407
141.388
141.371
141.357
141.344
141.334
141.326
141.321
141.317
141.316
141.317
141.321
141.326
141.334
141.344
141.356
141.37
141.386
141.404
141.424
141.445
141.469
141.494
141.521
141.55
141.58
141.611
141.644
141.678
141.714
141.751
141.789
141.827
141.867
141.908
141.949
141.992
142.034
142.078
142.122
142.166
142.211
142.256
142.301
142.346
142.391
142.436
142.481
142.526
142.571
142.616
142.66
142.703
142.747
142.789
142.831
142.873
142.914
142.954
142.993
143.031
143.069
143.105
143.141
143.176
143.209
143.242
143.274
143.304
143.333
143.362
143.389
143.414
143.439
143.462
143.484
143.505
143.525
143.543
143.56
143.576
143.59
143.603
143.615
143.625
143.634
143.642
143.649
143.654
143.658
143.661
143.663
143.663
143.663
143.66
143.657
143.653
143.647
143.641
143.633
143.624
143.615
143.604
143.592
143.579
143.565
143.551
143.535
143.519
143.502
143.484
143.465
143.445
143.425
143.404
143.382
143.359
143.336
143.313
143.288
143.263
143.238
143.212
143.185
143.158
143.13
143.102
143.073
143.044
143.014
142.983
142.952
142.921
142.889
142.856
142.823
142.79
142.755
142.72
142.685
142.648
142.611
142.574
142.535
142.496
142.456
142.415
142.374
142.331
142.288
142.243
142.198
142.151
142.104
142.055
142.006
141.955
141.903
141.85
141.796
141.741
141.684
141.627
141.568
141.508
141.447
141.385
141.322
141.258
141.192
141.126
141.059
140.99
140.921
140.852
140.781
140.71
140.638
140.566
140.493
140.421
140.348
140.275
140.202
140.129
140.056
139.984
139.913
139.842
139.772
139.703
139.635
139.568
139.503
139.439
139.377
139.317
139.258
139.202
139.148
139.096
139.047
139
138.956
138.914
138.876
138.84
138.807
138.777
138.751
138.728
138.707
138.69
138.677
138.666
138.659
138.655
138.655
138.657
138.663
138.672
138.684
138.698
138.716
138.737
138.76
138.786
138.814
138.845
138.878
138.914
138.951
138.99
139.031
139.074
139.119
139.164
139.211
139.259
139.308
139.358
139.408
139.459
139.511
139.563
139.615
139.667
139.718
139.77
139.821
139.872
139.923
139.972
140.021
140.07
140.117
140.163
140.209
140.253
140.296
140.338
140.378
140.417
140.455
140.491
140.526
140.559
140.591
140.622
140.651
140.678
140.704
140.728
140.751
140.772
140.792
140.81
140.827
140.842
140.856
140.868
140.879
140.889
140.897
140.904
140.91
140.914
140.918
140.92
140.921
140.922
140.921
140.919
140.916
140.913
140.909
140.903
140.898
140.891
140.884
140.876
140.868
140.859
140.85
140.84
140.83
140.819
140.809
140.797
140.786
140.775
140.763
140.751
140.739
140.727
140.715
140.702
140.69
140.678
140.665
140.653
140.641
140.629
140.617
140.604
140.593
140.581
140.569
140.557
140.546
140.534
140.523
140.511
140.5
140.489
140.478
140.467
140.456
140.446
140.435
140.425
140.414
140.404
140.393
140.383
140.373
140.362
140.352
140.342
140.332
140.322
140.311
140.301
140.291
140.28
140.27
140.26
140.249
140.239
140.228
140.217
140.207
140.196
140.185
140.174
140.163
140.152
140.141
140.129
140.118
140.106
140.095
140.083
140.071
140.059
140.048
140.036
140.024
140.011
139.999
139.987
139.975
139.962
139.95
139.938
139.925
139.913
139.9
139.888
139.875
139.863
139.851
139.838
139.826
139.814
139.801
139.789
139.777
139.765
139.753
139.741
139.729
139.717
139.706
139.694
139.683
139.671
139.66
139.649
139.638
139.627
139.616
139.606
139.595
139.585
139.574
139.564
139.554
139.544
139.535
139.525
139.516
139.506
139.497
139.488
139.479
139.47
139.461
139.452
139.444
139.435
139.427
139.418
139.41
139.402
139.394
139.385
139.377
139.369
139.361
139.353
139.345
139.337
139.329
139.321
139.314
139.306
139.298
139.289
139.281
139.273
139.265
139.257
139.248
139.24
139.232
139.223
139.214
139.205
139.197
139.188
139.178
139.169
139.16
139.15
139.14
139.131
139.12
139.11
139.1
139.089
139.079
139.068
139.057
139.045
139.034
139.022
139.01
138.998
138.985
138.973
138.96
138.947
138.934
138.92
138.906
138.892
138.878
138.863
138.849
138.834
138.818
138.803
138.787
138.771
138.754
138.738
138.721
138.704
138.686
138.668
138.65
138.632
138.613
138.594
138.575
138.555
138.536
138.515
138.495
138.474
138.453
138.432
138.41
138.388
138.366
138.343
138.32
138.297
138.274
138.25
138.226
138.201
138.177
138.152
138.126
138.101
138.075
138.049
138.022
137.995
137.968
137.941
137.913
137.886
137.857
137.829
137.801
137.772
137.743
137.714
137.684
137.655
137.625
137.595
137.565
137.534
137.504
137.474
137.443
137.412
137.382
137.351
137.32
137.289
137.258
137.227
137.196
137.166
137.135
137.104
137.074
137.044
137.014
136.984
136.954
136.924
136.895
136.866
136.837
136.809
136.781
136.753
136.725
136.698
136.672
136.646
136.62
136.595
136.57
136.546
136.523
136.5
136.477
136.456
136.434
136.414
136.394
136.375
136.356
136.338
136.321
136.304
136.288
136.273
136.259
136.245
136.232
136.22
136.208
136.197
136.187
136.178
136.169
136.161
136.154
136.147
136.141
136.136
136.131
136.127
136.124
136.121
136.119
136.117
136.116
136.115
136.115
136.116
136.117
136.118
136.12
136.122
136.125
136.128
136.132
136.135
136.139
136.144
136.148
136.153
136.158
136.164
136.169
136.175
136.181
136.186
136.192
136.198
136.204
136.211
136.217
136.223
136.229
136.235
136.241
136.247
136.253
136.259
136.264
136.27
136.275
136.28
136.286
136.29
136.295
136.3
136.304
136.308
136.312
136.316
136.319
136.322
136.325
136.328
136.331
136.333
136.335
136.337
136.338
136.339
136.34
136.341
136.341
136.341
136.341
136.341
136.34
136.339
136.338
136.337
136.335
136.333
136.331
136.329
136.326
136.323
136.32
136.317
136.313
136.309
136.305
136.301
136.297
136.292
136.287
136.282
136.277
136.272
136.266
136.26
136.255
136.249
136.242
136.236
136.229
136.223
136.216
136.209
136.202
136.195
136.188
136.18
136.173
136.165
136.157
136.15
136.142
136.134
136.126
136.118
136.11
136.101
136.093
136.085
136.076
136.068
136.059
136.051
136.042
136.034
136.025
136.017
136.008
135.999
135.991
135.982
135.973
135.965
135.956
135.947
135.939
135.93
135.921
135.913
135.904
135.895
135.887
135.878
135.87
135.861
135.853
135.845
135.836
135.828
135.82
135.811
135.803
135.795
135.787
135.779
135.771
135.763
135.755
135.747
135.74
135.732
135.724
135.717
135.709
135.702
135.694
135.687
135.68
135.673
135.666
135.659
135.652
135.645
135.638
135.631
135.624
135.618
135.611
135.605
135.599
135.592
135.586
135.58
135.574
135.568
135.562
135.556
135.551
135.545
135.539
135.534
135.529
135.523
135.518
135.513
135.508
135.503
135.498
135.493
135.488
135.484
135.479
135.474
135.47
135.466
135.461
135.457
135.453
135.449
135.445
135.441
135.437
135.433
135.43
135.426
135.423
135.419
135.416
135.413
135.409
135.406
135.403
135.4
135.397
135.394
135.392
135.389
135.386
135.384
135.381
135.379
135.376
135.374
135.372
135.369
135.367
135.365
135.363
135.361
135.359
135.357
135.355
135.354
135.352
135.35
135.349
135.347
135.346
135.344
135.343
135.342
135.34
135.339
135.338
135.337
135.335
135.334
135.333
135.332
135.331
135.33
135.329
135.329
135.328
135.327
135.326
135.325
135.325
135.324
135.323
135.323
135.322
135.321
135.321
135.32
135.32
135.319
135.318
135.318
135.317
135.317
135.316
135.316
135.316
135.315
135.315
135.314
135.314
135.313
135.313
135.312
135.312
135.311
135.311
135.31
135.31
135.309
135.309
135.308
135.308
135.307
135.307
135.306
135.305
135.305
135.304
135.304
135.303
135.302
135.301
135.301
135.3
135.299
135.298
135.297
135.296
135.296
135.295
135.294
135.293
135.291
135.29
135.289
135.288
135.287
135.286
135.284
135.283
135.281
135.28
135.279
135.277
135.276
135.274
135.272
135.271
135.269
135.267
135.265
135.263
135.261
135.259
135.257
135.255
135.253
135.251
135.249
135.247
135.244
135.242
135.24
135.237
135.235
135.232
135.229
135.227
135.224
135.221
135.219
135.216
135.213
135.21
135.207
135.204
135.201
135.198
135.195
135.192
135.189
135.186
135.182
135.179
135.176
135.172
135.169
135.166
135.162
135.159
135.156
135.152
135.149
135.145
135.142
135.138
135.135
135.131
135.128
135.124
135.121
135.117
135.114
135.11
135.107
135.103
135.1
135.096
135.093
135.089
135.086
135.083
135.079
135.076
135.073
135.07
135.067
135.063
135.06
135.057
135.054
135.051
135.049
135.046
135.043
135.04
135.038
135.035
135.033
135.031
135.028
135.026
135.024
135.022
135.02
135.018
135.017
135.015
135.013
135.012
135.011
135.009
135.008
135.007
135.006
135.006
135.005
135.004
135.004
135.004
135.004
135.003
135.004
135.004
135.004
135.005
135.005
135.006
135.007
135.008
135.009
135.01
135.011
135.013
135.014
135.016
135.018
135.02
135.022
135.024
135.027
135.029
135.032
135.034
135.037
135.04
135.043
135.046
135.05
135.053
135.056
135.06
135.064
135.067
135.071
135.075
135.079
135.083
135.087
135.091
135.096
135.1
135.104
135.109
135.113
135.118
135.122
135.127
135.131
135.136
135.14
135.145
135.15
135.154
135.159
135.163
135.168
135.172
135.177
135.181
135.185
135.189
135.194
135.198
135.202
135.206
135.209
135.213
135.217
135.22
135.223
135.227
135.23
135.233
135.235
135.238
135.24
135.242
135.244
135.246
135.248
135.249
135.25
135.251
135.252
135.252
135.252
135.252
135.252
135.251
135.25
135.249
135.247
135.245
135.243
135.241
135.238
135.235
135.232
135.228
135.224
135.219
135.215
135.21
135.204
135.198
135.192
135.186
135.179
135.172
135.164
135.157
135.148
135.14
135.131
135.122
135.112
135.103
135.092
135.082
135.071
135.06
135.049
135.037
135.026
135.013
135.001
134.989
134.976
134.963
134.95
134.936
134.923
134.909
134.895
134.881
134.867
134.853
134.839
134.825
134.81
134.796
134.782
134.768
134.753
134.739
134.725
134.711
134.698
134.684
134.67
134.657
134.644
134.631
134.619
134.606
134.594
134.582
134.571
134.56
134.549
134.539
134.528
134.519
134.51
134.501
134.492
134.484
134.477
134.47
134.463
134.457
134.452
134.447
134.442
134.439
134.435
134.432
134.43
134.429
134.427
134.427
134.427
134.428
134.429
134.431
134.434
134.437
134.441
134.445
134.45
134.456
134.463
134.47
134.478
134.486
134.495
134.505
134.516
134.527
134.539
134.552
134.565
134.579
134.594
134.61
134.626
134.643
134.661
134.68
134.699
134.719
134.74
134.761
134.783
134.806
134.83
134.854
134.879
134.905
134.932
134.959
134.987
135.015
135.044
135.074
135.105
135.136
135.168
135.2
135.233
135.266
135.3
135.334
135.369
135.405
135.441
135.477
135.513
135.55
135.588
135.625
135.663
135.701
135.74
135.778
135.817
135.856
135.895
135.934
135.973
136.013
136.052
136.091
136.13
136.169
136.208
136.247
136.285
136.324
136.362
136.4
136.437
136.475
136.512
136.549
136.585
136.621
136.657
136.692
136.726
136.761
136.794
136.828
136.86
136.893
136.924
136.955
136.986
137.016
137.045
137.074
137.102
137.13
137.156
137.182
137.208
137.233
137.257
137.28
137.303
137.325
137.346
137.367
137.387
137.406
137.425
137.442
137.459
137.476
137.491
137.506
137.52
137.533
137.546
137.557
137.568
137.579
137.588
137.597
137.605
137.612
137.619
137.625
137.63
137.635
137.638
137.641
137.644
137.645
137.646
137.647
137.646
137.645
137.643
137.641
137.638
137.635
137.63
137.626
137.62
137.614
137.608
137.601
137.593
137.585
137.577
137.568
137.558
137.548
137.538
137.527
137.516
137.505
137.493
137.481
137.469
137.456
137.443
137.43
137.417
137.404
137.39
137.377
137.363
137.349
137.335
137.322
137.308
137.294
137.281
137.267
137.254
137.241
137.228
137.215
137.203
137.19
137.179
137.167
137.156
137.145
137.135
137.126
137.116
137.108
137.099
137.092
137.085
137.078
137.072
137.067
137.063
137.059
137.056
137.054
137.052
137.052
137.052
137.052
137.054
137.057
137.06
137.064
137.069
137.075
137.082
137.089
137.098
137.107
137.117
137.128
137.14
137.153
137.167
137.181
137.196
137.212
137.229
137.247
137.265
137.285
137.305
137.325
137.347
137.369
137.392
137.415
137.439
137.464
137.489
137.515
137.541
137.568
137.596
137.623
137.652
137.68
137.709
137.738
137.768
137.798
137.828
137.859
137.889
137.92
137.951
137.982
138.013
138.044
138.075
138.106
138.138
138.169
138.2
138.231
138.262
138.292
138.323
138.353
138.383
138.413
138.443
138.472
138.501
138.53
138.558
138.586
138.614
138.641
138.668
138.695
138.721
138.746
138.772
138.796
138.821
138.844
138.868
138.891
138.913
138.935
138.956
138.977
138.997
139.017
139.037
139.055
139.074
139.091
139.108
139.125
139.141
139.157
139.172
139.187
139.201
139.214
139.227
139.24
139.252
139.264
139.275
139.286
139.296
139.306
139.315
139.324
139.332
139.34
139.348
139.355
139.362
139.368
139.374
139.38
139.386
139.391
139.395
139.4
139.404
139.408
139.411
139.415
139.418
139.421
139.423
139.426
139.428
139.43
139.432
139.434
139.435
139.437
139.438
139.439
139.44
139.442
139.443
139.444
139.445
139.446
139.447
139.448
139.449
139.45
139.451
139.452
139.453
139.455
139.456
139.458
139.459
139.461
139.463
139.465
139.467
139.47
139.472
139.475
139.478
139.481
139.485
139.488
139.492
139.496
139.501
139.505
139.51
139.516
139.521
139.527
139.533
139.539
139.545
139.552
139.559
139.567
139.575
139.583
139.591
139.6
139.609
139.618
139.627
139.637
139.647
139.658
139.668
139.679
139.691
139.702
139.714
139.726
139.738
139.751
139.764
139.777
139.791
139.804
139.818
139.832
139.847
139.861
139.876
139.891
139.906
139.921
139.937
139.953
139.968
139.984
140.001
140.017
140.033
140.05
140.066
140.083
140.1
140.117
140.134
140.151
140.168
140.185
140.202
140.219
140.236
140.253
140.27
140.287
140.304
140.321
140.338
140.355
140.372
140.389
140.405
140.422
140.438
140.455
140.471
140.487
140.503
140.519
140.534
140.55
140.565
140.58
140.595
140.61
140.624
140.639
140.653
140.667
140.68
140.694
140.707
140.72
140.733
140.745
140.757
140.769
140.781
140.793
140.804
140.815
140.826
140.836
140.846
140.856
140.866
140.876
140.885
140.894
140.902
140.911
140.919
140.927
140.935
140.942
140.95
140.957
140.964
140.97
140.977
140.983
140.989
140.995
141.001
141.006
141.011
141.017
141.022
141.027
141.031
141.036
141.041
141.045
141.05
141.054
141.058
141.062
141.067
141.071
141.075
141.079
141.083
141.087
141.091
141.095
141.1
141.104
141.108
141.112
141.117
141.121
141.126
141.131
141.135
141.14
141.145
141.151
141.156
141.161
141.167
141.173
141.179
141.185
141.191
141.197
141.204
141.211
141.218
141.225
141.232
141.24
141.247
141.255
141.263
141.271
141.279
141.288
141.296
141.305
141.314
141.323
141.332
141.341
141.351
141.36
141.37
141.379
141.389
141.398
141.408
141.418
141.428
141.437
141.447
141.457
141.466
141.476
141.486
141.495
141.504
141.513
141.522
141.531
141.54
141.548
141.556
141.564
141.572
141.579
141.586
141.593
141.599
141.605
141.61
141.616
141.62
141.624
141.628
141.631
141.634
141.636
141.638
141.639
141.639
141.639
141.638
141.637
141.635
141.632
141.628
141.624
141.618
141.613
141.606
141.598
141.59
141.581
141.57
141.56
141.548
141.535
141.521
141.507
141.491
141.475
141.457
141.439
141.42
141.399
141.378
141.356
141.333
141.309
141.284
141.258
141.231
141.203
141.175
141.145
141.115
141.083
141.051
141.019
140.985
140.951
140.916
140.88
140.844
140.807
140.769
140.731
140.693
140.654
140.615
140.576
140.536
140.496
140.456
140.416
140.376
140.336
140.296
140.256
140.216
140.177
140.138
140.1
140.062
140.025
139.988
139.952
139.917
139.882
139.849
139.816
139.785
139.754
139.724
139.696
139.668
139.642
139.617
139.594
139.571
139.55
139.53
139.511
139.494
139.478
139.463
139.45
139.438
139.427
139.417
139.408
139.401
139.395
139.389
139.385
139.382
139.38
139.378
139.377
139.378
139.378
139.38
139.382
139.384
139.387
139.39
139.393
139.397
139.4
139.404
139.408
139.411
139.415
139.418
139.421
139.423
139.425
139.427
139.428
139.428
139.428
139.427
139.425
139.423
139.42
139.415
139.41
139.404
139.398
139.39
139.381
139.371
139.36
139.348
139.335
139.321
139.306
139.29
139.273
139.255
139.236
139.216
139.195
139.173
139.15
139.127
139.102
139.077
139.051
139.024
138.996
138.968
138.939
138.91
138.88
138.849
138.818
138.787
138.756
138.724
138.692
138.66
138.627
138.595
138.563
138.531
138.498
138.467
138.435
138.403
138.372
138.342
138.311
138.282
138.252
138.224
138.196
138.169
138.142
138.116
138.091
138.067
138.044
138.022
138.001
137.98
137.961
137.943
137.926
137.91
137.895
137.881
137.868
137.857
137.846
137.837
137.829
137.823
137.817
137.813
137.809
137.807
137.806
137.807
137.808
137.811
137.814
137.819
137.825
137.832
137.84
137.849
137.86
137.871
137.883
137.896
137.91
137.925
137.94
137.957
137.974
137.993
138.012
138.031
138.052
138.073
138.095
138.117
138.14
138.164
138.188
138.212
138.237
138.263
138.289
138.316
138.343
138.37
138.398
138.426
138.454
138.483
138.511
138.541
138.57
138.599
138.629
138.659
138.689
138.719
138.75
138.78
138.811
138.841
138.872
138.903
138.933
138.964
138.995
139.025
139.056
139.087
139.117
139.148
139.178
139.209
139.239
139.269
139.299
139.329
139.358
139.388
139.417
139.446
139.475
139.504
139.533
139.561
139.589
139.617
139.645
139.672
139.699
139.726
139.753
139.779
139.805
139.83
139.856
139.881
139.905
139.93
139.953
139.977
140
140.023
140.045
140.068
140.089
140.11
140.131
140.152
140.172
140.191
140.21
140.229
140.247
140.265
140.282
140.299
140.315
140.331
140.347
140.362
140.376
140.39
140.403
140.416
140.429
140.441
140.452
140.463
140.474
140.483
140.493
140.502
140.51
140.518
140.525
140.532
140.539
140.544
140.55
140.554
140.559
140.563
140.566
140.569
140.571
140.573
140.574
140.575
140.575
140.575
140.575
140.574
140.572
140.57
140.568
140.565
140.562
140.558
140.554
140.549
140.544
140.539
140.533
140.527
140.52
140.513
140.506
140.498
140.49
140.482
140.473
140.464
140.455
140.445
140.435
140.425
140.415
140.404
140.393
140.382
140.37
140.358
140.346
140.334
140.321
140.309
140.296
140.283
140.27
140.256
140.243
140.229
140.216
140.202
140.188
140.174
140.159
140.145
140.131
140.116
140.102
140.087
140.073
140.058
140.044
140.029
140.015
140
139.986
139.971
139.957
139.943
139.928
139.914
139.9
139.886
139.872
139.859
139.845
139.832
139.818
139.805
139.792
139.78
139.767
139.755
139.742
139.731
139.719
139.707
139.696
139.685
139.675
139.664
139.654
139.644
139.635
139.626
139.617
139.609
139.6
139.593
139.585
139.578
139.572
139.565
139.559
139.554
139.549
139.544
139.54
139.536
139.533
139.53
139.527
139.525
139.523
139.522
139.522
139.521
139.521
139.522
139.523
139.525
139.527
139.529
139.532
139.536
139.54
139.544
139.549
139.555
139.56
139.567
139.573
139.581
139.588
139.596
139.605
139.614
139.623
139.633
139.643
139.654
139.665
139.677
139.689
139.701
139.713
139.726
139.74
139.753
139.767
139.782
139.796
139.811
139.827
139.842
139.858
139.874
139.89
139.907
139.924
139.94
139.958
139.975
139.992
140.01
140.028
140.046
140.064
140.082
140.1
140.118
140.136
140.155
140.173
140.191
140.21
140.228
140.246
140.264
140.283
140.301
140.319
140.337
140.354
140.372
140.39
140.407
140.424
140.441
140.458
140.475
140.491
140.507
140.523
140.539
140.554
140.57
140.584
140.599
140.613
140.627
140.641
140.654
140.667
140.68
140.692
140.704
140.716
140.727
140.737
140.748
140.758
140.767
140.776
140.785
140.793
140.801
140.809
140.816
140.822
140.828
140.834
140.839
140.844
140.848
140.852
140.855
140.858
140.86
140.862
140.864
140.864
140.865
140.865
140.864
140.864
140.862
140.86
140.858
140.855
140.852
140.848
140.844
140.839
140.834
140.828
140.822
140.816
140.809
140.802
140.794
140.786
140.778
140.769
140.759
140.75
140.74
140.729
140.718
140.707
140.696
140.684
140.672
140.66
140.647
140.634
140.621
140.607
140.593
140.579
140.565
140.55
140.536
140.521
140.506
140.49
140.475
140.46
140.444
140.428
140.412
140.396
140.38
140.364
140.348
140.332
140.316
140.299
140.283
140.267
140.251
140.235
140.219
140.203
140.187
140.171
140.155
140.14
140.124
140.109
140.094
140.079
140.064
140.049
140.035
140.02
140.006
139.992
139.979
139.965
139.952
139.939
139.926
139.914
139.901
139.889
139.877
139.866
139.855
139.844
139.833
139.822
139.812
139.802
139.792
139.783
139.774
139.765
139.756
139.747
139.739
139.731
139.723
139.716
139.708
139.701
139.694
139.687
139.681
139.675
139.669
139.663
139.657
139.651
139.646
139.64
139.635
139.63
139.625
139.621
139.616
139.612
139.607
139.603
139.599
139.595
139.591
139.587
139.583
139.579
139.575
139.571
139.567
139.564
139.56
139.556
139.552
139.549
139.545
139.541
139.537
139.534
139.53
139.526
139.522
139.518
139.514
139.51
139.506
139.502
139.497
139.493
139.488
139.484
139.479
139.474
139.469
139.464
139.459
139.453
139.448
139.442
139.436
139.43
139.424
139.418
139.411
139.404
139.397
139.39
139.383
139.375
139.368
139.36
139.351
139.343
139.334
139.325
139.316
139.306
139.296
139.286
139.276
139.265
139.255
139.243
139.232
139.22
139.208
139.196
139.183
139.17
139.156
139.143
139.129
139.114
139.1
139.085
139.069
139.054
139.037
139.021
139.004
138.987
138.97
138.952
138.934
138.916
138.897
138.878
138.859
138.84
138.82
138.8
138.779
138.758
138.737
138.716
138.694
138.672
138.65
138.628
138.605
138.583
138.56
138.536
138.513
138.489
138.466
138.442
138.418
138.393
138.369
138.344
138.32
138.295
138.27
138.245
138.22
138.195
138.17
138.145
138.12
138.095
138.069
138.044
138.019
137.994
137.968
137.943
137.918
137.893
137.868
137.843
137.817
137.792
137.768
137.743
137.718
137.693
137.668
137.644
137.619
137.594
137.57
137.545
137.521
137.497
137.472
137.448
137.424
137.399
137.375
137.351
137.327
137.303
137.279
137.254
137.23
137.206
137.182
137.158
137.133
137.109
137.085
137.06
137.036
137.011
136.986
136.962
136.937
136.912
136.887
136.862
136.837
136.811
136.786
136.76
136.734
136.708
136.682
136.656
136.63
136.603
136.576
136.55
136.523
136.496
136.468
136.441
136.414
136.386
136.358
136.33
136.302
136.274
136.246
136.217
136.189
136.161
136.132
136.104
136.075
136.046
136.018
135.989
135.961
135.933
135.904
135.876
135.848
135.82
135.792
135.765
135.738
135.711
135.684
135.657
135.631
135.606
135.58
135.556
135.531
135.507
135.484
135.461
135.439
135.418
135.397
135.376
135.357
135.338
135.32
135.302
135.286
135.27
135.255
135.241
135.228
135.216
135.204
135.194
135.184
135.175
135.168
135.161
135.155
135.15
135.146
135.142
135.14
135.139
135.138
135.138
135.139
135.141
135.144
135.147
135.151
135.156
135.162
135.168
135.174
135.182
135.19
135.198
135.207
135.216
135.226
135.236
135.246
135.257
135.268
135.279
135.291
135.302
135.314
135.326
135.337
135.349
135.361
135.373
135.385
135.396
135.408
135.42
135.431
135.442
135.454
135.464
135.475
135.486
135.497
135.507
135.517
135.527
135.537
135.547
135.556
135.566
135.575
135.585
135.594
135.603
135.613
135.622
135.631
135.641
135.65
135.66
135.67
135.68
135.69
135.701
135.712
135.723
135.735
135.747
135.759
135.772
135.786
135.8
135.815
135.83
135.846
135.863
135.88
135.898
135.917
135.937
135.958
135.979
136.001
136.024
136.048
136.073
136.099
136.125
136.153
136.181
136.211
136.241
136.272
136.304
136.337
136.371
136.406
136.441
136.477
136.514
136.552
136.59
136.629
136.669
136.709
136.75
136.791
136.833
136.876
136.918
136.961
137.005
137.048
137.092
137.136
137.181
137.225
137.269
137.313
137.357
137.402
137.445
137.489
137.533
137.576
137.619
137.661
137.703
137.745
137.785
137.826
137.866
137.905
137.943
137.981
138.018
138.055
138.09
138.125
138.159
138.191
138.223
138.254
138.285
138.314
138.342
138.369
138.395
138.42
138.444
138.466
138.488
138.509
138.528
138.547
138.564
138.58
138.595
138.609
138.621
138.633
138.643
138.653
138.661
138.668
138.674
138.679
138.683
138.685
138.687
138.688
138.687
138.685
138.683
138.679
138.675
138.669
138.663
138.655
138.647
138.638
138.628
138.617
138.605
138.592
138.579
138.565
138.55
138.534
138.518
138.501
138.484
138.466
138.447
138.428
138.408
138.388
138.368
138.347
138.325
138.304
138.282
138.26
138.237
138.215
138.192
138.169
138.146
138.123
138.1
138.077
138.054
138.031
138.008
137.986
137.963
137.941
137.919
137.897
137.876
137.855
137.835
137.814
137.795
137.775
137.757
137.738
137.721
137.704
137.687
137.671
137.656
137.641
137.627
137.614
137.602
137.59
137.579
137.569
137.559
137.55
137.542
137.535
137.529
137.523
137.519
137.515
137.511
137.509
137.507
137.506
137.506
137.507
137.508
137.511
137.513
137.517
137.521
137.526
137.532
137.538
137.545
137.553
137.561
137.57
137.579
137.589
137.6
137.611
137.622
137.634
137.646
137.659
137.672
137.685
137.699
137.713
137.728
137.742
137.757
137.772
137.788
137.803
137.819
137.835
137.851
137.867
137.883
137.899
137.916
137.932
137.948
137.965
137.981
137.997
138.014
138.03
138.046
138.062
138.078
138.093
138.109
138.125
138.14
138.155
138.17
138.185
138.199
138.214
138.228
138.242
138.256
138.269
138.283
138.296
138.309
138.321
138.333
138.345
138.357
138.369
138.38
138.391
138.402
138.412
138.422
138.432
138.442
138.451
138.46
138.469
138.477
138.486
138.494
138.501
138.509
138.516
138.522
138.529
138.535
138.541
138.547
138.552
138.558
138.562
138.567
138.571
138.576
138.579
138.583
138.586
138.589
138.592
138.595
138.597
138.599
138.601
138.603
138.604
138.605
138.606
138.607
138.607
138.607
138.607
138.607
138.607
138.606
138.605
138.604
138.603
138.602
138.6
138.598
138.596
138.594
138.592
138.589
138.587
138.584
138.581
138.578
138.575
138.571
138.568
138.564
138.56
138.556
138.552
138.548
138.544
138.539
138.535
138.53
138.525
138.52
138.516
138.511
138.505
138.5
138.495
138.49
138.485
138.479
138.474
138.468
138.463
138.457
138.452
138.446
138.44
138.435
138.429
138.423
138.418
138.412
138.406
138.4
138.395
138.389
138.383
138.378
138.372
138.366
138.361
138.355
138.35
138.344
138.338
138.333
138.328
138.322
138.317
138.312
138.306
138.301
138.296
138.291
138.286
138.281
138.276
138.271
138.267
138.262
138.257
138.253
138.248
138.244
138.24
138.235
138.231
138.227
138.223
138.219
138.215
138.212
138.208
138.204
138.201
138.198
138.194
138.191
138.188
138.185
138.182
138.179
138.176
138.174
138.171
138.169
138.167
138.164
138.162
138.16
138.158
138.157
138.155
138.153
138.152
138.15
138.149
138.148
138.147
138.146
138.145
138.144
138.144
138.143
138.143
138.142
138.142
138.142
138.142
138.142
138.142
138.142
138.143
138.143
138.143
138.144
138.144
138.145
138.146
138.146
138.147
138.148
138.149
138.15
138.151
138.152
138.153
138.154
138.155
138.156
138.157
138.158
138.158
138.159
138.16
138.161
138.162
138.163
138.163
138.164
138.164
138.165
138.165
138.165
138.165
138.165
138.165
138.165
138.165
138.164
138.164
138.163
138.162
138.161
138.159
138.158
138.156
138.154
138.152
138.15
138.148
138.145
138.142
138.139
138.136
138.132
138.128
138.124
138.12
138.115
138.11
138.105
138.1
138.094
138.088
138.082
138.075
138.068
138.061
138.054
138.046
138.038
138.029
138.021
138.011
138.002
137.992
137.982
137.972
137.961
137.95
137.939
137.927
137.915
137.902
137.889
137.876
137.862
137.848
137.834
137.819
137.804
137.788
137.772
137.756
137.739
137.721
137.704
137.686
137.667
137.648
137.629
137.609
137.588
137.568
137.546
137.525
137.502
137.48
137.457
137.433
137.409
137.384
137.359
137.333
137.307
137.281
137.253
137.226
137.197
137.169
137.139
137.109
137.079
137.048
137.016
136.984
136.951
136.918
136.884
136.85
136.814
136.779
136.743
136.706
136.668
136.63
136.592
136.553
136.513
136.472
136.432
136.39
136.348
136.305
136.262
136.218
136.174
136.129
136.084
136.038
135.992
135.945
135.898
135.85
135.802
135.753
135.704
135.655
135.605
135.556
135.505
135.455
135.404
135.353
135.302
135.251
135.2
135.148
135.097
135.046
134.995
134.943
134.893
134.842
134.792
134.741
134.692
134.642
134.594
134.545
134.498
134.451
134.404
134.359
134.314
134.27
134.227
134.185
134.144
134.104
134.065
134.028
133.991
133.956
133.923
133.89
133.859
133.83
133.801
133.775
133.75
133.726
133.704
133.684
133.665
133.648
133.633
133.619
133.607
133.597
133.588
133.581
133.575
133.571
133.569
133.568
133.569
133.571
133.574
133.58
133.586
133.594
133.603
133.614
133.625
133.638
133.652
133.667
133.683
133.7
133.718
133.737
133.756
133.777
133.798
133.819
133.841
133.864
133.887
133.911
133.935
133.959
133.983
134.008
134.032
134.057
134.082
134.107
134.132
134.157
134.182
134.206
134.231
134.255
134.279
134.303
134.327
134.35
134.373
134.396
134.419
134.441
134.462
134.484
134.505
134.526
134.546
134.566
134.586
134.605
134.624
134.642
134.661
134.679
134.696
134.713
134.73
134.747
134.764
134.78
134.796
134.812
134.827
134.842
134.858
134.873
134.888
134.902
134.917
134.932
134.946
134.961
134.975
134.99
135.004
135.018
135.033
135.048
135.062
135.077
135.092
135.106
135.121
135.137
135.152
135.167
135.183
135.198
135.214
135.23
135.246
135.263
135.279
135.296
135.313
135.33
135.347
135.365
135.382
135.4
135.418
135.436
135.454
135.473
135.491
135.51
135.529
135.548
135.567
135.586
135.605
135.624
135.644
135.663
135.683
135.702
135.722
135.742
135.761
135.781
135.801
135.82
135.84
135.86
135.879
135.899
135.918
135.938
135.957
135.976
135.996
136.015
136.034
136.053
136.072
136.09
136.109
136.127
136.146
136.164
136.182
136.2
136.218
136.236
136.253
136.271
136.288
136.306
136.323
136.34
136.356
136.373
136.39
136.406
136.423
136.439
136.455
136.471
136.487
136.502
136.518
136.534
136.549
136.564
136.579
136.595
136.61
136.624
136.639
136.654
136.669
136.683
136.697
136.712
136.726
136.74
136.754
136.768
136.782
136.796
136.809
136.823
136.836
136.85
136.863
136.876
136.889
136.902
136.915
136.927
136.94
136.952
136.964
136.976
136.988
137
137.012
137.023
137.035
137.046
137.057
137.067
137.078
137.088
137.098
137.108
137.118
137.128
137.137
137.146
137.155
137.163
137.171
137.179
137.187
137.194
137.202
137.208
137.215
137.221
137.227
137.232
137.238
137.243
137.247
137.251
137.255
137.258
137.262
137.264
137.267
137.268
137.27
137.271
137.272
137.272
137.272
137.271
137.27
137.269
137.267
137.265
137.262
137.258
137.255
137.25
137.246
137.241
137.235
137.229
137.222
137.215
137.207
137.199
137.19
137.181
137.171
137.161
137.15
137.139
137.127
137.114
137.101
137.087
137.073
137.058
137.043
137.027
137.01
136.993
136.975
136.957
136.938
136.918
136.898
136.877
136.856
136.834
136.811
136.787
136.763
136.739
136.713
136.687
136.66
136.633
136.605
136.576
136.547
136.517
136.486
136.454
136.422
136.389
136.356
136.321
136.287
136.251
136.215
136.178
136.14
136.102
136.063
136.023
135.983
135.942
135.9
135.858
135.815
135.772
135.728
135.683
135.638
135.592
135.546
135.499
135.451
135.404
135.355
135.306
135.257
135.207
135.157
135.107
135.056
135.005
134.954
134.902
134.85
134.798
134.746
134.694
134.642
134.589
134.537
134.484
134.432
134.379
134.327
134.275
134.223
134.172
134.12
134.069
134.019
133.968
133.919
133.869
133.82
133.772
133.724
133.677
133.631
133.585
133.54
133.496
133.452
133.41
133.368
133.327
133.287
133.248
133.21
133.173
133.137
133.101
133.067
133.034
133.003
132.972
132.942
132.914
132.886
132.86
132.835
132.81
132.788
132.766
132.745
132.725
132.707
132.69
132.673
132.658
132.644
132.631
132.619
132.608
132.598
132.589
132.581
132.574
132.568
132.562
132.558
132.554
132.551
132.549
132.548
132.547
132.548
132.548
132.55
132.552
132.555
132.558
132.562
132.566
132.571
132.576
132.581
132.587
132.594
132.6
132.607
132.614
132.622
132.63
132.638
132.646
132.654
132.663
132.672
132.68
132.689
132.698
132.707
132.717
132.726
132.735
132.744
132.754
132.763
132.772
132.782
132.791
132.8
132.81
132.819
132.828
132.837
132.847
132.856
132.865
132.874
132.883
132.892
132.901
132.91
132.919
132.928
132.937
132.947
132.956
132.965
132.974
132.983
132.992
133.001
133.011
133.02
133.029
133.039
133.048
133.058
133.068
133.078
133.088
133.098
133.108
133.118
133.129
133.139
133.15
133.161
133.172
133.184
133.195
133.207
133.219
133.231
133.243
133.256
133.269
133.282
133.295
133.309
133.322
133.336
133.35
133.365
133.38
133.395
133.41
133.425
133.441
133.457
133.474
133.49
133.507
133.524
133.542
133.56
133.578
133.596
133.614
133.633
133.653
133.672
133.692
133.712
133.732
133.753
133.773
133.795
133.816
133.838
133.86
133.882
133.904
133.927
133.95
133.974
133.997
134.021
134.045
134.069
134.094
134.119
134.144
134.169
134.194
134.22
134.246
134.272
134.298
134.325
134.351
134.378
134.405
134.432
134.459
134.487
134.514
134.542
134.57
134.598
134.626
134.654
134.682
134.71
134.739
134.767
134.796
134.824
134.853
134.881
134.91
134.938
134.967
134.995
135.024
135.052
135.081
135.109
135.137
135.166
135.194
135.222
135.25
135.278
135.306
135.333
135.361
135.388
135.416
135.443
135.47
135.497
135.523
135.55
135.576
135.602
135.628
135.653
135.679
135.704
135.729
135.754
135.778
135.802
135.826
135.85
135.873
135.897
135.919
135.942
135.964
135.986
136.008
136.029
136.05
136.071
136.091
136.112
136.131
136.151
136.17
136.188
136.206
136.224
136.242
136.259
136.276
136.292
136.308
136.323
136.338
136.353
136.367
136.381
136.394
136.407
136.419
136.431
136.442
136.453
136.463
136.473
136.482
136.491
136.499
136.506
136.513
136.519
136.525
136.529
136.534
136.537
136.54
136.542
136.543
136.544
136.544
136.543
136.541
136.538
136.535
136.53
136.525
136.519
136.511
136.503
136.493
136.483
136.471
136.459
136.445
136.43
136.413
136.396
136.377
136.357
136.335
136.312
136.287
136.261
136.233
136.204
136.173
136.14
136.106
136.07
136.032
135.992
135.95
135.906
135.861
135.813
135.763
135.71
135.656
135.599
135.54
135.479
135.415
135.349
135.28
135.209
135.135
135.059
134.98
134.898
134.814
134.727
134.637
134.545
134.449
134.351
134.251
134.147
134.041
133.932
133.82
133.706
133.589
133.47
133.348
133.223
133.097
132.967
132.836
132.703
132.567
132.43
132.291
132.151
132.009
131.865
131.721
131.575
131.429
131.282
131.134
130.987
130.839
130.692
130.545
130.398
130.253
130.108
129.965
129.823
129.683
129.545
129.409
129.276
129.145
129.017
128.892
128.771
128.653
128.538
128.428
128.322
128.219
128.122
128.028
127.94
127.856
127.778
127.704
127.636
127.574
127.517
127.465
127.419
127.379
127.345
127.317
127.295
127.28
127.27
127.266
127.269
127.278
127.293
127.315
127.343
127.377
127.417
127.463
127.515
127.573
127.637
127.707
127.782
127.863
127.949
128.04
128.137
128.238
128.344
128.454
128.568
128.687
128.809
128.934
129.063
129.195
129.329
129.466
129.605
129.747
129.89
130.034
130.18
130.326
130.474
130.622
130.77
130.918
131.067
131.214
131.362
131.509
131.655
131.8
131.943
132.086
132.227
132.367
132.505
132.641
132.776
132.908
133.039
133.168
133.295
133.419
133.542
133.662
133.78
133.896
134.01
134.122
134.231
134.338
134.443
134.546
134.647
134.745
134.842
134.936
135.028
135.119
135.207
135.293
135.377
135.46
135.54
135.619
135.696
135.771
135.845
135.916
135.986
136.055
136.122
136.187
136.251
136.314
136.375
136.434
136.492
136.549
136.605
136.659
136.712
136.764
136.815
136.865
136.913
136.961
137.007
137.052
137.097
137.14
137.182
137.224
137.265
137.304
137.343
137.381
137.418
137.455
137.491
137.525
137.56
137.593
137.626
137.658
137.689
137.72
137.75
137.779
137.808
137.836
137.864
137.891
137.917
137.943
137.969
137.994
138.018
138.042
138.065
138.088
138.11
138.132
138.153
138.174
138.194
138.214
138.233
138.252
138.271
138.289
138.306
138.324
138.34
138.356
138.372
138.388
138.403
138.417
138.431
138.445
138.458
138.471
138.483
138.495
138.506
138.517
138.527
138.537
138.547
138.556
138.564
138.572
138.58
138.587
138.593
138.599
138.605
138.61
138.614
138.618
138.621
138.624
138.626
138.628
138.628
138.629
138.628
138.627
138.626
138.623
138.62
138.617
138.612
138.607
138.601
138.594
138.587
138.578
138.569
138.559
138.548
138.536
138.523
138.51
138.495
138.48
138.463
138.445
138.427
138.407
138.386
138.364
138.341
138.317
138.291
138.265
138.237
138.207
138.177
138.145
138.112
138.077
138.041
138.003
137.964
137.924
137.882
137.838
137.793
137.746
137.698
137.648
137.596
137.543
137.487
137.43
137.372
137.311
137.248
137.184
137.118
137.05
136.98
136.908
136.834
136.758
136.681
136.601
136.519
136.436
136.35
136.263
136.173
136.082
135.989
135.894
135.797
135.698
135.597
135.495
135.391
135.285
135.178
135.069
134.959
134.847
134.734
134.619
134.504
134.387
134.27
134.151
134.032
133.912
133.791
133.67
133.548
133.427
133.305
133.183
133.062
132.94
132.82
132.7
132.58
132.462
132.345
132.228
132.114
132
131.889
131.779
131.671
131.565
131.461
131.359
131.26
131.164
131.07
130.979
130.891
130.806
130.724
130.645
130.569
130.497
130.427
130.362
130.3
130.241
130.186
130.134
130.086
130.042
130.001
129.964
129.931
129.901
129.875
129.852
129.833
129.818
129.807
129.798
129.794
129.793
129.795
129.801
129.811
129.823
129.839
129.859
129.881
129.907
129.936
129.968
130.003
130.041
130.082
130.126
130.173
130.222
130.274
130.329
130.386
130.446
130.508
130.572
130.638
130.707
130.777
130.85
130.924
131
131.078
131.157
131.238
131.32
131.404
131.488
131.574
131.66
131.748
131.836
131.924
132.014
132.103
132.194
132.284
132.375
132.465
132.556
132.647
132.737
132.827
132.917
133.007
133.096
133.185
133.273
133.361
133.447
133.534
133.619
133.704
133.787
133.87
133.952
134.033
134.113
134.192
134.27
134.347
134.424
134.498
134.572
134.645
134.717
134.788
134.857
134.926
134.993
135.059
135.125
135.189
135.252
135.314
135.375
135.435
135.494
135.552
135.609
135.665
135.72
135.774
135.827
135.88
135.931
135.981
136.031
136.079
136.127
136.174
136.22
136.265
136.31
136.353
136.396
136.438
136.48
136.52
136.56
136.599
136.638
136.675
136.712
136.749
136.784
136.819
136.853
136.887
136.92
136.952
136.983
137.014
137.044
137.074
137.103
137.131
137.159
137.185
137.212
137.237
137.262
137.286
137.309
137.332
137.354
137.375
137.395
137.415
137.434
137.452
137.47
137.486
137.502
137.517
137.531
137.544
137.556
137.567
137.577
137.587
137.595
137.602
137.608
137.614
137.618
137.621
137.623
137.623
137.623
137.621
137.618
137.613
137.607
137.6
137.592
137.582
137.57
137.557
137.543
137.527
137.509
137.49
137.469
137.446
137.422
137.395
137.368
137.338
137.306
137.273
137.238
137.201
137.162
137.121
137.078
137.034
136.988
136.939
136.889
136.837
136.784
136.728
136.671
136.613
136.553
136.491
136.428
136.364
136.298
136.232
136.164
136.096
136.026
135.957
135.887
135.816
135.746
135.676
135.606
135.537
135.469
135.401
135.335
135.27
135.207
135.147
135.088
135.031
134.978
134.927
134.88
134.836
134.795
134.759
134.726
134.698
134.674
134.655
134.641
134.631
134.627
134.628
134.634
134.645
134.661
134.683
134.71
134.742
134.78
134.823
134.87
134.923
134.981
135.043
135.109
135.18
135.256
135.335
135.417
135.503
135.593
135.685
135.78
135.878
135.977
136.079
136.183
136.288
136.394
136.501
136.609
136.717
136.826
136.935
137.044
137.152
137.26
137.367
137.474
137.579
137.684
137.787
137.889
137.99
138.089
138.186
138.281
138.375
138.467
138.557
138.645
138.731
138.815
138.897
138.977
139.055
139.131
139.205
139.277
139.347
139.414
139.48
139.544
139.605
139.665
139.723
139.779
139.833
139.885
139.936
139.984
140.032
140.077
140.121
140.163
140.203
140.242
140.28
140.316
140.351
140.385
140.417
140.447
140.477
140.506
140.533
140.559
140.584
140.608
140.631
140.653
140.674
140.694
140.713
140.732
140.749
140.766
140.782
140.797
140.811
140.825
140.838
140.851
140.862
140.874
140.884
140.894
140.904
140.913
140.921
140.929
140.937
140.944
140.951
140.957
140.963
140.968
140.974
140.978
140.983
140.987
140.991
140.994
140.997
141
141.003
141.005
141.007
141.009
141.011
141.012
141.013
141.014
141.015
141.015
141.016
141.016
141.016
141.016
141.015
141.015
141.014
141.013
141.012
141.011
141.009
141.008
141.006
141.004
141.002
141
140.998
140.995
140.993
140.99
140.987
140.984
140.981
140.978
140.974
140.971
140.967
140.963
140.959
140.955
140.951
140.946
140.941
140.936
140.931
140.926
140.92
140.915
140.909
140.903
140.896
140.89
140.883
140.876
140.869
140.861
140.854
140.846
140.837
140.829
140.82
140.81
140.801
140.791
140.781
140.77
140.759
140.748
140.736
140.724
140.712
140.699
140.686
140.672
140.658
140.643
140.628
140.613
140.597
140.58
140.563
140.546
140.528
140.509
140.49
140.47
140.45
140.429
140.408
140.386
140.364
140.34
140.317
140.292
140.268
140.242
140.216
140.189
140.162
140.134
140.106
140.077
140.047
140.017
139.986
139.954
139.922
139.89
139.857
139.823
139.789
139.755
139.72
139.685
139.649
139.613
139.576
139.539
139.502
139.465
139.427
139.389
139.351
139.313
139.275
139.236
139.198
139.16
139.122
139.084
139.046
139.008
138.971
138.934
138.897
138.861
138.825
138.789
138.755
138.721
138.687
138.654
138.622
138.591
138.561
138.531
138.503
138.475
138.448
138.423
138.398
138.375
138.352
138.331
138.311
138.292
138.275
138.258
138.243
138.229
138.216
138.205
138.194
138.185
138.177
138.171
138.165
138.161
138.158
138.155
138.154
138.154
138.155
138.157
138.16
138.164
138.169
138.174
138.18
138.187
138.195
138.203
138.212
138.221
138.231
138.242
138.252
138.263
138.275
138.286
138.298
138.31
138.322
138.335
138.347
138.359
138.371
138.383
138.395
138.407
138.419
138.43
138.441
138.452
138.463
138.473
138.483
138.493
138.502
138.511
138.52
138.528
138.536
138.543
138.55
138.556
138.563
138.568
138.574
138.579
138.583
138.587
138.591
138.594
138.597
138.6
138.603
138.605
138.607
138.608
138.61
138.611
138.612
138.612
138.613
138.613
138.614
138.614
138.614
138.615
138.615
138.615
138.616
138.616
138.617
138.617
138.618
138.619
138.62
138.622
138.624
138.626
138.628
138.631
138.634
138.637
138.641
138.646
138.651
138.656
138.662
138.668
138.675
138.683
138.691
138.699
138.709
138.719
138.729
138.741
138.753
138.765
138.779
138.793
138.808
138.823
138.839
138.856
138.874
138.893
138.912
138.932
138.953
138.974
138.997
139.02
139.044
139.068
139.093
139.119
139.146
139.174
139.202
139.231
139.26
139.291
139.322
139.353
139.386
139.418
139.452
139.486
139.521
139.556
139.592
139.628
139.665
139.702
139.74
139.778
139.817
139.856
139.896
139.936
139.976
140.017
140.058
140.099
140.141
140.182
140.224
140.267
140.309
140.351
140.394
140.437
140.48
140.523
140.566
140.609
140.652
140.695
140.739
140.782
140.825
140.868
140.91
140.953
140.996
141.038
141.08
141.122
141.164
141.205
141.247
141.288
141.328
141.369
141.409
141.449
141.488
141.527
141.566
141.604
141.642
141.679
141.716
141.752
141.788
141.824
141.859
141.893
141.927
141.96
141.993
142.025
142.057
142.088
142.119
142.148
142.178
142.206
142.234
142.261
142.288
142.314
142.339
142.364
142.387
142.41
142.433
142.454
142.475
142.495
142.515
142.533
142.551
142.568
142.585
142.6
142.615
142.629
142.642
142.654
142.666
142.677
142.687
142.696
142.704
142.712
142.719
142.725
142.73
142.734
142.738
142.741
142.743
142.745
142.745
142.745
142.744
142.743
142.74
142.737
142.734
142.73
142.725
142.719
142.713
142.706
142.699
142.691
142.683
142.674
142.665
142.656
142.646
142.635
142.624
142.613
142.602
142.591
142.579
142.567
142.555
142.543
142.531
142.519
142.507
142.495
142.483
142.471
142.46
142.449
142.437
142.427
142.416
142.406
142.397
142.387
142.379
142.37
142.363
142.356
142.349
142.343
142.338
142.333
142.329
142.326
142.323
142.321
142.32
142.32
142.32
142.321
142.323
142.326
142.329
142.333
142.337
142.342
142.348
142.355
142.362
142.37
142.378
142.387
142.396
142.406
142.416
142.427
142.437
142.449
142.46
142.472
142.483
142.495
142.507
142.519
142.531
142.542
142.554
142.565
142.576
142.587
142.598
142.608
142.617
142.626
142.635
142.643
142.651
142.657
142.663
142.669
142.673
142.677
142.68
142.682
142.683
142.684
142.683
142.681
142.679
142.675
142.671
142.665
142.659
142.651
142.643
142.633
142.623
142.611
142.599
142.586
142.572
142.556
142.54
142.524
142.506
142.488
142.468
142.449
142.428
142.407
142.385
142.363
142.34
142.317
142.294
142.27
142.246
142.222
142.197
142.173
142.148
142.124
142.1
142.076
142.052
142.028
142.005
141.982
141.96
141.938
141.916
141.896
141.876
141.857
141.838
141.821
141.804
141.788
141.773
141.759
141.746
141.734
141.723
141.713
141.705
141.697
141.691
141.685
141.681
141.678
141.676
141.675
141.675
141.676
141.678
141.681
141.685
141.691
141.697
141.704
141.711
141.72
141.73
141.74
141.75
141.762
141.774
141.787
141.8
141.813
141.827
141.841
141.855
141.87
141.885
141.9
141.915
141.93
141.944
141.959
141.974
141.988
142.002
142.016
142.029
142.042
142.054
142.066
142.077
142.088
142.098
142.108
142.116
142.124
142.131
142.137
142.143
142.147
142.151
142.153
142.155
142.156
142.155
142.154
142.151
142.147
142.142
142.137
142.13
142.121
142.112
142.101
142.09
142.077
142.063
142.047
142.031
142.013
141.995
141.975
141.953
141.931
141.908
141.883
141.857
141.831
141.803
141.774
141.744
141.713
141.68
141.647
141.613
141.578
141.543
141.506
141.468
141.43
141.391
141.351
141.311
141.27
141.228
141.186
141.144
141.101
141.057
141.014
140.97
140.926
140.881
140.837
140.793
140.748
140.704
140.66
140.616
140.572
140.529
140.486
140.444
140.402
140.361
140.321
140.281
140.242
140.204
140.167
140.131
140.096
140.062
140.029
139.997
139.967
139.938
139.91
139.883
139.858
139.835
139.813
139.792
139.773
139.756
139.74
139.726
139.714
139.703
139.693
139.686
139.68
139.676
139.673
139.672
139.673
139.675
139.679
139.685
139.692
139.701
139.711
139.723
139.736
139.75
139.766
139.784
139.802
139.822
139.843
139.866
139.889
139.914
139.939
139.966
139.994
140.022
140.051
140.081
140.112
140.144
140.176
140.208
140.242
140.275
140.309
140.344
140.379
140.414
140.449
140.485
140.52
140.556
140.591
140.627
140.663
140.698
140.733
140.768
140.803
140.837
140.871
140.904
140.937
140.97
141.001
141.033
141.063
141.093
141.122
141.151
141.178
141.205
141.231
141.256
141.279
141.302
141.324
141.344
141.364
141.382
141.399
141.415
141.43
141.443
141.455
141.465
141.474
141.482
141.488
141.493
141.497
141.499
141.499
141.498
141.495
141.491
141.486
141.478
141.47
141.459
141.448
141.434
141.42
141.404
141.386
141.367
141.347
141.325
141.302
141.278
141.252
141.226
141.198
141.169
141.14
141.109
141.078
141.046
141.014
140.981
140.948
140.914
140.88
140.846
140.813
140.779
140.746
140.713
140.68
140.649
140.618
140.588
140.559
140.532
140.505
140.48
140.457
140.436
140.416
140.398
140.382
140.369
140.357
140.348
140.341
140.337
140.335
140.336
140.339
140.346
140.354
140.366
140.38
140.397
140.417
140.439
140.464
140.492
140.522
140.555
140.59
140.627
140.667
140.709
140.753
140.799
140.847
140.896
140.948
141
141.055
141.11
141.167
141.225
141.283
141.343
141.403
141.464
141.525
141.586
141.648
141.709
141.771
141.832
141.894
141.954
142.015
142.075
142.134
142.192
142.25
142.307
142.363
142.418
142.472
142.525
142.577
142.627
142.676
142.725
142.771
142.817
142.861
142.903
142.945
142.984
143.023
143.06
143.095
143.13
143.162
143.193
143.223
143.252
143.278
143.304
143.328
143.351
143.372
143.392
143.411
143.428
143.444
143.458
143.471
143.483
143.494
143.504
143.512
143.519
143.525
143.53
143.533
143.536
143.537
143.538
143.537
143.535
143.532
143.529
143.524
143.518
143.512
143.504
143.496
143.486
143.476
143.465
143.453
143.441
143.428
143.413
143.399
143.383
143.367
143.35
143.332
143.314
143.295
143.275
143.255
143.234
143.213
143.191
143.168
143.145
143.122
143.098
143.073
143.048
143.023
142.997
142.971
142.944
142.917
142.89
142.862
142.834
142.805
142.776
142.747
142.718
142.688
142.658
142.628
142.598
142.567
142.536
142.505
142.474
142.442
142.411
142.379
142.347
142.315
142.283
142.251
142.219
142.187
142.155
142.123
142.091
142.058
142.026
141.994
141.962
141.931
141.899
141.867
141.836
141.804
141.773
141.742
141.712
141.681
141.651
141.621
141.592
141.563
141.534
141.505
141.477
141.449
141.422
141.395
141.369
141.343
141.318
141.293
141.269
141.245
141.222
141.199
141.177
141.156
141.136
141.116
141.097
141.078
141.061
141.044
141.027
141.012
140.998
140.984
140.971
140.959
140.948
140.937
140.928
140.919
140.912
140.905
140.899
140.894
140.89
140.887
140.885
140.884
140.884
140.885
140.886
140.889
140.893
140.897
140.902
140.909
140.916
140.924
140.933
140.943
140.953
140.965
140.977
140.99
141.004
141.019
141.034
141.05
141.067
141.084
141.102
141.121
141.14
141.16
141.181
141.202
141.223
141.245
141.268
141.29
141.314
141.337
141.361
141.385
141.41
141.435
141.459
141.485
141.51
141.535
141.561
141.587
141.612
141.638
141.664
141.69
141.715
141.741
141.766
141.792
141.817
141.842
141.868
141.892
141.917
141.942
141.966
141.99
142.014
142.037
142.06
142.083
142.106
142.128
142.15
142.172
142.193
142.214
142.235
142.255
142.275
142.295
142.314
142.333
142.351
142.37
142.388
142.405
142.422
142.439
142.456
142.472
142.488
142.503
142.518
142.533
142.548
142.562
142.576
142.589
142.603
142.616
142.628
142.641
142.653
142.665
142.677
142.688
142.699
142.71
142.721
142.732
142.742
142.752
142.762
142.772
142.782
142.791
142.8
142.809
142.818
142.827
142.835
142.843
142.852
142.86
142.867
142.875
142.882
142.89
142.897
142.904
142.911
142.918
142.924
142.93
142.936
142.942
142.948
142.954
142.959
142.964
142.969
142.974
142.979
142.983
142.987
142.991
142.995
142.998
143.001
143.004
143.006
143.009
143.01
143.012
143.013
143.014
143.015
143.015
143.015
143.014
143.013
143.012
143.01
143.007
143.005
143.002
142.998
142.994
142.989
142.984
142.978
142.972
142.965
142.957
142.949
142.941
142.931
142.922
142.911
142.9
142.888
142.875
142.862
142.848
142.833
142.818
142.801
142.784
142.767
142.748
142.728
142.708
142.687
142.665
142.642
142.618
142.594
142.568
142.541
142.514
142.485
142.456
142.426
142.394
142.362
142.329
142.294
142.259
142.223
142.185
142.147
142.107
142.067
142.026
141.983
141.939
141.895
141.849
141.803
141.755
141.706
141.657
141.606
141.554
141.502
141.448
141.394
141.339
141.282
141.225
141.168
141.109
141.05
140.99
140.929
140.868
140.806
140.743
140.68
140.617
140.553
140.489
140.425
140.36
140.296
140.231
140.167
140.102
140.038
139.973
139.91
139.846
139.783
139.721
139.659
139.598
139.538
139.479
139.421
139.364
139.308
139.253
139.2
139.148
139.098
139.05
139.003
138.958
138.915
138.873
138.834
138.797
138.762
138.729
138.698
138.67
138.644
138.62
138.599
138.58
138.563
138.549
138.538
138.529
138.522
138.518
138.516
138.517
138.52
138.526
138.533
138.544
138.556
138.57
138.587
138.606
138.626
138.649
138.674
138.7
138.728
138.758
138.789
138.821
138.855
138.891
138.927
138.965
139.004
139.043
139.084
139.125
139.167
139.21
139.253
139.297
139.341
139.385
139.429
139.474
139.519
139.563
139.608
139.653
139.697
139.741
139.785
139.828
139.871
139.914
139.956
139.998
140.039
140.08
140.119
140.159
140.197
140.235
140.272
140.309
140.344
140.379
140.413
140.447
140.479
140.511
140.542
140.572
140.602
140.63
140.658
140.685
140.711
140.736
140.761
140.785
140.808
140.83
140.852
140.873
140.893
140.913
140.931
140.95
140.967
140.984
141.001
141.016
141.032
141.046
141.061
141.074
141.088
141.1
141.113
141.124
141.136
141.147
141.158
141.168
141.178
141.188
141.197
141.207
141.216
141.224
141.233
141.241
141.249
141.257
141.265
141.273
141.28
141.287
141.295
141.302
141.309
141.316
141.323
141.33
141.337
141.344
141.351
141.358
141.365
141.372
141.379
141.386
141.393
141.4
141.407
141.414
141.422
141.429
141.436
141.444
141.451
141.459
141.466
141.474
141.482
141.49
141.498
141.505
141.513
141.522
141.53
141.538
141.546
141.554
141.563
141.571
141.58
141.588
141.597
141.605
141.614
141.622
141.631
141.64
141.648
141.657
141.665
141.674
141.683
141.691
141.7
141.708
141.716
141.725
141.733
141.741
141.75
141.758
141.766
141.774
141.781
141.789
141.797
141.804
141.812
141.819
141.826
141.833
141.84
141.846
141.853
141.859
141.865
141.871
141.877
141.883
141.888
141.893
141.898
141.903
141.908
141.912
141.916
141.92
141.924
141.927
141.93
141.933
141.936
141.938
141.94
141.942
141.944
141.945
141.946
141.947
141.947
141.947
141.947
141.947
141.946
141.945
141.944
141.942
141.94
141.938
141.935
141.932
141.929
141.925
141.921
141.917
141.912
141.907
141.902
141.897
141.891
141.884
141.878
141.871
141.864
141.856
141.848
141.84
141.831
141.823
141.813
141.804
141.794
141.784
141.773
141.763
141.752
141.74
141.728
141.717
141.704
141.692
141.679
141.666
141.652
141.639
141.625
141.611
141.596
141.582
141.567
141.552
141.536
141.521
141.505
141.489
141.473
141.457
141.44
141.423
141.407
141.39
141.373
141.355
141.338
141.32
141.303
141.285
141.267
141.25
141.232
141.214
141.195
141.177
141.159
141.141
141.123
141.105
141.086
141.068
141.05
141.031
141.013
140.995
140.977
140.958
140.94
140.922
140.904
140.886
140.868
140.85
140.832
140.814
140.796
140.778
140.761
140.743
140.725
140.708
140.69
140.672
140.655
140.637
140.62
140.603
140.585
140.568
140.551
140.533
140.516
140.499
140.481
140.464
140.447
140.429
140.412
140.395
140.377
140.36
140.342
140.325
140.307
140.289
140.272
140.254
140.236
140.219
140.201
140.183
140.165
140.147
140.128
140.11
140.092
140.074
140.055
140.037
140.019
140
139.982
139.963
139.945
139.926
139.908
139.889
139.871
139.853
139.834
139.816
139.798
139.78
139.762
139.744
139.727
139.71
139.692
139.675
139.659
139.642
139.626
139.61
139.594
139.579
139.564
139.55
139.536
139.522
139.509
139.496
139.483
139.471
139.46
139.449
139.439
139.429
139.419
139.411
139.402
139.395
139.388
139.381
139.375
139.37
139.365
139.361
139.357
139.354
139.352
139.35
139.349
139.348
139.347
139.348
139.348
139.35
139.351
139.353
139.356
139.359
139.362
139.366
139.37
139.374
139.379
139.383
139.388
139.394
139.399
139.404
139.41
139.415
139.421
139.427
139.432
139.438
139.443
139.448
139.453
139.458
139.463
139.467
139.471
139.475
139.478
139.481
139.484
139.486
139.488
139.489
139.49
139.49
139.49
139.489
139.487
139.485
139.482
139.478
139.474
139.469
139.464
139.457
139.45
139.442
139.433
139.424
139.414
139.403
139.391
139.378
139.364
139.35
139.335
139.319
139.302
139.284
139.265
139.246
139.225
139.204
139.182
139.159
139.135
139.11
139.085
139.059
139.031
139.003
138.974
138.945
138.914
138.883
138.851
138.818
138.784
138.75
138.715
138.679
138.643
138.606
138.568
138.529
138.49
138.451
138.411
138.37
138.329
138.287
138.245
138.202
138.16
138.116
138.073
138.029
137.985
137.941
137.897
137.852
137.808
137.763
137.719
137.674
137.63
137.586
137.543
137.499
137.456
137.413
137.371
137.329
137.288
137.248
137.208
137.169
137.131
137.094
137.057
137.022
136.988
136.954
136.922
136.891
136.862
136.834
136.807
136.781
136.757
136.735
136.714
136.694
136.677
136.661
136.646
136.634
136.623
136.614
136.606
136.601
136.597
136.595
136.596
136.597
136.601
136.607
136.614
136.624
136.635
136.648
136.662
136.679
136.697
136.717
136.738
136.761
136.786
136.813
136.84
136.87
136.9
136.933
136.966
137.001
137.037
137.074
137.112
137.151
137.191
137.232
137.274
137.317
137.36
137.405
137.449
137.495
137.54
137.587
137.633
137.68
137.727
137.775
137.822
137.87
137.917
137.965
138.012
138.06
138.107
138.154
138.201
138.247
138.293
138.339
138.384
138.429
138.474
138.518
138.561
138.604
138.646
138.688
138.729
138.769
138.809
138.848
138.887
138.925
138.962
138.998
139.034
139.069
139.103
139.136
139.169
139.201
139.233
139.263
139.293
139.322
139.351
139.379
139.406
139.433
139.459
139.484
139.508
139.532
139.556
139.578
139.601
139.622
139.643
139.663
139.683
139.702
139.721
139.739
139.757
139.774
139.79
139.807
139.822
139.837
139.852
139.866
139.88
139.893
139.906
139.918
139.93
139.941
139.952
139.963
139.973
139.983
139.993
140.002
140.01
140.019
140.027
140.034
140.041
140.048
140.055
140.061
140.067
140.073
140.078
140.083
140.087
140.092
140.096
140.1
140.103
140.106
140.109
140.112
140.115
140.117
140.119
140.121
140.123
140.124
140.126
140.127
140.128
140.129
140.13
140.13
140.131
140.131
140.131
140.131
140.131
140.132
140.131
140.131
140.131
140.131
140.131
140.131
140.13
140.13
140.13
140.13
140.129
140.129
140.129
140.129
140.129
140.129
140.129
140.129
140.13
140.13
140.13
140.131
140.131
140.132
140.133
140.133
140.134
140.136
140.137
140.138
140.139
140.141
140.143
140.144
140.146
140.148
140.15
140.153
140.155
140.158
140.16
140.163
140.166
140.169
140.172
140.175
140.178
140.182
140.185
140.188
140.192
140.196
140.2
140.203
140.207
140.211
140.215
140.22
140.224
140.228
140.232
140.236
140.241
140.245
140.249
140.254
140.258
140.262
140.267
140.271
140.275
140.279
140.283
140.288
140.292
140.296
140.3
140.303
140.307
140.311
140.315
140.318
140.322
140.325
140.328
140.331
140.334
140.337
140.34
140.343
140.345
140.348
140.35
140.352
140.354
140.356
140.358
140.359
140.36
140.362
140.363
140.364
140.365
140.365
140.366
140.366
140.366
140.367
140.367
140.366
140.366
140.366
140.365
140.364
140.364
140.363
140.362
140.36
140.359
140.358
140.356
140.355
140.353
140.351
140.349
140.347
140.345
140.343
140.341
140.339
140.336
140.334
140.331
140.329
140.326
140.324
140.321
140.319
140.316
140.313
140.31
140.307
140.305
140.302
140.299
140.296
140.293
140.29
140.287
140.284
140.28
140.277
140.274
140.271
140.267
140.264
140.261
140.257
140.254
140.25
140.246
140.242
140.238
140.234
140.23
140.225
140.221
140.216
140.211
140.206
140.201
140.196
140.19
140.184
140.178
140.171
140.165
140.157
140.15
140.142
140.134
140.126
140.117
140.107
140.098
140.087
140.077
140.065
140.054
140.041
140.029
140.015
140.001
139.986
139.971
139.955
139.939
139.921
139.903
139.885
139.865
139.845
139.824
139.802
139.779
139.756
139.731
139.706
139.68
139.653
139.626
139.597
139.567
139.537
139.506
139.474
139.441
139.407
139.373
139.337
139.301
139.264
139.226
139.187
139.148
139.108
139.067
139.026
138.984
138.941
138.898
138.854
138.81
138.765
138.72
138.675
138.63
138.584
138.538
138.492
138.446
138.401
138.355
138.309
138.264
138.219
138.174
138.13
138.087
138.044
138.002
137.96
137.919
137.88
137.841
137.803
137.767
137.731
137.697
137.664
137.633
137.603
137.574
137.547
137.522
137.498
137.476
137.456
137.437
137.42
137.405
137.392
137.38
137.371
137.363
137.357
137.353
137.351
137.351
137.352
137.356
137.361
137.368
137.376
137.387
137.399
137.412
137.428
137.444
137.463
137.482
137.504
137.526
137.55
137.575
137.602
137.629
137.658
137.688
137.718
137.75
137.783
137.816
137.85
137.885
137.921
137.957
137.994
138.032
138.07
138.108
138.147
138.187
138.226
138.266
138.307
138.347
138.388
138.429
138.47
138.511
138.552
138.594
138.635
138.677
138.718
138.759
138.801
138.842
138.883
138.925
138.966
139.006
139.047
139.088
139.128
139.168
139.208
139.248
139.287
139.327
139.366
139.404
139.443
139.481
139.519
139.556
139.593
139.63
139.666
139.702
139.738
139.773
139.808
139.842
139.876
139.909
139.942
139.974
140.006
140.038
140.069
140.099
140.129
140.158
140.186
140.214
140.242
140.269
140.295
140.32
140.345
140.369
140.393
140.416
140.438
140.459
140.48
140.5
140.519
140.538
140.556
140.573
140.589
140.604
140.619
140.633
140.646
140.658
140.669
140.68
140.69
140.699
140.707
140.714
140.721
140.726
140.731
140.735
140.738
140.74
140.742
140.742
140.742
140.741
140.739
140.736
140.732
140.727
140.722
140.716
140.709
140.701
140.692
140.682
140.672
140.66
140.648
140.635
140.622
140.607
140.592
140.576
140.559
140.541
140.523
140.504
140.484
140.463
140.442
140.42
140.398
140.374
140.351
140.326
140.301
140.275
140.249
140.223
140.195
140.168
140.139
140.111
140.082
140.053
140.023
139.993
139.962
139.932
139.901
139.87
139.839
139.807
139.776
139.744
139.713
139.681
139.65
139.619
139.587
139.556
139.526
139.495
139.465
139.435
139.405
139.376
139.347
139.319
139.291
139.263
139.237
139.211
139.185
139.16
139.136
139.113
139.09
139.069
139.048
139.028
139.009
138.99
138.973
138.957
138.941
138.927
138.913
138.901
138.889
138.879
138.87
138.861
138.854
138.848
138.843
138.839
138.836
138.834
138.833
138.833
138.834
138.836
138.839
138.843
138.848
138.854
138.861
138.868
138.877
138.887
138.897
138.908
138.92
138.933
138.947
138.961
138.976
138.992
139.008
139.025
139.043
139.061
139.08
139.099
139.119
139.14
139.16
139.182
139.203
139.225
139.248
139.271
139.294
139.318
139.341
139.365
139.39
139.414
139.439
139.464
139.489
139.515
139.54
139.566
139.592
139.617
139.643
139.669
139.696
139.722
139.748
139.774
139.801
139.827
139.854
139.88
139.906
139.933
139.959
139.986
140.012
140.038
140.065
140.091
140.117
140.143
140.169
140.195
140.221
140.247
140.273
140.299
140.325
140.35
140.376
140.401
140.427
140.452
140.477
140.502
140.527
140.552
140.577
140.602
140.627
140.651
140.676
140.7
140.724
140.748
140.772
140.796
140.82
140.843
140.867
140.89
140.913
140.937
140.959
140.982
141.005
141.027
141.05
141.072
141.094
141.116
141.137
141.159
141.18
141.201
141.222
141.242
141.263
141.283
141.303
141.323
141.342
141.362
141.381
141.399
141.418
141.436
141.454
141.472
141.489
141.506
141.523
141.54
141.556
141.572
141.587
141.602
141.617
141.631
141.645
141.659
141.672
141.685
141.698
141.71
141.721
141.732
141.743
141.753
141.763
141.773
141.782
141.79
141.798
141.805
141.812
141.819
141.825
141.83
141.835
141.839
141.843
141.846
141.848
141.85
141.852
141.852
141.853
141.852
141.851
141.849
141.847
141.844
141.84
141.836
141.831
141.825
141.819
141.812
141.804
141.795
141.786
141.776
141.765
141.754
141.742
141.729
141.715
141.701
141.686
141.67
141.653
141.636
141.618
141.599
141.579
141.558
141.537
141.515
141.492
141.468
141.444
141.418
141.392
141.365
141.338
141.309
141.28
141.25
141.22
141.188
141.156
141.123
141.089
141.055
141.02
140.984
140.948
140.91
140.873
140.834
140.795
140.755
140.715
140.674
140.633
140.591
140.549
140.506
140.463
140.42
140.376
140.332
140.287
140.242
140.197
140.152
140.107
140.062
140.016
139.971
139.925
139.88
139.835
139.79
139.746
139.701
139.657
139.614
139.571
139.528
139.486
139.445
139.404
139.364
139.325
139.286
139.249
139.212
139.177
139.142
139.109
139.077
139.046
139.016
138.987
138.96
138.934
138.91
138.887
138.865
138.845
138.826
138.809
138.794
138.779
138.767
138.756
138.746
138.739
138.732
138.727
138.724
138.722
138.722
138.723
138.726
138.73
138.736
138.743
138.751
138.76
138.771
138.783
138.796
138.81
138.825
138.842
138.859
138.877
138.896
138.916
138.936
138.957
138.979
139.002
139.025
139.048
139.072
139.096
139.12
139.145
139.169
139.194
139.219
139.244
139.269
139.294
139.319
139.344
139.368
139.392
139.416
139.44
139.463
139.486
139.508
139.53
139.551
139.572
139.593
139.612
139.632
139.65
139.668
139.686
139.702
139.718
139.733
139.748
139.762
139.775
139.787
139.799
139.81
139.82
139.83
139.838
139.846
139.853
139.86
139.866
139.871
139.875
139.878
139.881
139.883
139.885
139.885
139.885
139.885
139.883
139.881
139.878
139.875
139.871
139.866
139.861
139.855
139.849
139.842
139.835
139.827
139.818
139.809
139.799
139.789
139.779
139.768
139.756
139.744
139.732
139.719
139.706
139.693
139.679
139.665
139.65
139.635
139.62
139.604
139.588
139.572
139.556
139.539
139.522
139.505
139.488
139.47
139.452
139.434
139.416
139.397
139.379
139.36
139.341
139.322
139.303
139.283
139.264
139.244
139.224
139.204
139.184
139.164
139.144
139.123
139.103
139.082
139.062
139.041
139.02
138.999
138.978
138.957
138.936
138.915
138.894
138.873
138.851
138.83
138.809
138.787
138.766
138.744
138.723
138.701
138.68
138.658
138.637
138.615
138.594
138.572
138.551
138.53
138.508
138.487
138.466
138.445
138.424
138.403
138.382
138.361
138.34
138.32
138.299
138.279
138.259
138.239
138.219
138.199
138.18
138.161
138.142
138.123
138.105
138.087
138.069
138.051
138.034
138.017
138
137.984
137.968
137.952
137.937
137.922
137.907
137.893
137.88
137.866
137.853
137.841
137.829
137.818
137.807
137.796
137.786
137.776
137.767
137.759
137.75
137.743
137.736
137.729
137.723
137.717
137.712
137.708
137.704
137.7
137.697
137.694
137.692
137.691
137.69
137.689
137.689
137.69
137.69
137.692
137.693
137.696
137.698
137.701
137.705
137.709
137.713
137.718
137.723
137.728
137.734
137.74
137.746
137.753
137.76
137.767
137.774
137.782
137.79
137.799
137.807
137.816
137.824
137.833
137.843
137.852
137.861
137.871
137.881
137.89
137.9
137.91
137.92
137.93
137.94
137.949
137.959
137.969
137.979
137.989
137.999
138.008
138.018
138.027
138.037
138.046
138.055
138.064
138.072
138.081
138.089
138.098
138.106
138.113
138.121
138.128
138.135
138.142
138.149
138.155
138.161
138.167
138.172
138.177
138.182
138.187
138.191
138.195
138.198
138.202
138.204
138.207
138.209
138.211
138.212
138.213
138.214
138.214
138.214
138.214
138.213
138.212
138.21
138.208
138.206
138.203
138.199
138.196
138.192
138.187
138.182
138.177
138.171
138.165
138.159
138.152
138.144
138.136
138.128
138.12
138.111
138.101
138.091
138.081
138.07
138.059
138.047
138.036
138.023
138.01
137.997
137.984
137.97
137.955
137.941
137.926
137.91
137.894
137.878
137.861
137.844
137.827
137.809
137.791
137.773
137.754
137.735
137.716
137.696
137.676
137.656
137.635
137.614
137.593
137.572
137.55
137.528
137.506
137.484
137.461
137.438
137.415
137.392
137.369
137.346
137.322
137.299
137.275
137.251
137.228
137.204
137.18
137.156
137.132
137.109
137.085
137.061
137.038
137.014
136.991
136.968
136.945
136.922
136.9
136.878
136.856
136.834
136.813
136.792
136.771
136.751
136.731
136.712
136.693
136.675
136.657
136.64
136.623
136.607
136.591
136.576
136.562
136.549
136.536
136.523
136.512
136.501
136.491
136.482
136.473
136.465
136.459
136.452
136.447
136.443
136.439
136.436
136.434
136.433
136.432
136.433
136.434
136.436
136.439
136.443
136.448
136.453
136.46
136.467
136.474
136.483
136.492
136.502
136.513
136.524
136.536
136.549
136.562
136.576
136.591
136.606
136.622
136.638
136.655
136.672
136.69
136.708
136.726
136.745
136.764
136.784
136.803
136.823
136.844
136.864
136.885
136.905
136.926
136.947
136.968
136.99
137.011
137.032
137.053
137.074
137.095
137.116
137.137
137.157
137.178
137.198
137.218
137.238
137.258
137.277
137.296
137.315
137.333
137.351
137.369
137.386
137.403
137.42
137.436
137.452
137.467
137.482
137.497
137.511
137.524
137.537
137.55
