-0.352686   0.15643   -0.461406
-0.4342   -0.312772   0.305125
0.321682   0.407633   0.136509
-0.221563   -0.195892   -0.372422
-0.0478294   0.222017   0.420349
0.36549   -0.282093   -0.322869
-0.484412   0.260666   0.205491
-0.188595   0.222641   -0.472476
0.433503   -0.0812364   0.37981
0.17507   -0.386172   0.27899
0.437181   -0.477836   0.174319
-0.247269   0.166065   0.476996
-0.421863   0.0521031   -0.0468723
-0.33741   -0.155296   0.113781
-0.0989028   0.388115   -0.112794
-0.135637   -0.115219   -0.443001
-0.317279   0.0860096   -0.424159
0.363511   0.0383129   0.0494214
0.361198   0.279106   -0.101245
0.206888   0.161044   0.0581285
0.30799   -0.041065   0.381211
0.0444943   -0.487221   0.204082
-0.425056   0.20324   -0.246339
-0.422053   0.23401   0.478996
0.233435   -0.0245462   0.279409
0.127076   0.122983   -0.454075
-0.198599   -0.459365   -0.491764
-0.319287   0.309032   0.32008
0.0905673   0.282571   0.44336
-0.443864   -0.05602   0.303689
0.390245   -0.0207616   0.211772
0.0818316   0.153625   0.323788
-0.0520631   0.474864   0.354846
0.466175   0.355548   0.35092
-0.214458   0.371734   -0.274502
0.128407   -0.187691   -0.413845
-0.465496   0.0245253   0.414144
0.0171646   0.279129   0.398781
0.175287   0.0134271   0.200533
0.253433   -0.101093   0.184999
0.100832   0.321188   -0.212517
0.437539   -0.0417967   0.13696
0.244749   -0.478561   0.243475
0.46421   -0.297945   0.274734
0.0734954   0.0109729   0.339204
0.114672   0.179886   -0.398878
-0.104311   -0.195345   -0.478567
-0.453586   -0.0242574   -0.0199439
0.387659   -0.350154   0.452208
0.0119877   0.27867   -0.0983938
-0.147928   0.316888   0.12094
-0.340812   0.0362076   0.47006
-0.322116   -0.221169   -0.264838
-0.261229   0.194852   0.0414008
0.366412   -0.314567   -0.393982
-0.468277   -0.0813845   0.379038
0.0379293   0.115084   -0.41434
-0.260678   -0.167887   0.0270276
0.489365   0.412748   -0.244263
0.468715   0.324472   0.153486
-0.434005   -0.185688   0.37689
-0.0640337   -0.409295   -0.281226
0.125677   0.258461   -0.333709
-0.330288   -0.0757984   -0.30111
0.485633   0.333632   -0.425541
-0.344799   0.274051   -0.264345
0.489078   -0.126578   0.156537
0.131789   -0.00511904   0.0252158
-0.325968   -0.26268   -0.337057
-0.344324   0.298444   -0.443978
0.0913741   0.259548   -0.0609112
-0.0261734   0.244714   0.492913
-0.256232   0.311891   0.478196
0.200407   0.0954879   0.496364
0.0517402   -0.0553635   0.416392
0.0597557   0.202534   0.473267
0.11851   -0.0365293   0.175789
-0.413034   0.478376   0.436585
-0.200999   0.360177   0.462624
0.253726   0.145474   0.440751
-0.291164   -0.248105   0.448632
-0.23485   -0.354886   -0.230382
-0.335216   -0.264539   -0.0327749
-0.476727   -0.374286   0.0452898
0.172024   -0.371486   0.159071
-0.0134553   0.464819   -0.132175
0.493581   0.112965   -0.462508
-0.253631   -0.190477   0.410622
0.17492   0.248738   -0.488774
0.331167   0.307449   -0.187954
-0.461799   -0.364206   0.455206
-0.444422   0.254513   -0.411498
0.0891838   0.463814   0.393867
-0.390913   -0.278764   -0.131326
0.483031   -0.415771   -0.205738
0.384439   0.253325   -0.432859
-0.254204   0.19512   -0.273518
0.055478   -0.0632459   -0.0915162
0.360207   -0.28956   -0.488483
0.106557   0.348977   -0.136225
0.350825   -0.0626836   0.0961668
0.173478   0.115934   0.156558
-0.331268   0.498279   -0.349696
-0.0698072   0.0537376   0.135702
-0.149206   0.0882275   0.327075
-0.184619   0.309699   -0.447555
-0.30677   -0.349934   0.464494
0.476965   -0.297722   -0.478334
