0 0 0
0.064633 0 0
0.129266 0 0
0.193899 0 0
0.258532 0 0
0.323165 0 0
0.387798 0 0
0.452431 0 0
0.517064 0 0
0.581697 0 0
0.64633 0 0
0.710963 0 0
0.775596 0 0
0.84023 0 0
0.904863 0.127006 0.00689007
0.969496 1.08412 0.0282166
1.03413 2.25085 0.0427629
1.09876 2.55341 0.0512283
1.16339 2.31317 0.0424016
1.22803 2.02476 0.0342866
1.29266 1.77804 0.0320589
1.35729 1.55905 0.0261931
1.42193 1.45563 0.0288132
1.48656 1.33697 0.0239862
1.55119 1.2392 0.0234062
1.61583 1.17276 0.0209522
1.68046 1.12773 0.0171814
1.74509 1.13228 0.0190104
1.80973 1.10948 0.0195554
1.87436 1.08008 0.0188152
1.93899 1.05915 0.0169182
2.00362 1.06397 0.0167406
2.06826 1.0896 0.0178908
2.13289 1.05677 0.0149045
2.19752 1.05319 0.0141504
2.26216 1.05341 0.0155069
2.32679 1.03352 0.0141646
2.39142 1.04151 0.013996
2.45606 1.03781 0.0117163
2.52069 1.04094 0.0124076
2.58532 1.01407 0.0117307
2.64995 1.01421 0.0119217
2.71459 1.01764 0.0117607
2.77922 1.01025 0.0129509
2.84385 0.99987 0.0116165
2.90849 1.00021 0.00991928
2.97312 1.00273 0.00944918
3.03775 1.00155 0.0116762
3.10239 1.01493 0.00989132
3.16702 1.00081 0.00935607
3.23165 1.00933 0.00939791
3.29629 1.00829 0.00834447
3.36092 1.01301 0.00798751
3.42555 1.00264 0.00893406
3.49018 1.00115 0.00936673
3.55482 0.98984 0.00875654
3.61945 0.996427 0.00907716
3.68408 0.995462 0.00846448
3.74872 0.974973 0.00784097
3.81335 0.965995 0.00805846
3.87798 0.970427 0.0079308
3.94262 0.978558 0.00682048
4.00725 0.981533 0.00776078
4.07188 0.977003 0.00725678
4.13651 0.982183 0.00758535
4.20115 0.978513 0.00779236
4.26578 0.985921 0.00771918
4.33041 0.977507 0.00683296
4.39505 0.975473 0.00663569
4.45968 0.975142 0.00676485
4.52431 0.973481 0.00703438
4.58895 0.980462 0.00717737
4.65358 0.978662 0.00613144
4.71821 0.98877 0.00574135
4.78285 0.97983 0.00664523
4.84748 0.984713 0.00661069
4.91211 0.98641 0.00672515
4.97674 0.980336 0.00621498
5.04138 0.97689 0.00579053
5.10601 0.973351 0.00582917
5.17064 0.981407 0.00556097
5.23528 0.977358 0.00572123
5.29991 0.983065 0.00564934
5.36454 0.988138 0.00563751
5.42918 0.98342 0.00525734
5.49381 0.99012 0.00496706
5.55844 0.995797 0.00544863
5.62307 0.994347 0.00521853
5.68771 0.991746 0.00493266
5.75234 0.997144 0.00488896
5.81697 0.990244 0.00456723
5.88161 0.991551 0.00506171
5.94624 0.992213 0.00512612
6.01087 0.989765 0.00399731
6.07551 0.997865 0.00496495
6.14014 0.998963 0.00429224
6.20477 0.999865 0.00538703
6.2694 1.00458 0.00530041
6.33404 1.00107 0.00453188
6.39867 1.00036 0.00430531
