           1  1.96381e+06  1.96381e+06            0
           2  2.21773e+06  2.09077e+06      89772.3
           3  2.23527e+06  2.13893e+06      71612.9
           4  2.21915e+06  2.15899e+06      56447.8
           5  2.18926e+06  2.16504e+06      45481.7
           6  2.25199e+06  2.17953e+06      40143.5
           7  2.22697e+06  2.18631e+06      34975.9
           8   2.0935e+06  2.17471e+06      32471.1
           9  2.49369e+06  2.21015e+06      44155.2
          10   2.1454e+06  2.20368e+06      40211.7
          11  2.26747e+06  2.20947e+06      36971.9
          12  2.35493e+06   2.2216e+06      35822.8
          13  2.14628e+06   2.2158e+06      33532.3
          14  2.26086e+06  2.21902e+06      31291.2
          15   2.5522e+06  2.24123e+06      36241.2
          16  2.32324e+06  2.24636e+06      34336.7
          17  2.12572e+06  2.23926e+06      33042.1
          18   2.3337e+06  2.24451e+06      31620.2
          19  2.11016e+06  2.23744e+06      30736.5
          20  2.34665e+06   2.2429e+06      29680.8
          21  2.37606e+06  2.24924e+06      28936.8
          22  2.14363e+06  2.24444e+06      28016.9
          23  2.11396e+06  2.23877e+06        27367
          24  1.89457e+06  2.22442e+06      29748.1
          25  2.43869e+06  2.23299e+06      29767.2
          26  2.16365e+06  2.23033e+06      28741.5
          27  2.13388e+06  2.22676e+06      27898.1
          28  2.30508e+06  2.22955e+06      27041.6
          29  1.97587e+06   2.2208e+06      27487.7
          30  2.17961e+06  2.21943e+06      26605.7
          31  2.28993e+06  2.22171e+06      25844.4
          32  1.98716e+06  2.21438e+06      26055.4
          33  2.22499e+06   2.2147e+06      25267.9
          34  2.19096e+06    2.214e+06      24534.3
          35  2.18154e+06  2.21307e+06      23850.9
          36  2.13585e+06  2.21093e+06      23284.6
          37  2.11729e+06   2.2084e+06      22792.4
          38  2.07037e+06  2.20476e+06      22480.2
          39  2.08651e+06  2.20173e+06      22107.3
          40  2.12512e+06  2.19982e+06      21637.5
          41  2.10204e+06  2.19743e+06      21240.7
          42  2.05626e+06  2.19407e+06      20999.2
          43  2.12426e+06  2.19245e+06      20573.5
          44  2.18379e+06  2.19225e+06      20106.9
          45  2.21172e+06  2.19268e+06      19664.7
          46  2.38441e+06  2.19685e+06        19674
          47   2.2278e+06  2.19751e+06      19266.4
          48   2.3654e+06  2.20101e+06      19179.9
          49  2.35007e+06  2.20405e+06      19028.2
          50  2.12945e+06  2.20256e+06        18706
          51  2.33074e+06  2.20507e+06      18507.3
          52  2.23822e+06  2.20571e+06      18162.4
          53  2.09467e+06  2.20361e+06      17940.1
          54  2.46002e+06  2.20836e+06      18225.4
          55  2.27227e+06  2.20952e+06      17931.1
          56   2.2288e+06  2.20987e+06      17614.2
          57  2.38353e+06  2.21291e+06      17566.7
          58  2.16024e+06  2.21201e+06      17287.3
          59  2.49018e+06  2.21672e+06      17625.5
          60  2.28846e+06  2.21792e+06      17372.2
          61  2.25954e+06   2.2186e+06      17100.8
          62  2.30947e+06  2.22006e+06      16887.7
          63  2.35241e+06  2.22217e+06      16749.8
          64  2.16567e+06  2.22128e+06      16511.3
          65  2.14768e+06  2.22015e+06      16296.1
          66  2.04541e+06   2.2175e+06      16262.8
          67   2.3757e+06  2.21986e+06      16190.6
          68  2.21208e+06  2.21975e+06      15952.9
          69  2.21657e+06   2.2197e+06      15721.8
          70  2.41349e+06  2.22247e+06        15739
          71  2.16673e+06  2.22169e+06      15536.9
          72  2.16327e+06  2.22088e+06      15342.3
          73  2.23125e+06  2.22102e+06      15132.8
          74  2.16186e+06  2.22022e+06      14949.4
          75  2.35732e+06  2.22205e+06      14861.4
          76  2.40172e+06  2.22441e+06      14852.7
          77  2.19377e+06  2.22401e+06      14665.2
          78  2.31166e+06  2.22514e+06      14520.1
          79  2.10642e+06  2.22363e+06      14413.9
          80  2.26317e+06  2.22413e+06      14242.2
          81  2.20133e+06  2.22385e+06      14069.1
          82  2.16555e+06  2.22313e+06      13915.5
          83  2.48426e+06  2.22628e+06        14099
          84  2.48436e+06  2.22935e+06        14262
          85  2.34101e+06  2.23067e+06      14154.6
          86  2.24394e+06  2.23082e+06      13990.8
          87  2.14589e+06  2.22985e+06        13864
          88  2.39734e+06  2.23175e+06      13836.5
          89  2.08087e+06  2.23005e+06      13784.5
          90  2.50169e+06  2.23307e+06      13957.9
          91  2.02523e+06  2.23079e+06      13990.1
          92  2.56425e+06  2.23441e+06      14299.9
          93  2.37861e+06  2.23596e+06      14229.9
          94  2.19461e+06  2.23552e+06      14085.3
          95  2.13928e+06  2.23451e+06      13973.5
          96  2.19776e+06  2.23413e+06      13833.1
          97  2.12618e+06  2.23301e+06      13735.2
          98  2.10028e+06  2.23166e+06      13661.7
          99   2.4383e+06  2.23375e+06      13682.2
         100  2.27393e+06  2.23415e+06      13551.3
