           1 -9.97553e-22 -9.97553e-22            0
           2 -1.05609e-21 -1.02682e-21  2.06964e-23
           3 -9.09187e-22  -9.8761e-22  3.48627e-23
           4 -9.51987e-22 -9.78704e-22  2.72609e-23
           5 -1.04455e-21 -9.91873e-22  2.47863e-23
           6 -9.85967e-22 -9.90889e-22  2.06748e-23
           7   -9.806e-22 -9.89419e-22  1.77734e-23
           8 -9.63207e-22 -9.86143e-22  1.58509e-23
           9 -1.06851e-21 -9.95295e-22  1.65221e-23
          10 -9.51145e-22  -9.9088e-22  1.54485e-23
          11 -9.81165e-22 -9.89997e-22  1.40693e-23
          12 -9.08282e-22 -9.83187e-22  1.44511e-23
          13 -8.44808e-22 -9.72543e-22  1.68087e-23
          14 -8.90264e-22 -9.66666e-22  1.66038e-23
          15 -9.96436e-22  -9.6865e-22   1.5615e-23
          16 -1.02555e-21 -9.72207e-22  1.50386e-23
          17 -9.73581e-22 -9.72288e-22  1.41542e-23
          18 -1.07353e-21 -9.77912e-22  1.44423e-23
          19  -1.0766e-21 -9.83106e-22  1.45862e-23
          20 -1.23558e-21  -9.9573e-22  1.85312e-23
          21  -1.3005e-21 -1.01024e-21   2.2629e-23
          22 -1.15348e-21 -1.01675e-21  2.25176e-23
          23 -1.11748e-21 -1.02113e-21  2.19604e-23
          24 -1.12732e-21 -1.02556e-21  2.14865e-23
          25 -1.21004e-21 -1.03294e-21  2.18575e-23
          26 -1.13128e-21 -1.03672e-21  2.13416e-23
          27 -1.19187e-21 -1.04247e-21  2.13108e-23
          28 -1.28306e-21 -1.05106e-21  2.22146e-23
          29 -1.11954e-21 -1.05342e-21  2.15737e-23
          30 -1.26712e-21 -1.06054e-21  2.19991e-23
          31 -1.24273e-21 -1.06642e-21  2.20605e-23
          32 -1.06129e-21 -1.06626e-21  2.13717e-23
          33 -1.05106e-21  -1.0658e-21   2.0729e-23
          34 -1.03809e-21 -1.06498e-21  2.01354e-23
          35 -1.07177e-21 -1.06518e-21   1.9561e-23
          36 -1.01107e-21 -1.06368e-21  1.90753e-23
          37 -1.00058e-21 -1.06197e-21  1.86358e-23
          38 -1.14972e-21 -1.06428e-21  1.82879e-23
          39 -1.16193e-21 -1.06678e-21  1.79896e-23
          40 -1.08492e-21 -1.06724e-21  1.75456e-23
          41  -1.1132e-21 -1.06836e-21  1.71534e-23
          42  -1.0568e-21 -1.06808e-21  1.67472e-23
          43 -9.67501e-22 -1.06574e-21  1.65203e-23
          44 -9.65931e-22 -1.06347e-21  1.62998e-23
          45 -1.03122e-21 -1.06276e-21  1.59534e-23
          46 -9.52159e-22 -1.06035e-21  1.57867e-23
          47 -9.24823e-22 -1.05747e-21   1.5712e-23
          48 -9.81897e-22  -1.0559e-21  1.54633e-23
          49 -1.02066e-21 -1.05518e-21  1.51644e-23
          50  -1.1379e-21 -1.05683e-21  1.49511e-23
          51 -1.10018e-21 -1.05768e-21  1.46821e-23
          52 -1.08973e-21  -1.0583e-21  1.44127e-23
          53 -9.20253e-22 -1.05569e-21  1.43742e-23
          54 -8.85585e-22 -1.05254e-21   1.4449e-23
          55 -8.82348e-22 -1.04945e-21  1.45139e-23
          56 -9.61407e-22 -1.04788e-21  1.43396e-23
          57 -9.29159e-22 -1.04579e-21  1.42385e-23
          58  -8.4061e-22 -1.04226e-21  1.44258e-23
          59 -9.34189e-22 -1.04042e-21  1.42971e-23
          60 -9.10716e-22 -1.03826e-21  1.42213e-23
          61 -9.37524e-22 -1.03661e-21  1.40837e-23
          62 -9.32543e-22 -1.03493e-21  1.39562e-23
          63 -9.20854e-22 -1.03312e-21  1.38517e-23
          64 -9.39172e-22 -1.03165e-21  1.37128e-23
          65 -9.57701e-22 -1.03052e-21   1.3549e-23
          66 -9.65924e-22 -1.02954e-21   1.3379e-23
          67 -1.03563e-21 -1.02963e-21  1.31796e-23
          68 -9.50522e-22 -1.02846e-21   1.3037e-23
          69 -9.83637e-22 -1.02782e-21  1.28643e-23
          70 -9.76685e-22 -1.02708e-21  1.27012e-23
          71 -9.90583e-22 -1.02657e-21  1.25327e-23
          72 -9.31888e-22 -1.02526e-21  1.24275e-23
          73 -7.87724e-22   -1.022e-21   1.2676e-23
          74 -7.59973e-22 -1.01846e-21  1.29899e-23
          75 -8.54551e-22 -1.01628e-21  1.29992e-23
          76 -9.51501e-22 -1.01542e-21  1.28561e-23
          77 -1.04893e-21 -1.01586e-21  1.26965e-23
          78 -1.00976e-21 -1.01578e-21   1.2534e-23
          79 -9.78309e-22 -1.01531e-21  1.23843e-23
          80 -1.01856e-21 -1.01535e-21  1.22295e-23
          81 -9.23921e-22 -1.01422e-21  1.21305e-23
          82 -9.37754e-22 -1.01329e-21  1.20184e-23
          83 -9.66472e-22 -1.01272e-21  1.18868e-23
          84 -8.80587e-22 -1.01115e-21  1.18489e-23
          85   -8.513e-22 -1.00927e-21  1.18578e-23
          86  -8.4558e-22 -1.00736e-21  1.18717e-23
          87 -8.25725e-22 -1.00528e-21  1.19174e-23
          88 -9.27021e-22 -1.00439e-21  1.18151e-23
          89 -1.06397e-21 -1.00506e-21  1.17013e-23
          90 -1.02932e-21 -1.00533e-21  1.15744e-23
          91 -1.04972e-21 -1.00581e-21  1.14575e-23
          92 -1.12244e-21 -1.00708e-21  1.14029e-23
          93 -1.13885e-21  -1.0085e-21   1.1368e-23
          94 -1.10388e-21 -1.00951e-21  1.12922e-23
          95 -1.08866e-21 -1.01035e-21   1.1204e-23
          96 -1.15161e-21 -1.01182e-21  1.11835e-23
          97 -1.14017e-21 -1.01314e-21  1.11463e-23
          98  -1.0986e-21 -1.01401e-21  1.10666e-23
          99 -1.11065e-21 -1.01499e-21  1.09978e-23
         100 -1.04421e-21 -1.01528e-21  1.08917e-23
