-0.488438   0.477945   -0.487625
-0.342301   -0.34782   0.492763
-0.493791   -0.331856   -0.323466
-0.307196   -0.465197   -0.322273
-0.200939   0.459798   -0.494645
-0.0120699   -0.334724   0.492702
-0.157654   -0.318329   -0.359598
-0.0149887   -0.469108   -0.336052
0.169912   -0.491161   0.496444
0.321613   -0.343968   -0.496903
0.160636   -0.340165   -0.336284
0.317023   0.491416   -0.334884
-0.49903   -0.173014   0.499808
-0.343708   -0.00560227   -0.49656
-0.49933   0.00414263   -0.344761
-0.299561   -0.142566   -0.328559
-0.186512   -0.174453   0.481621
-0.00376152   -0.00390392   -0.499883
-0.154725   0.0194183   -0.315861
0.00602196   -0.159956   -0.331317
0.161522   -0.185105   -0.498806
0.32678   -0.00424972   0.493087
0.158741   0.0172772   -0.313363
0.327435   -0.129437   -0.323655
0.493085   0.151097   0.468807
-0.356664   0.312341   0.493125
0.494038   0.325014   -0.334303
-0.328942   0.175698   -0.336674
-0.161328   0.156915   -0.485329
-0.00872391   0.340096   0.492911
-0.156502   0.328431   -0.31925
-0.00375726   0.180827   -0.30639
0.16621   0.182448   -0.488522
0.335445   0.332582   -0.466653
0.126558   0.338367   -0.354455
0.338658   0.157348   -0.362565
-0.493318   -0.491462   -0.168048
-0.296229   -0.314314   -0.141529
-0.484613   -0.326885   0.013752
-0.329799   0.491555   -0.00565378
-0.186257   0.461546   -0.163868
-0.000484478   -0.331694   -0.163443
-0.14542   -0.337997   0.014614
0.00125787   -0.490078   -0.00170238
0.162448   -0.488234   -0.16694
0.316571   -0.32178   -0.178051
0.174633   -0.319263   -0.0102657
0.330015   -0.496129   -0.0117079
-0.499982   -0.15775   -0.155283
-0.354621   0.00208066   -0.168637
-0.484034   -0.00285309   -0.000620236
-0.332038   -0.156394   -0.00887318
-0.154827   -0.152265   -0.151182
0.000132898   0.00231459   -0.153309
-0.167999   0.0126608   0.00113409
0.00192805   -0.184756   0.00151031
0.167574   -0.134617   -0.165125
0.336775   0.0188798   -0.165955
0.171709   0.00312277   0.00382239
0.329558   -0.166602   -0.0171333
0.490354   0.174422   -0.201812
-0.353711   0.330754   -0.166226
0.485917   0.285005   -0.0288291
-0.342536   0.164471   -0.00060994
-0.205413   0.161514   -0.144909
0.0108909   0.341495   -0.142058
-0.19074   0.344151   0.0248195
-0.0135966   0.1699   -0.0296866
0.17807   0.167322   -0.165621
0.325292   0.334902   -0.159484
0.183947   0.325779   -0.000168401
0.339137   0.120304   0.0178466
-0.483799   -0.488065   0.176016
-0.332548   -0.335071   0.168804
0.487969   -0.348144   0.348831
-0.348729   -0.492812   0.315888
-0.179819   -0.491854   0.166244
0.0113838   -0.340976   0.193316
-0.175913   -0.345249   0.336854
0.00270694   0.497694   0.339395
0.187592   -0.476528   0.151669
0.344645   -0.325128   0.169879
0.15934   -0.329535   0.343284
0.341636   -0.485961   0.326258
-0.482144   -0.175938   0.159351
-0.302093   -0.00936167   0.166946
-0.49119   -0.0103914   0.319369
-0.346741   -0.207039   0.316515
-0.150822   -0.182335   0.190641
0.00205604   0.0151603   0.137648
-0.160477   -0.00819503   0.3351
0.00209061   -0.179828   0.334258
0.178926   -0.180041   0.156601
0.341024   -0.00116276   0.186057
0.129752   -0.00388051   0.309457
0.324046   -0.187733   0.342371
-0.457279   0.135203   0.177516
-0.341057   0.323286   0.177976
0.490217   0.300654   0.314163
-0.294734   0.163029   0.355475
-0.16002   0.165978   0.180864
-0.00627893   0.338729   0.144923
-0.161648   0.344678   0.293863
0.0199888   0.166529   0.329624
0.143386   0.182004   0.155165
0.331545   0.340527   0.154242
0.160096   0.33661   0.337315
0.295791   0.151806   0.321579
