           1     1.05989     1.05989           0
           2           0    0.529945    0.374728
           3           0    0.353297    0.288466
           4           0    0.264973    0.229473
           5           0    0.211978    0.189599
           6           0    0.176648    0.161257
           7           0    0.151413    0.140181
           8           0    0.132486     0.12393
           9           0    0.117766    0.111031
          10           0    0.105989     0.10055
          11           0   0.0963537   0.0918697
          12           0   0.0883242    0.084564
          13           0   0.0815301   0.0783316
          14           0   0.0757065   0.0729526
          15           0   0.0706594   0.0682635
          16           0   0.0662432   0.0641397
          17           0   0.0623465    0.060485
          18           0   0.0588828   0.0572238
          19           0   0.0557837   0.0542959
          20           0   0.0529945   0.0516527
           1     0.22563     0.22563           0
           2-1.42109e-12    0.112815   0.0797722
           3-1.42109e-12   0.0752099   0.0614086
           4-1.42109e-12   0.0564074   0.0488503
           5-1.42109e-12    0.045126   0.0403619
           6-1.42109e-12    0.037605   0.0343285
           7-1.42109e-12   0.0322328   0.0298418
           8-1.42109e-12   0.0282037   0.0263822
           9-1.42109e-12     0.02507   0.0236362
          10-1.42109e-12    0.022563   0.0214051
          11-1.42109e-12   0.0205118   0.0195572
          12-1.42109e-12   0.0188025    0.018002
          13-1.42109e-12   0.0173561   0.0166752
          14-1.42109e-12   0.0161164   0.0155302
          15-1.42109e-12    0.015042   0.0145319
          16-1.42109e-12   0.0141019   0.0136541
          17-1.42109e-12   0.0132723   0.0128761
          18-1.42109e-12    0.012535   0.0121818
          19-1.42109e-12   0.0118753   0.0115585
          20-1.42109e-12   0.0112815   0.0109958
