-0.499222   -0.481327   -0.438595
-0.33969   -0.311984   -0.445968
0.491665   -0.304005   -0.294767
-0.337584   -0.440491   -0.257499
-0.164863   -0.451797   -0.439342
-0.00384005   -0.30322   -0.457434
-0.170622   -0.303486   -0.28535
-0.0031585   -0.468519   -0.291698
0.156391   -0.476035   -0.460644
0.335105   -0.315009   -0.461221
0.14716   -0.298234   -0.282771
0.355116   -0.470258   -0.272717
0.493704   -0.137239   -0.44106
-0.333819   0.00533972   -0.441896
0.496209   0.0404205   -0.272331
-0.322086   -0.152418   -0.282488
-0.17806   -0.146668   -0.451823
-0.00256463   0.040758   -0.439978
-0.179717   0.0322533   -0.278622
-0.0188886   -0.138553   -0.288061
0.167828   -0.145891   -0.434988
0.360987   0.0577913   -0.434687
0.159777   0.0305163   -0.293705
0.328753   -0.132745   -0.289366
-0.489203   0.225191   -0.415089
-0.334354   0.383332   -0.418627
-0.494085   0.374725   -0.252845
-0.331727   0.210803   -0.267185
-0.184826   0.184189   -0.431534
-0.0170051   0.360458   -0.440325
-0.159727   0.367404   -0.282352
0.00893286   0.194074   -0.274601
0.193154   0.184577   -0.440998
0.334081   0.366493   -0.447277
0.166463   0.352071   -0.263822
0.323679   0.203589   -0.273053
0.481579   -0.446133   -0.108722
-0.309495   -0.296083   -0.097259
0.485937   -0.306473   0.072706
-0.352601   -0.469099   0.0435355
-0.162646   -0.481874   -0.116819
-0.00356634   -0.311996   -0.119137
-0.145457   -0.278244   0.0470031
0.0188244   -0.48714   0.0580584
0.175955   -0.464458   -0.11751
0.321828   -0.279107   -0.112997
0.154539   -0.305562   0.0494524
0.317475   -0.462844   0.0535062
-0.498313   -0.150024   -0.123782
-0.323676   0.0171344   -0.13199
0.495912   0.0265815   0.0392133
-0.346297   -0.140177   0.0487208
-0.154781   -0.13357   -0.113562
0.00068823   0.0300244   -0.126028
-0.17021   0.0398487   0.0653081
0.0035628   -0.130869   0.0490632
0.170193   -0.127434   -0.112372
0.331384   0.0414649   -0.120394
0.180284   0.0487968   0.0577243
0.327065   -0.121073   0.0522358
-0.482611   0.193336   -0.101695
-0.313601   0.351767   -0.101069
0.497126   0.357214   0.0559857
-0.334887   0.195052   0.0593701
-0.163718   0.191635   -0.125616
-0.0134817   0.377571   -0.0939818
-0.176584   0.385445   0.0558401
-0.0344333   0.201296   0.0443165
0.14854   0.195667   -0.104807
0.334456   0.345699   -0.101667
0.165106   0.348166   0.0622022
0.337582   0.201469   0.0557334
-0.499087   -0.467254   0.20902
-0.326645   -0.304218   0.214408
0.494473   -0.307116   0.381343
-0.356126   -0.47498   0.375288
-0.195756   -0.477496   0.214213
0.00663956   -0.300647   0.225405
-0.152149   -0.315977   0.390552
-0.00641286   -0.489846   0.393954
0.174888   -0.486148   0.236653
0.316108   -0.303945   0.21323
0.152532   -0.301697   0.383944
0.341145   -0.490713   0.363924
-0.492209   -0.148997   0.209294
-0.349365   0.0289491   0.219618
0.49137   0.0180338   0.392269
-0.334857   -0.141122   0.391841
-0.178843   -0.137225   0.234075
-0.00435312   0.0394548   0.201952
-0.182561   0.0250239   0.397613
-0.00750127   -0.131177   0.382604
0.173645   -0.120694   0.204219
0.343406   0.033103   0.227383
0.156799   0.0290937   0.405623
0.309385   -0.145678   0.391501
0.486959   0.191378   0.22263
-0.353475   0.36615   0.211567
0.495229   0.359749   0.385806
-0.346406   0.205707   0.411066
-0.175525   0.211127   0.224488
-0.00609994   0.348993   0.225074
-0.19562   0.369582   0.378931
-0.0180574   0.184572   0.379914
0.169838   0.189197   0.241433
0.314841   0.354014   0.210032
0.163508   0.34588   0.396631
0.34201   0.185562   0.390231
