0 0 0
0.0230664 0 0
0.0461329 0 0
0.0691993 0 0
0.0922657 0 0
0.115332 0 0
0.138399 0 0
0.161465 0 0
0.184531 0 0
0.207598 0 0
0.230664 0 0
0.253731 0 0
0.276797 0 0
0.299864 0 0
0.32293 0 0
0.345996 0 0
0.369063 0 0
0.392129 0 0
0.415196 0 0
0.438262 0 0
0.461329 0 0
0.484395 0 0
0.507461 0 0
0.530528 0 0
0.553594 0 0
0.576661 0 0
0.599727 0 0
0.622794 0 0
0.64586 0 0
0.668926 0 0
0.691993 0 0
0.715059 0 0
0.738126 0 0
0.761192 0 0
0.784259 0 0
0.807325 0 0
0.830391 0 0
0.853458 0 0
0.876524 0.000164218 5.64766e-05
0.899591 0.00460402 0.000287303
0.922657 0.0597322 0.00106183
0.945724 0.345438 0.00261163
0.96879 1.09959 0.00459358
0.991856 2.33265 0.00743088
1.01492 3.63795 0.00856764
1.03799 4.54144 0.00976032
1.06106 4.76035 0.00970071
1.08412 4.36235 0.00889827
1.10719 3.5746 0.00868513
1.13026 2.66919 0.0082232
1.15332 1.83302 0.0060769
1.17639 1.1678 0.00416165
1.19945 0.694703 0.00331313
1.22252 0.390223 0.00291283
1.24559 0.204678 0.00232854
1.26865 0.104678 0.00172128
1.29172 0.0608889 0.00140948
1.31479 0.0524165 0.00130326
1.33785 0.0749266 0.00160886
1.36092 0.120709 0.00200677
1.38399 0.201462 0.0021085
1.40705 0.317481 0.00233698
1.43012 0.462888 0.00260643
1.45319 0.627837 0.00255612
1.47625 0.780034 0.00279312
1.49932 0.89081 0.00415307
1.52238 0.938027 0.00459268
1.54545 0.896291 0.00349151
1.56852 0.780741 0.00328968
1.59158 0.635899 0.00245971
1.61465 0.471065 0.00221846
1.63772 0.335713 0.00196745
1.66078 0.246353 0.00218633
1.68385 0.220385 0.00226921
1.70692 0.290682 0.00273517
1.72998 0.475757 0.00336972
1.75305 0.790064 0.00359892
1.77612 1.22741 0.00387678
1.79918 1.73773 0.00329972
1.82225 2.20364 0.00483546
1.84531 2.52616 0.00591317
1.86838 2.62813 0.00555621
1.89145 2.47699 0.0053309
1.91451 2.13564 0.00496865
1.93758 1.68494 0.00384272
1.96065 1.2204 0.0033729
1.98371 0.843454 0.00276256
2.00678 0.589991 0.00285695
2.02985 0.479761 0.00282226
2.05291 0.499997 0.00292024
2.07598 0.610586 0.00224239
2.09905 0.760177 0.00206937
2.12211 0.89647 0.00286224
2.14518 0.978347 0.00275036
2.16824 0.976955 0.00267437
2.19131 0.903901 0.00270456
2.21438 0.792693 0.00224577
2.23744 0.673964 0.00229682
2.26051 0.605857 0.0032593
2.28358 0.612483 0.00369112
