           1 -1.69288e-20 -1.69288e-20            0
           2 -1.69156e-20 -1.69222e-20  4.67116e-24
           3 -1.69588e-20 -1.69344e-20  1.04237e-23
           4  -1.6937e-20  -1.6935e-20  7.83777e-24
           5 -1.69519e-20 -1.69384e-20  6.95953e-24
           6 -1.69367e-20 -1.69381e-20  5.80556e-24
           7 -1.69612e-20 -1.69414e-20  5.83671e-24
           8 -1.69486e-20 -1.69423e-20   5.1763e-24
           9 -1.69738e-20 -1.69458e-20  5.65974e-24
          10  -1.6947e-20 -1.69459e-20  5.09508e-24
          11 -1.69385e-20 -1.69453e-20  4.67689e-24
          12 -1.69298e-20  -1.6944e-20  4.46128e-24
          13 -1.69766e-20 -1.69465e-20  4.77129e-24
          14 -1.69251e-20  -1.6945e-20  4.66742e-24
          15 -1.69333e-20 -1.69442e-20  4.42005e-24
          16 -1.69513e-20 -1.69446e-20  4.16615e-24
          17 -1.69417e-20 -1.69445e-20  3.92467e-24
          18 -1.69468e-20 -1.69446e-20  3.70886e-24
          19 -1.69409e-20 -1.69444e-20  3.51866e-24
          20 -1.69384e-20 -1.69441e-20  3.35537e-24
          21 -1.69522e-20 -1.69445e-20  3.21788e-24
          22 -1.69249e-20 -1.69436e-20  3.19256e-24
          23 -1.69393e-20 -1.69434e-20  3.05923e-24
          24 -1.69185e-20 -1.69424e-20  3.10256e-24
          25 -1.69679e-20 -1.69434e-20  3.14222e-24
          26 -1.69223e-20 -1.69426e-20   3.1244e-24
          27 -1.69383e-20 -1.69424e-20  3.01277e-24
          28  -1.6958e-20  -1.6943e-20  2.95633e-24
          29 -1.69209e-20 -1.69422e-20  2.95073e-24
          30 -1.69616e-20 -1.69429e-20  2.92225e-24
          31 -1.69459e-20  -1.6943e-20  2.82965e-24
          32 -1.69407e-20 -1.69429e-20  2.74213e-24
          33 -1.69431e-20 -1.69429e-20  2.65904e-24
          34 -1.69589e-20 -1.69434e-20  2.62226e-24
          35 -1.69092e-20 -1.69424e-20  2.72292e-24
          36 -1.69652e-20  -1.6943e-20  2.71993e-24
          37 -1.69369e-20 -1.69429e-20  2.65147e-24
          38 -1.69269e-20 -1.69424e-20  2.61481e-24
          39 -1.69824e-20 -1.69435e-20  2.74113e-24
          40 -1.69329e-20 -1.69432e-20  2.68527e-24
          41 -1.69264e-20 -1.69428e-20  2.65094e-24
          42 -1.69546e-20 -1.69431e-20  2.60284e-24
          43  -1.6926e-20 -1.69427e-20  2.57235e-24
          44 -1.69291e-20 -1.69424e-20  2.53234e-24
          45 -1.69582e-20 -1.69427e-20  2.50039e-24
          46 -1.69247e-20 -1.69423e-20  2.47661e-24
          47 -1.69399e-20 -1.69423e-20  2.42445e-24
          48 -1.69336e-20 -1.69421e-20  2.38065e-24
          49 -1.69483e-20 -1.69422e-20  2.33549e-24
          50 -1.69543e-20 -1.69425e-20  2.30122e-24
          51 -1.69123e-20 -1.69419e-20  2.33074e-24
          52 -1.69305e-20 -1.69416e-20  2.29616e-24
          53 -1.69575e-20 -1.69419e-20  2.27219e-24
          54 -1.69215e-20 -1.69416e-20  2.26133e-24
          55 -1.69569e-20 -1.69418e-20  2.23733e-24
          56 -1.69245e-20 -1.69415e-20  2.21875e-24
          57 -1.69612e-20 -1.69419e-20  2.20661e-24
          58 -1.69485e-20  -1.6942e-20  2.17149e-24
          59 -1.69316e-20 -1.69418e-20  2.14185e-24
          60 -1.69115e-20 -1.69413e-20  2.16509e-24
          61  -1.6962e-20 -1.69417e-20  2.15602e-24
          62 -1.69435e-20 -1.69417e-20  2.12145e-24
          63 -1.69402e-20 -1.69417e-20  2.08791e-24
          64 -1.69524e-20 -1.69418e-20    2.062e-24
          65 -1.69472e-20 -1.69419e-20  2.03191e-24
          66 -1.69921e-20 -1.69427e-20  2.13885e-24
          67 -1.69123e-20 -1.69422e-20   2.1544e-24
          68 -1.69636e-20 -1.69425e-20  2.14548e-24
          69 -1.69336e-20 -1.69424e-20  2.11827e-24
          70 -1.69417e-20 -1.69424e-20  2.08803e-24
          71 -1.69516e-20 -1.69425e-20  2.06265e-24
          72 -1.69463e-20 -1.69426e-20  2.03468e-24
          73 -1.69253e-20 -1.69423e-20  2.02057e-24
          74 -1.69784e-20 -1.69428e-20  2.05108e-24
          75 -1.69196e-20 -1.69425e-20  2.04699e-24
          76 -1.69549e-20 -1.69427e-20  2.02653e-24
          77 -1.69444e-20 -1.69427e-20  2.00034e-24
          78 -1.69532e-20 -1.69428e-20  1.97923e-24
          79 -1.69135e-20 -1.69425e-20  1.98863e-24
          80 -1.69905e-20 -1.69431e-20  2.05258e-24
          81 -1.69394e-20  -1.6943e-20  2.02774e-24
          82 -1.69419e-20  -1.6943e-20  2.00305e-24
          83 -1.69518e-20 -1.69431e-20   1.9817e-24
          84 -1.69526e-20 -1.69432e-20  1.96135e-24
          85 -1.69438e-20 -1.69432e-20  1.93828e-24
          86 -1.69356e-20 -1.69431e-20   1.9178e-24
          87 -1.69398e-20 -1.69431e-20  1.89614e-24
          88 -1.69511e-20 -1.69432e-20  1.87675e-24
          89 -1.69208e-20 -1.69429e-20  1.87251e-24
          90 -1.69707e-20 -1.69432e-20  1.87693e-24
          91 -1.69223e-20  -1.6943e-20  1.87037e-24
          92 -1.69605e-20 -1.69432e-20  1.85967e-24
          93 -1.69238e-20  -1.6943e-20  1.85131e-24
          94 -1.69369e-20 -1.69429e-20  1.83274e-24
          95 -1.69594e-20 -1.69431e-20  1.82163e-24
          96 -1.68921e-20 -1.69426e-20  1.87842e-24
          97  -1.6978e-20 -1.69429e-20  1.89423e-24
          98 -1.69461e-20  -1.6943e-20  1.87518e-24
          99 -1.69399e-20 -1.69429e-20  1.85649e-24
         100 -1.69518e-20  -1.6943e-20  1.84003e-24
