           1  3.75205e+08  3.75205e+08            0
           2  3.74885e+08  3.75045e+08       113050
           3   3.7057e+08  3.73553e+08  1.22027e+06
           4  3.73237e+08  3.73474e+08       917764
           5  3.71196e+08  3.73018e+08       839750
           6  3.73425e+08  3.73086e+08       702524
           7   3.7109e+08  3.72801e+08       657485
           8  3.71696e+08  3.72663e+08       589626
           9   3.7041e+08  3.72412e+08       574792
          10  3.73252e+08  3.72496e+08       523413
          11  3.73317e+08  3.72571e+08       481118
          12  3.75735e+08  3.72835e+08       508155
          13  3.69904e+08  3.72609e+08       516663
          14   3.7504e+08  3.72783e+08       508096
          15  3.74328e+08  3.72886e+08       484554
          16   3.7293e+08  3.72889e+08       454277
          17  3.73903e+08  3.72948e+08       431456
          18  3.71639e+08  3.72876e+08       413570
          19  3.71914e+08  3.72825e+08       394886
          20  3.73464e+08  3.72857e+08       376432
          21  3.71638e+08  3.72799e+08       362956
          22   3.7597e+08  3.72943e+08       373990
          23  3.73717e+08  3.72977e+08       359240
          24  3.75986e+08  3.73102e+08       365499
          25  3.69483e+08  3.72957e+08       378467
          26  3.75096e+08   3.7304e+08       372744
          27  3.72893e+08  3.73034e+08       358978
          28  3.71421e+08  3.72977e+08       350748
          29  3.76124e+08  3.73085e+08       355047
          30  3.70646e+08  3.73004e+08       352400
          31   3.7181e+08  3.72965e+08       343130
          32   3.7184e+08   3.7293e+08       334206
          33  3.72069e+08  3.72904e+08       325096
          34  3.70656e+08  3.72838e+08       322189
          35  3.76162e+08  3.72933e+08       326685
          36  3.69614e+08  3.72841e+08       330359
          37  3.74451e+08  3.72884e+08       324286
          38  3.74171e+08  3.72918e+08       317514
          39  3.67804e+08  3.72787e+08       335355
          40   3.7356e+08  3.72806e+08       327528
          41   3.7562e+08  3.72875e+08       326650
          42  3.71851e+08  3.72851e+08       319780
          43  3.73516e+08  3.72866e+08       312718
          44  3.72574e+08  3.72859e+08       305681
          45  3.69581e+08  3.72787e+08       307448
          46  3.74203e+08  3.72817e+08       302303
          47   3.7285e+08  3.72818e+08       295872
          48  3.72866e+08  3.72819e+08       289710
          49  3.71035e+08  3.72783e+08       286075
          50  3.70627e+08   3.7274e+08       283584
          51  3.76506e+08  3.72813e+08       287479
          52  3.73991e+08  3.72836e+08       282841
          53  3.71954e+08  3.72819e+08       277993
          54  3.75476e+08  3.72869e+08       277164
          55  3.70461e+08  3.72825e+08       275559
          56  3.74254e+08   3.7285e+08       271817
          57  3.70793e+08  3.72814e+08       269434
          58  3.72101e+08  3.72802e+08       265069
          59  3.73378e+08  3.72812e+08       260756
          60  3.75943e+08  3.72864e+08       261581
          61  3.70026e+08  3.72817e+08       261396
          62  3.72927e+08  3.72819e+08       257186
          63  3.73132e+08  3.72824e+08       253151
          64  3.72722e+08  3.72823e+08       249201
          65  3.72625e+08  3.72819e+08       245386
          66  3.68033e+08  3.72747e+08       252158
          67  3.76958e+08   3.7281e+08       256108
          68  3.71269e+08  3.72787e+08       253342
          69  3.74222e+08  3.72808e+08       250522
          70  3.72562e+08  3.72804e+08       246968
          71  3.72348e+08  3.72798e+08       243573
          72  3.72899e+08  3.72799e+08       240194
          73  3.74449e+08  3.72822e+08       237965
          74  3.69203e+08  3.72773e+08       239721
          75   3.7635e+08  3.72821e+08       241223
          76   3.7148e+08  3.72803e+08       238693
          77  3.72639e+08  3.72801e+08       235602
          78  3.71869e+08  3.72789e+08       232885
          79  3.74609e+08  3.72812e+08       231073
          80  3.67589e+08  3.72747e+08       237228
          81  3.73578e+08  3.72757e+08       234521
          82   3.7241e+08  3.72753e+08       231699
          83  3.71799e+08  3.72741e+08       229192
          84  3.71729e+08  3.72729e+08       226781
          85  3.72997e+08  3.72732e+08       224135
          86  3.73047e+08  3.72736e+08       221558
          87   3.7286e+08  3.72738e+08       219016
          88  3.71074e+08  3.72719e+08       217342
          89  3.74279e+08  3.72736e+08       215606
          90   3.7021e+08  3.72708e+08       215030
          91  3.75823e+08  3.72742e+08       215375
          92  3.70327e+08  3.72716e+08       214628
          93  3.74791e+08  3.72738e+08       213477
          94  3.74387e+08  3.72756e+08       211925
          95  3.71205e+08   3.7274e+08       210323
          96  3.78646e+08  3.72801e+08       216943
          97  3.68933e+08  3.72761e+08       218341
          98  3.71593e+08  3.72749e+08       216438
          99  3.73109e+08  3.72753e+08       214283
         100  3.72626e+08  3.72752e+08       212144
