           1     1.00528     1.00528           0
           2     1.31372      1.1595     0.10905
           3     1.38577     1.23492   0.0952781
           4     1.39057     1.27384   0.0790056
           5      1.4792     1.31491   0.0731051
           6     1.49082     1.34423   0.0665407
           7     1.52308     1.36978   0.0617456
           8     1.33209     1.36507   0.0542068
           9     1.39834     1.36876   0.0483097
          10     1.50854     1.38274   0.0454559
          11       1.357      1.3804   0.0413838
          12     1.40026     1.38206   0.0379682
          13     1.44288     1.38673   0.0353347
          14     1.44848     1.39114   0.0330849
          15     1.47597      1.3968   0.0313588
          16     1.17995     1.38325   0.0321947
          17     1.40457      1.3845   0.0303253
          18     1.35627     1.38293   0.0286811
          19     1.39852     1.38375   0.0271833
          20     1.33441     1.38128   0.0259358
          21     1.25443     1.37524   0.0253945
          22     1.62703     1.38669   0.0266949
          23     1.33246     1.38433   0.0256381
          24     1.46883     1.38785   0.0248105
          25     1.43814     1.38986   0.0238994
          26     1.37256      1.3892   0.0229895
          27     1.53977     1.39477   0.0228044
          28     1.47742     1.39773   0.0221801
          29     1.38086     1.39714   0.0214229
          30     1.42349     1.39802   0.0207268
          31      1.4832     1.40077   0.0202395
          32     1.30679     1.39783    0.019819
          33     1.28592     1.39444   0.0195064
          34     1.37975     1.39401   0.0189375
          35     1.42965     1.39503   0.0184237
          36     1.58492      1.4003   0.0186518
          37     1.33197     1.39846   0.0182389
          38     1.33946      1.3969   0.0178249
          39     1.44718     1.39819   0.0174144
          40     1.43703     1.39916   0.0170061
          41       1.334     1.39757   0.0166654
          42     1.40187     1.39768   0.0162689
          43     1.46309      1.3992   0.0159615
          44     1.53208     1.40222   0.0158819
          45     1.36177     1.40132   0.0155544
          46     1.33097     1.39979   0.0152912
          47     1.41096     1.40003   0.0149677
          48     1.36781     1.39936    0.014671
          49     1.48794     1.40116   0.0144825
          50     1.52362     1.40361   0.0143985
          51      1.4035     1.40361   0.0141161
          52     1.30558     1.40173     0.01397
          53     1.30855     1.39997   0.0138166
          54     1.41063     1.40017   0.0135621
          55     1.40126     1.40019   0.0133156
          56     1.25788     1.39764   0.0133181
          57     1.28129      1.3956   0.0132399
          58     1.42001     1.39602   0.0130184
          59     1.24555     1.39347   0.0130451
          60     1.31868     1.39223   0.0128871
          61     1.32473     1.39112   0.0127233
          62     1.51063     1.39305   0.0126632
          63     1.44062      1.3938   0.0124847
          64      1.4495     1.39467   0.0123199
          65     1.28751     1.39302   0.0122402
          66     1.34771     1.39234    0.012074
          67     1.32213     1.39129   0.0119392
          68     1.29617     1.38989   0.0118453
          69     1.42846     1.39045   0.0116868
          70     1.35559     1.38995   0.0115304
          71     1.55522     1.39228   0.0116006
          72     1.44639     1.39303   0.0114638
          73     1.32999     1.39217   0.0113393
          74     1.29257     1.39082   0.0112656
          75     1.49764     1.39225   0.0112051
          76     1.30952     1.39116   0.0111104
          77     1.29671     1.38993   0.0110336
          78     1.42587     1.39039   0.0109017
          79     1.34025     1.38976   0.0107822
          80     1.21242     1.38754   0.0108729
          81     1.33444     1.38688   0.0107584
          82     1.29664     1.38578   0.0106834
          83     1.37519     1.38566   0.0105554
          84     1.36955     1.38546   0.0104315
          85      1.4041     1.38568   0.0103111
          86     1.35441     1.38532   0.0101976
          87     1.34426     1.38485   0.0100913
          88     1.39666     1.38498   0.0099775
          89     1.34071     1.38449  0.00987778
          90     1.45022     1.38522  0.00979499
          91     1.24679     1.38369  0.00980477
          92     1.44724     1.38439   0.0097225
          93     1.44109     1.38499  0.00963706
          94     1.49396     1.38615    0.009604
          95     1.44053     1.38673  0.00951995
          96     1.34647     1.38631  0.00943001
          97      1.3094     1.38551  0.00936607
          98     1.39497     1.38561    0.009271
          99     1.26642     1.38441   0.0092552
         100      1.5675     1.38624  0.00934199
