           1    -5.53981    -5.53981           0
           2    -5.47979     -5.5098    0.021221
           3    -5.46378    -5.49446   0.0188952
           4    -5.46286    -5.48656   0.0157367
           5    -5.44762    -5.47877   0.0143882
           6    -5.44041    -5.47238   0.0133352
           7    -5.44155    -5.46797   0.0121358
           8    -5.48247    -5.46979   0.0107532
           9    -5.45736     -5.4684  0.00964664
          10    -5.44838     -5.4664  0.00888733
          11    -5.47006    -5.46673  0.00808561
          12     -5.4619    -5.46633  0.00742186
          13    -5.45656    -5.46558  0.00688887
          14    -5.45335    -5.46471  0.00645192
          15    -5.45017    -5.46374  0.00609413
          16    -5.50842    -5.46653  0.00632079
          17    -5.46932    -5.46669  0.00595111
          18    -5.47332    -5.46706  0.00563186
          19    -5.46771     -5.4671  0.00533555
          20    -5.48147    -5.46782  0.00511691
          21    -5.49567    -5.46914  0.00504225
          22    -5.43249    -5.46748   0.0050809
          23    -5.46554    -5.46739  0.00486069
          24    -5.46541    -5.46731  0.00465886
          25    -5.46471     -5.4672  0.00447366
          26    -5.46635    -5.46717  0.00430172
          27    -5.44098     -5.4662  0.00425036
          28    -5.43762    -5.46518  0.00421934
          29    -5.47349    -5.46547  0.00408357
          30     -5.4534    -5.46507  0.00396721
          31    -5.44361    -5.46437  0.00389913
          32    -5.49201    -5.46524  0.00387178
          33    -5.48521    -5.46584  0.00380148
          34    -5.46818    -5.46591   0.0036903
          35    -5.46267    -5.46582  0.00358602
          36    -5.43286     -5.4649  0.00360141
          37    -5.47278    -5.46512  0.00351037
          38     -5.4737    -5.46534  0.00342524
          39    -5.45362    -5.46504  0.00335059
          40     -5.4674     -5.4651  0.00326734
          41    -5.48035    -5.46547  0.00320875
          42    -5.46806    -5.46553  0.00313294
          43    -5.45258    -5.46523  0.00307453
          44    -5.45077     -5.4649  0.00302218
          45    -5.46666    -5.46494  0.00295527
          46    -5.47431    -5.46515  0.00289803
          47    -5.46028    -5.46504  0.00283821
          48    -5.47276     -5.4652  0.00278364
          49     -5.4403     -5.4647  0.00277285
          50    -5.44089    -5.46422  0.00275796
          51    -5.47201    -5.46437  0.00270811
          52    -5.48058    -5.46468  0.00267391
          53    -5.47509    -5.46488  0.00263066
          54    -5.46204    -5.46483  0.00258247
          55    -5.45766     -5.4647  0.00253881
          56    -5.48152      -5.465  0.00251119
          57    -5.48414    -5.46533  0.00248949
          58    -5.46291    -5.46529  0.00244692
          59    -5.49448    -5.46579  0.00245494
          60    -5.47422    -5.46593  0.00241805
          61    -5.47586    -5.46609  0.00238389
          62      -5.442     -5.4657  0.00237688
          63    -5.44882    -5.46543  0.00235422
          64    -5.45722    -5.46531  0.00232092
          65    -5.48376    -5.46559  0.00230252
          66    -5.46975    -5.46565   0.0022685
          67    -5.47618    -5.46581  0.00224008
          68     -5.4757    -5.46595  0.00221185
          69    -5.45447    -5.46579  0.00218605
          70    -5.47672    -5.46594  0.00216038
          71    -5.42921    -5.46543  0.00219104
          72    -5.45626     -5.4653  0.00216431
          73    -5.48436    -5.46556  0.00215036
          74     -5.4836     -5.4658  0.00213508
          75    -5.44329     -5.4655  0.00212761
          76    -5.48876    -5.46581  0.00212152
          77     -5.4835    -5.46604  0.00210636
          78    -5.45055    -5.46584  0.00208869
          79    -5.48572    -5.46609  0.00207736
          80    -5.49041     -5.4664  0.00207351
          81    -5.48317     -5.4666  0.00205822
          82    -5.48677    -5.46685  0.00204777
          83    -5.46542    -5.46683  0.00202317
          84    -5.46676    -5.46683  0.00199908
          85     -5.4679    -5.46684   0.0019756
          86    -5.46734    -5.46685  0.00195264
          87    -5.47606    -5.46696  0.00193306
          88    -5.46292    -5.46691  0.00191164
          89    -5.48153    -5.46707  0.00189721
          90    -5.46372    -5.46704   0.0018765
          91    -5.49086     -5.4673  0.00187405
          92     -5.4551    -5.46717  0.00185836
          93    -5.44866    -5.46697    0.001849
          94    -5.45159     -5.4668  0.00183656
          95    -5.45158    -5.46664  0.00182421
          96    -5.47364    -5.46672  0.00180666
          97    -5.48088    -5.46686  0.00179393
          98    -5.47474    -5.46694  0.00177742
          99    -5.49103    -5.46719  0.00177603
         100    -5.43398    -5.46685  0.00178905
