0 0 0
0.0256496 0 0
0.0512993 0 0
0.0769489 0 0
0.102599 0 0
0.128248 0 0
0.153898 0 0
0.179547 0 0
0.205197 0 0
0.230847 0 0
0.256496 0 0
0.282146 0 0
0.307796 0 0
0.333445 0 0
0.359095 0 0
0.384745 0 0
0.410394 0 0
0.436044 0 0
0.461694 0 0
0.487343 0 0
0.512993 0 0
0.538642 0 0
0.564292 0 0
0.589942 0 0
0.615591 0 0
0.641241 0 0
0.666891 0 0
0.69254 0 0
0.71819 0 0
0.74384 0 0
0.769489 0 0
0.795139 0 0
0.820788 0 0
0.846438 1.75071e-05 6.05526e-06
0.872088 0.00133431 5.41663e-05
0.897737 0.0238953 0.000240575
0.923387 0.164439 0.000783161
0.949037 0.561183 0.00190657
0.974686 1.19814 0.00239306
1.00034 1.86223 0.00303445
1.02599 2.33738 0.00249612
1.05164 2.55589 0.00213682
1.07728 2.54911 0.00214429
1.10293 2.40936 0.00222743
1.12858 2.19921 0.00221625
1.15423 1.97553 0.00219178
1.17988 1.75527 0.00202574
1.20553 1.56017 0.00215497
1.23118 1.39194 0.00199192
1.25683 1.24656 0.00167641
1.28248 1.12691 0.00164021
1.30813 1.02341 0.00134911
1.33378 0.940704 0.00122543
1.35943 0.871079 0.00115278
1.38508 0.815225 0.0012681
1.41073 0.772507 0.00105886
1.43638 0.735499 0.001006
1.46203 0.710276 0.00100237
1.48768 0.689578 0.00111048
1.51333 0.677579 0.00100866
1.53898 0.673283 0.00132775
1.56463 0.671301 0.00125553
1.59028 0.676359 0.00122368
1.61593 0.686241 0.00112614
1.64158 0.702398 0.00111597
1.66723 0.723342 0.00107446
1.69288 0.749197 0.00115441
1.71853 0.780556 0.00110331
1.74418 0.81557 0.00113688
1.76983 0.853203 0.00109183
1.79547 0.893828 0.00115579
1.82112 0.934463 0.00113343
1.84677 0.976517 0.00110821
1.87242 1.01754 0.00113932
1.89807 1.05736 0.00122794
1.92372 1.0958 0.00112569
1.94937 1.12992 0.00114355
1.97502 1.16197 0.0010206
2.00067 1.18665 0.00103621
2.02632 1.20565 0.00103386
2.05197 1.2147 0.00100278
2.07762 1.21582 0.00108206
2.10327 1.20941 0.000927096
2.12892 1.19645 0.00109159
2.15457 1.17571 0.000986619
2.18022 1.15131 0.000946833
2.20587 1.12472 0.0010297
2.23152 1.09501 0.000869275
2.25717 1.06632 0.000886124
2.28282 1.03867 0.000916297
2.30847 1.0122 0.000828443
2.33412 0.986653 0.00090159
2.35977 0.964853 0.000824288
2.38542 0.946023 0.000766393
2.41107 0.930414 0.000774543
2.43672 0.917394 0.000804886
2.46237 0.907693 0.000839646
2.48802 0.894033 0.000818531
2.51366 0.88599 0.00085357
2.53931 0.885921 0.000838992
