0 0.0747467 0.0155692
1 0.297822 0.226285
2 0.412556 0.211671
3 0.13891 0.244078
4 0.767548 0.149461
5 0.27704 0.217621
6 0.375921 0.192351
7 0.245142 0.163374
8 0.26768 0.154765
9 0.0567202 0.206507
10 0.469988 0.212201
11 0.347292 0.130537
12 0.445777 0.160636
13 0.336691 0.17189
14 0.1936 0.132254
15 0.200165 0.14043
16 0.353329 0.138274
17 0.267004 0.205061
18 0.347048 0.187395
19 0.568865 0.194602
20 0.438852 0.139935
21 0.594226 0.169631
22 0.443914 0.185375
23 0.301772 0.0933979
24 0.300473 0.142851
25 0.398247 0.128477
26 0.341514 0.138133
27 0.556404 0.124122
28 0.179945 0.168407
29 0.450658 0.213203
30 0.140748 0.169919
31 0.219203 0.138979
32 0.567472 0.11517
33 0.378354 0.158925
34 -0.0530775 0.171525
35 0.357737 0.115228
36 0.0603736 0.135112
37 0.0634086 0.162245
38 0.309806 0.15507
39 0.306552 0.126751
40 0.0525581 0.1799
41 0.31484 0.10958
42 0.26384 0.174868
43 0.256919 0.188915
44 0.270568 0.13732
45 0.152165 0.168186
46 0.545624 0.17181
47 0.244569 0.135832
48 0.412672 0.160334
49 0.346175 0.102027
50 0.410432 0.100696
51 0.173365 0.111592
52 0.0784919 0.133897
53 0.449572 0.151888
54 0.356401 0.120052
55 0.286979 0.125061
56 0.282637 0.118846
57 0.290296 0.15582
58 0.154521 0.1314
59 0.359073 0.129879
60 0.520604 0.146001
61 0.370817 0.158611
62 0.47679 0.163719
63 0.385619 0.127702
64 0.495824 0.114028
65 0.455029 0.115491
66 0.168879 0.151234
67 0.470295 0.12173
68 0.331609 0.14124
69 0.280413 0.109979
70 0.233926 0.146051
71 0.346058 0.120652
72 0.393068 0.137181
73 0.303261 0.125498
74 0.39359 0.140671
75 0.206174 0.127174
76 0.396581 0.0917452
77 0.0111715 0.151102
78 0.206009 0.122984
79 0.269491 0.0989648
80 0.213332 0.127013
81 0.335511 0.111631
82 0.254076 0.0950048
83 0.170185 0.117792
84 0.520803 0.100111
85 0.11602 0.136837
86 0.273548 0.153232
87 0.208323 0.103643
88 0.310476 0.124102
89 0.561647 0.102829
90 0.43939 0.0954258
91 0.0144624 0.121844
92 0.0793333 0.119618
93 0.301158 0.145862
94 0.368669 0.119597
95 0.244459 0.106514
96 0.483936 0.111263
97 0.370017 0.108895
98 0.320584 0.111463
99 0.443495 0.135793
100 0.517493 0.152205
101 0.402736 0.160652
102 0.141212 0.0969216
103 0.440489 0.130262
104 0.573047 0.0963511
105 0.387705 0.116241
106 0.242461 0.146542
107 0.324145 0.113637
108 0.467825 0.137249
109 0.393661 0.14978
110 0.304512 0.106748
111 0.167006 0.090026
112 0.304191 0.101661
113 0.398008 0.155088
114 0.472792 0.160706
115 0.278298 0.14787
116 0.325356 0.095376
117 0.40479 0.110188
118 0.352248 0.128642
119 0.402521 0.12502
120 0.629971 0.110873
121 0.398011 0.0834389
122 0.142473 0.156809
123 0.285747 0.134289
124 0.344438 0.109762
125 0.33416 0.121634
126 0.294481 0.0969641
127 0.172618 0.125377
128 0.303131 0.114068
129 0.417232 0.107358
130 0.372291 0.125053
131 0.206672 0.134573
132 0.294241 0.118931
133 0.378646 0.0770365
134 0.377847 0.0862677
135 0.331292 0.119287
136 0.433947 0.101049
137 0.514465 0.132044
138 0.315411 0.110349
139 0.37909 0.114409
140 0.462207 0.0892109
141 0.496122 0.10691
142 0.331852 0.129941
143 0.18814 0.122626
144 0.469528 0.118469
145 0.302827 0.0777089
146 0.13106 0.100369
147 0.257947 0.144269
148 0.228679 0.104399
149 0.337745 0.115515
150 0.290389 0.0964873
151 0.179796 0.100527
152 0.465403 0.114662
153 0.270811 0.0992433
154 0.274966 0.116682
155 0.353087 0.10968
156 0.393506 0.122459
157 0.326717 0.122922
158 0.384764 0.150817
159 0.48645 0.131285
160 0.264824 0.0986359
161 0.187462 0.140293
162 0.313053 0.110233
163 0.40736 0.125385
164 0.162793 0.0591931
165 0.286192 0.109486
166 0.30047 0.146883
167 0.179678 0.0702853
168 0.366374 0.115881
169 0.220668 0.128758
170 0.255711 0.0970907
171 0.148314 0.10379
172 0.378134 0.123054
173 0.413048 0.12547
174 0.268896 0.118363
175 0.42921 0.100094
176 0.317335 0.131556
177 0.154815 0.110771
178 0.37045 0.114117
179 0.163485 0.125811
180 0.669669 0.128144
181 0.411505 0.077221
182 0.395546 0.134235
183 0.407192 0.12795
184 0.292179 0.111188
185 0.393487 0.109935
186 0.0957248 0.150446
187 0.23683 0.136617
188 0.385785 0.123951
189 0.276082 0.122051
190 0.251194 0.103623
191 0.105478 0.108666
192 0.55531 0.0942969
193 0.361527 0.110261
194 0.350662 0.111027
195 0.462976 0.104995
196 0.377873 0.151906
197 0.419491 0.154575
198 0.474465 0.103695
199 0.415198 0.121272
200 0.158669 0.107112
201 0.363039 0.135698
202 0.159194 0.154545
203 0.472438 0.117725
204 0.293633 0.12587
205 0.294595 0.11772
206 0.501265 0.107994
207 0.257718 0.112737
208 -0.0177464 0.164606
209 0.467418 0.104123
210 0.35856 0.120149
211 0.361508 0.119597
212 0.487968 0.0768941
213 0.156129 0.124169
214 0.593491 0.130156
215 0.25797 0.1092
216 0.447828 0.164251
217 0.423642 0.128376
218 0.0593633 0.161887
219 0.521619 0.121048
220 0.313577 0.146632
221 0.433386 0.129438
222 0.397359 0.125192
223 0.277961 0.151551
224 0.31529 0.137792
225 0.311729 0.132502
226 0.257916 0.141854
227 0.322077 0.134276
228 0.611352 0.121706
229 0.119613 0.124317
230 0.256211 0.126623
231 0.413851 0.13443
232 0.0714094 0.106081
233 0.400518 0.130544
234 0.129151 0.108864
235 0.739323 0.140481
236 0.00357013 0.163697
237 0.254303 0.115205
238 0.330759 0.108581
239 0.539747 0.163403
240 0.311329 0.106606
241 0.221531 0.13565
242 0.237622 0.169181
243 0.245753 0.110223
244 0.543907 0.128085
245 0.178544 0.137292
246 0.636606 0.132165
247 0.191687 0.138452
248 0.445632 0.11038
249 0.116835 0.112648
250 0.0945275 0.15502
251 0.42029 0.107947
252 0.468234 0.159413
253 0.161348 0.131115
254 0.0157773 0.160385
255 -0.0395489 0.203672
256 0.441437 0.15077
257 0.349136 0.141935
258 0.20667 0.150769
259 0.145843 0.166648
260 0.237939 0.221241
261 0.461788 0.131998
262 0.306994 0.116485
263 0.304299 0.151166
264 0.544963 0.181196
265 0.422835 0.165964
266 0.175031 0.16645
267 0.328049 0.131538
268 0.499336 0.183701
269 0.363721 0.158801
270 0.257463 0.157224
271 0.495693 0.153817
272 0.164091 0.147831
273 0.0574398 0.19958
274 0.262272 0.137656
275 0.260931 0.163798
276 0.557603 0.133831
277 0.320763 0.159963
278 0.246116 0.140572
279 0.286535 0.162748
280 0.445045 0.180784
281 0.75335 0.173109
282 0.352607 0.147455
283 0.525347 0.190204
284 0.142271 0.190468
285 0.171636 0.112904
286 0.517034 0.178187
287 0.554446 0.182101
288 0.522653 0.167289
289 0.571089 0.196505
290 0.107679 0.159522
291 0.437289 0.19271
292 0.0715183 0.242227
293 0.257529 0.175469
294 -0.176872 0.150645
295 0.216414 0.209734
296 0.466032 0.152979
297 0.22506 0.173263
298 0.409814 0.261367
299 0.0572157 0.0198754
