0 -0.761401 0.00432921
1 -0.760882 0.00513127
2 -0.763407 0.00564361
3 -0.769866 0.00462761
4 -0.770084 0.00440123
5 -0.768193 0.00455857
6 -0.767067 0.00384722
7 -0.766998 0.00385722
8 -0.764957 0.00329761
9 -0.771607 0.00340125
10 -0.768372 0.00410673
11 -0.771918 0.00480548
12 -0.772702 0.00422122
13 -0.769565 0.00383285
14 -0.771412 0.00354128
15 -0.770892 0.00460057
16 -0.771193 0.00336966
17 -0.774267 0.00343683
18 -0.774359 0.00326183
19 -0.776135 0.003352
20 -0.776175 0.00284602
21 -0.779266 0.00306546
22 -0.779144 0.00342066
23 -0.777505 0.00348964
24 -0.777504 0.00359616
25 -0.779045 0.00270598
26 -0.778785 0.00248483
27 -0.775395 0.00330908
28 -0.770958 0.00356937
29 -0.771865 0.00476687
30 -0.772934 0.00456394
31 -0.770957 0.0042744
32 -0.769496 0.00529674
33 -0.768526 0.00493188
34 -0.772989 0.00354249
35 -0.770431 0.00422868
36 -0.775398 0.00375009
37 -0.777527 0.00295282
38 -0.775993 0.00312544
39 -0.774622 0.00325332
40 -0.776993 0.00257559
41 -0.777493 0.00301046
42 -0.776709 0.00431362
43 -0.7777 0.00317319
44 -0.781868 0.00353192
45 -0.782898 0.00344121
46 -0.785459 0.00362194
47 -0.783244 0.00435376
48 -0.78488 0.00320868
49 -0.784029 0.00403826
50 -0.785506 0.00331672
51 -0.786913 0.00343969
52 -0.784604 0.00345594
53 -0.7833 0.00332326
54 -0.780814 0.00299391
55 -0.779959 0.00365052
56 -0.777585 0.00359
57 -0.778193 0.00316724
58 -0.778144 0.00309443
59 -0.774588 0.0029691
60 -0.776335 0.00296449
61 -0.777888 0.00330812
62 -0.778487 0.00398343
63 -0.778736 0.00392243
64 -0.777715 0.00352294
65 -0.779976 0.0034131
66 -0.781337 0.00284514
67 -0.782535 0.00276809
68 -0.782272 0.00297824
69 -0.778504 0.00262433
70 -0.78287 0.00286279
71 -0.780397 0.00311468
72 -0.779142 0.00232559
73 -0.777059 0.00261809
74 -0.774839 0.00317682
75 -0.775119 0.00290131
76 -0.776372 0.00264788
77 -0.777803 0.00284071
78 -0.77788 0.00241995
79 -0.780993 0.00267973
80 -0.782626 0.00318356
81 -0.78172 0.00315827
82 -0.776089 0.00363242
83 -0.774113 0.00396879
84 -0.772543 0.00458702
85 -0.774152 0.0038765
86 -0.775444 0.00275162
87 -0.778793 0.00333616
88 -0.77707 0.00438369
89 -0.774691 0.00458062
90 -0.77741 0.00392553
91 -0.777672 0.00327299
92 -0.776158 0.00379031
93 -0.775587 0.00365002
94 -0.777254 0.00385356
95 -0.778161 0.0037074
96 -0.779381 0.00410296
97 -0.779525 0.00406618
98 -0.780526 0.00373098
99 -0.779729 0.00425889
100 -0.780938 0.00409427
101 -0.779012 0.00384779
102 -0.783477 0.00372603
103 -0.781398 0.00315129
104 -0.779298 0.0031074
105 -0.776154 0.00331804
106 -0.775761 0.00292614
107 -0.772102 0.00313296
108 -0.773576 0.00266701
109 -0.778771 0.0032883
110 -0.777398 0.0034891
111 -0.77891 0.00274378
112 -0.781678 0.00326122
113 -0.780899 0.00311715
114 -0.781217 0.00268906
115 -0.779631 0.00220773
116 -0.783539 0.00265158
117 -0.782458 0.00302532
118 -0.781467 0.0032517
119 -0.779785 0.00303447
120 -0.778644 0.00295741
121 -0.779511 0.00318728
122 -0.778189 0.00301846
123 -0.779587 0.0024872
124 -0.779902 0.00261077
125 -0.781496 0.00309391
126 -0.779739 0.00280689
127 -0.783986 0.00287133
128 -0.785394 0.00284541
129 -0.786084 0.00366865
130 -0.787706 0.00343789
131 -0.788003 0.00357945
132 -0.784116 0.00332982
133 -0.785302 0.00362576
134 -0.784617 0.0040398
135 -0.783986 0.00348934
136 -0.7857 0.00268445
137 -0.784723 0.00244906
138 -0.787289 0.00210521
139 -0.785793 0.00247078
140 -0.784268 0.00251535
141 -0.784606 0.00328028
142 -0.783764 0.00352009
143 -0.783053 0.00390472
144 -0.782588 0.00306515
145 -0.783987 0.00325696
146 -0.785718 0.00395982
147 -0.783593 0.00396283
148 -0.78614 0.0036972
149 -0.785112 0.00323932
150 -0.783604 0.00305126
151 -0.784765 0.00283187
152 -0.783856 0.00294273
153 -0.78135 0.00325735
154 -0.781552 0.00260813
155 -0.785103 0.00252364
156 -0.786827 0.00241243
157 -0.787853 0.00289363
158 -0.783723 0.00285361
159 -0.784983 0.00327543
160 -0.783585 0.00367994
161 -0.785484 0.00351287
162 -0.783724 0.00255387
163 -0.783525 0.00185236
164 -0.782866 0.00238483
165 -0.78251 0.00289128
166 -0.787345 0.00345636
167 -0.789336 0.00286032
168 -0.786183 0.00293361
169 -0.783112 0.00300834
170 -0.783292 0.00352653
171 -0.78465 0.0030062
172 -0.784092 0.00288668
173 -0.783563 0.00270974
174 -0.783632 0.00279599
175 -0.78528 0.00284329
176 -0.787232 0.00260307
177 -0.787664 0.00275236
178 -0.781503 0.00336024
179 -0.782384 0.00356473
180 -0.781273 0.0031624
181 -0.778997 0.00332628
182 -0.780422 0.00339802
183 -0.781703 0.00379369
184 -0.780303 0.00343646
185 -0.783559 0.00259484
186 -0.785922 0.00329779
187 -0.783382 0.00330452
188 -0.783689 0.00255933
189 -0.782334 0.00297451
190 -0.782411 0.00302539
191 -0.782749 0.0031882
192 -0.781866 0.00299163
193 -0.781071 0.00286558
194 -0.782406 0.00287536
195 -0.782784 0.00363126
196 -0.782966 0.00360857
197 -0.78102 0.00326542
198 -0.785169 0.0032412
199 -0.784444 0.0039237
200 -0.785022 0.00341518
201 -0.782263 0.0028443
202 -0.780914 0.00264749
203 -0.781982 0.00314587
204 -0.781668 0.0033641
205 -0.780109 0.00272461
206 -0.779863 0.00284654
207 -0.776234 0.00277155
208 -0.776061 0.00263544
209 -0.776229 0.00303415
210 -0.776702 0.00328288
211 -0.777446 0.0028503
212 -0.778179 0.00319032
213 -0.780261 0.00327472
214 -0.778664 0.00352122
215 -0.776896 0.00310842
216 -0.77981 0.00315637
217 -0.775971 0.00344114
218 -0.778113 0.00378142
219 -0.779091 0.00341939
220 -0.780542 0.00315389
221 -0.784877 0.00272436
222 -0.787118 0.00262334
223 -0.785579 0.00301565
224 -0.782275 0.00341472
225 -0.783716 0.0035327
226 -0.780929 0.00345157
227 -0.781517 0.00316283
228 -0.782429 0.00313712
229 -0.780843 0.0037026
230 -0.776523 0.00340791
231 -0.778708 0.00375303
232 -0.780204 0.00373236
233 -0.778946 0.00417866
234 -0.778668 0.00309079
235 -0.780707 0.00332318
236 -0.780794 0.00344957
237 -0.783363 0.00279768
238 -0.783168 0.00299191
239 -0.781353 0.0028378
240 -0.777857 0.00373995
241 -0.777591 0.00437965
242 -0.78165 0.00445431
243 -0.779006 0.00368017
244 -0.778804 0.00347157
245 -0.782834 0.00300318
246 -0.782779 0.00235545
247 -0.782754 0.00256157
248 -0.777256 0.00262249
249 -0.779408 0.00332768
250 -0.782667 0.00379949
251 -0.785351 0.00357524
252 -0.778571 0.00375913
253 -0.781709 0.00447201
254 -0.777064 0.00520575
255 -0.778607 0.00435299
256 -0.7783 0.00525525
257 -0.781069 0.00448582
258 -0.778656 0.00476909
259 -0.778698 0.00508952
260 -0.782311 0.00429888
261 -0.783201 0.00478598
262 -0.788127 0.00557605
263 -0.785557 0.00439065
264 -0.788191 0.00443208
265 -0.784937 0.00463943
266 -0.786746 0.00490335
267 -0.791964 0.00465851
268 -0.787247 0.00481399
269 -0.787953 0.00518842
270 -0.784898 0.00566245
271 -0.779466 0.00595194
272 -0.783852 0.00499024
273 -0.783339 0.00447525
274 -0.782662 0.0048214
275 -0.778014 0.0047545
276 -0.782136 0.00398499
277 -0.778476 0.00416192
278 -0.78257 0.00372415
279 -0.785237 0.00365329
280 -0.780561 0.00369758
281 -0.779496 0.00464997
282 -0.775596 0.00453323
283 -0.774532 0.00365249
284 -0.776614 0.00392124
285 -0.777678 0.00386722
286 -0.779661 0.00382479
287 -0.775217 0.00476126
288 -0.775889 0.00498478
289 -0.77935 0.0049242
290 -0.774038 0.00458505
291 -0.766671 0.00473405
292 -0.766295 0.00574637
293 -0.765904 0.00506921
294 -0.76286 0.00518794
295 -0.76555 0.005898
296 -0.765024 0.00618819
297 -0.76294 0.00531411
298 -0.75762 0.00577353
299 -0.759083 0.00460539
