-0.498757   0.487198   -0.492991
-0.325834   -0.352488   -0.488748
0.482048   -0.344257   -0.348752
-0.335857   0.493488   -0.327122
-0.164503   -0.497168   -0.496262
-0.0012526   -0.333019   0.497864
-0.170453   -0.334641   -0.334547
0.0020377   0.49765   -0.32606
0.163543   -0.499045   0.492687
0.328777   -0.318088   0.495087
0.171447   -0.341385   -0.324694
0.321233   0.475346   -0.32268
0.499494   -0.176363   0.493463
-0.332333   -0.0136279   -0.484983
0.486264   -0.00677208   -0.322558
-0.351097   -0.194554   -0.330542
-0.179093   -0.177985   -0.4699
-0.0148134   0.0011289   -0.49196
-0.163393   -0.00273957   -0.330274
-0.00696336   -0.181883   -0.321169
0.156067   -0.166882   -0.480037
0.332849   0.00460502   -0.49558
0.133812   0.00540599   -0.328363
0.327132   -0.161182   -0.330788
-0.492898   0.132046   0.497026
-0.347504   0.318329   0.479812
0.488747   0.324063   -0.327902
-0.340048   0.163347   -0.351201
-0.184763   0.160698   0.49275
-0.0216437   0.332417   0.493679
-0.187664   0.332854   -0.337102
-5.66153e-05   0.164996   -0.326007
0.153053   0.159881   0.494623
0.334752   0.3068   0.496871
0.147783   0.313247   -0.331138
0.320039   0.160768   -0.317479
-0.499963   -0.498695   -0.17014
-0.316192   -0.352859   -0.162985
-0.491454   -0.3419   -0.00602953
-0.337804   0.49082   0.0107078
-0.165655   0.465969   -0.15957
-0.00798741   -0.353824   -0.163665
-0.15282   -0.318814   -0.00983343
-0.00690087   -0.492704   0.00845927
0.177391   0.497952   -0.14586
0.330078   -0.348159   -0.172433
0.165461   -0.33619   -0.000156414
0.318432   -0.48388   0.0289396
0.495262   -0.188021   -0.165754
-0.332715   0.00442372   -0.152125
0.499221   0.0149201   -0.00429097
-0.329481   -0.186351   0.00331424
-0.176688   -0.161709   -0.166814
0.00510699   0.00824749   -0.145585
-0.168167   0.0153844   -0.00113832
-0.00323068   -0.155535   -0.00951595
0.149332   -0.179848   -0.147919
0.300453   -0.00881757   -0.163685
0.153594   0.00836974   0.0241965
0.32801   -0.159005   -0.0140298
0.491875   0.163138   -0.171602
-0.342331   0.331222   -0.172491
0.487442   0.352657   0.0159161
-0.364323   0.186578   0.00961222
-0.18032   0.176176   -0.174042
-0.0158602   0.328238   -0.169841
-0.176151   0.316373   0.0172981
-0.0070108   0.171658   0.00245908
0.178442   0.167835   -0.142072
0.331766   0.344179   -0.140307
0.153816   0.341103   0.00145029
0.311746   0.168498   0.0175222
0.495723   -0.494725   0.177131
-0.328617   -0.328552   0.174783
-0.491089   -0.321977   0.322609
-0.336463   -0.496012   0.327046
-0.178606   -0.482048   0.144332
-0.0161637   -0.342642   0.179683
-0.171416   -0.336813   0.333822
-0.00286285   0.495974   0.342659
0.167343   -0.48052   0.19786
0.325582   -0.312881   0.168058
0.179154   -0.319703   0.345661
0.33801   -0.467265   0.332187
0.485627   -0.170209   0.152499
-0.357246   -0.00992293   0.151763
0.489403   -0.0175574   0.324891
-0.332921   -0.164061   0.333495
-0.153724   -0.178742   0.158449
-0.0244099   -0.00269194   0.186302
-0.178317   -0.0217239   0.336728
-0.0171026   -0.157411   0.357205
0.129515   -0.171337   0.173451
0.327062   -0.0136304   0.150621
0.152745   -0.009757   0.345123
0.326531   -0.154538   0.335694
0.481573   0.175046   0.170407
-0.354078   0.337011   0.18714
0.483149   0.332698   0.343416
-0.342507   0.134656   0.32471
-0.179441   0.173433   0.172623
-0.0124582   0.359837   0.173209
-0.171499   0.343852   0.327229
-0.0152021   0.15633   0.338477
0.130986   0.163859   0.178553
0.318031   0.347446   0.179637
0.133808   0.322685   0.315795
0.30867   0.154811   0.328747
