98.6298
98.7135
98.791
98.8622
98.9272
98.9862
99.0392
99.0862
99.1275
99.1631
99.1931
99.2176
99.2368
99.2509
99.26
99.2641
99.2634
99.258
99.2482
99.2342
99.2159
99.1938
99.1678
99.1382
99.105
99.0686
99.0289
98.9863
98.9409
98.8931
98.8429
98.7905
98.7361
98.6799
98.622
98.5626
98.5021
98.4406
98.3781
98.315
98.2513
98.1873
98.1232
98.0592
97.9955
97.9324
97.87
97.8084
97.7479
97.6886
97.6306
97.5739
97.5187
97.4651
97.4133
97.3635
97.3158
97.2702
97.2268
97.1855
97.1467
97.1105
97.0766
97.0452
97.0164
96.99
96.9662
96.9449
96.926
96.9095
96.8954
96.8835
96.8738
96.8661
96.8602
96.8561
96.8535
96.8522
96.852
96.8527
96.854
96.8558
96.8578
96.8599
96.8618
96.8632
96.8639
96.8636
96.8621
96.859
96.8543
96.8476
96.8386
96.827
96.8126
96.7951
96.7742
96.7496
96.7211
96.6884
96.6514
96.6099
96.5634
96.5118
96.4551
96.3931
96.3256
96.2525
96.1737
96.0892
95.9987
95.9025
95.8004
95.6925
95.5787
95.459
95.3336
95.2025
95.0659
94.9238
94.7765
94.6241
94.4669
94.3049
94.1385
93.9678
93.7933
93.6154
93.434
93.2496
93.0626
92.8733
92.6819
92.489
92.2949
92.0997
91.9039
91.7077
91.5115
91.3158
91.1208
90.927
90.7347
90.5443
90.3559
90.1698
89.9862
89.8055
89.6277
89.4533
89.2823
89.1151
88.9518
88.7925
88.6373
88.4864
88.3399
88.198
88.0606
87.9279
87.7998
87.6763
87.5575
87.4432
87.3336
87.2286
87.1281
87.0322
86.9407
86.8537
86.7711
86.6928
86.6187
86.5486
86.4825
86.4202
86.3616
86.3066
86.2552
86.2071
86.1623
86.1206
86.0821
86.0465
86.0136
85.9834
85.9558
85.9307
85.9079
85.8874
85.869
85.8525
85.8381
85.8256
85.8148
85.8058
85.7984
85.7926
85.7884
85.7855
85.7839
85.7835
85.7842
85.7859
85.7886
85.7921
85.7965
85.8017
85.8077
85.8144
85.8218
85.8298
85.8384
85.8475
85.857
85.8669
85.8774
85.8883
85.8995
85.9109
85.9226
85.9345
85.9466
85.9589
85.9715
85.9842
85.9971
86.0102
86.0234
86.0368
86.0503
86.0641
86.0782
86.0925
86.1072
86.1222
86.1376
86.1532
86.1694
86.1859
86.2029
86.2204
86.2386
86.2575
86.2771
86.2976
86.3189
86.3413
86.3648
86.3895
86.4153
86.4424
86.4709
86.5009
86.5326
86.5659
86.6009
86.6379
86.6768
86.7177
86.7607
86.8061
86.8539
86.9039
86.9564
87.0115
87.0692
87.1295
87.1927
87.2587
87.3276
87.3995
87.4744
87.5522
87.6331
87.7169
87.804
87.8942
87.9876
88.084
88.1836
88.2864
88.3922
88.5011
88.6129
88.7278
88.8456
88.9663
89.0895
89.2154
89.3437
89.4744
89.6073
89.7423
89.8794
90.0184
90.159
90.301
90.4444
90.5889
90.7343
90.8806
91.0274
91.1745
91.3218
91.4691
91.6161
91.7627
91.9085
92.0533
92.197
92.3392
92.4798
92.6184
92.755
92.8891
93.0207
93.1495
93.2754
93.3981
93.5173
93.6329
93.7448
93.8525
93.956
94.055
94.1494
94.2389
94.3234
94.4028
94.477
94.5456
94.6086
94.666
94.7175
94.7631
94.8026
94.8359
94.8631
94.8841
94.8988
94.9072
94.9092
94.9048
94.894
94.8768
94.8532
94.8233
94.7871
94.7447
94.6961
94.6414
94.5807
94.5142
94.4417
94.3637
94.2803
94.1915
94.0974
93.9981
93.8941
93.7852
93.6718
93.554
93.4321
93.3062
93.1764
93.0431
92.9064
92.7666
92.6239
92.4786
92.3309
92.1809
92.0289
91.8751
91.7199
91.5632
91.4054
91.2467
91.0875
90.9279
90.7679
90.6079
90.448
90.2885
90.1295
89.9714
89.8143
89.6584
89.5038
89.3506
89.1991
89.0493
88.9012
88.7552
88.6113
88.4696
88.3301
88.1931
88.0585
87.9264
87.797
87.6703
87.5462
87.4248
87.3061
87.1901
87.0768
86.9663
86.8586
86.7535
86.651
86.551
86.4537
86.359
86.2669
86.1773
86.09
86.005
85.9222
85.8414
85.7628
85.6862
85.6114
85.5386
85.4674
85.3981
85.3303
85.264
85.1992
85.1359
85.0738
85.0131
84.9535
84.895
84.8375
84.7811
84.726
84.6718
84.6187
84.5666
84.5154
84.4651
84.4158
84.3672
84.3197
84.2731
84.2275
84.1831
84.1399
84.098
84.0575
84.0181
83.9801
83.9435
83.9083
83.8748
83.843
83.813
83.7848
83.7586
83.7345
83.7124
83.6926
83.675
83.6598
83.6473
83.6374
83.6302
83.6259
83.6243
83.6258
83.6302
83.6378
83.6485
83.6627
83.6801
83.701
83.7252
83.7529
83.7839
83.8185
83.8566
83.8983
83.9435
83.9922
84.0444
84.1001
84.159
84.2213
84.2869
84.3558
84.4277
84.5026
84.5804
84.6611
84.7446
84.8307
84.9192
85.0101
85.1029
85.1976
85.2941
85.3923
85.4918
85.5925
85.6943
85.7968
85.9
86.0035
86.1074
86.2111
86.3147
86.4178
86.5204
86.622
86.7227
86.8221
86.92
87.0163
87.1108
87.2033
87.2937
87.3818
87.4675
87.5507
87.6312
87.7088
87.7835
87.8552
87.9237
87.9891
88.0512
88.1099
88.1653
88.2172
88.2657
88.3108
88.3524
88.3906
88.4254
88.4568
88.4847
88.5093
88.5304
88.5483
88.5629
88.5744
88.5829
88.5886
88.5914
88.5916
88.5893
88.5845
88.5775
88.5684
88.5576
88.545
88.5306
88.5148
88.4975
88.4791
88.4598
88.4397
88.419
88.3978
88.3764
88.3547
88.333
88.3115
88.2904
88.2699
88.2501
88.2311
88.213
88.1962
88.1806
88.1665
88.154
88.1433
88.1345
88.1279
88.1236
88.1217
88.1223
88.1255
88.1314
88.1402
88.152
88.1668
88.1847
88.2059
88.2303
88.2581
88.2893
88.3239
88.3622
88.4039
88.4495
88.4988
88.5516
88.6082
88.6684
88.7324
88.8
88.8713
88.9462
89.0247
89.107
89.1928
89.282
89.3746
89.4706
89.5698
89.6722
89.7778
89.8864
89.9979
90.1123
90.2294
90.3492
90.4715
90.5963
90.7234
90.8529
90.9844
91.1179
91.2535
91.3909
91.5297
91.67
91.8114
91.9538
92.097
92.241
92.3855
92.5302
92.675
92.8198
92.9644
93.1086
93.2525
93.3957
93.538
93.6795
93.8196
93.9583
94.0954
94.2307
94.3644
94.496
94.6255
94.7526
94.8773
94.9992
95.1183
95.2347
95.3479
95.4579
95.5646
95.6678
95.7675
95.8635
95.9559
96.0444
96.1292
96.21
96.2868
96.3596
96.4282
96.4927
96.553
96.6091
96.6611
96.709
96.7531
96.7931
96.8291
96.8612
96.8893
96.9135
96.9339
96.9504
96.9632
96.9724
96.9781
96.9804
96.9791
96.9745
96.9667
96.9559
96.9421
96.9254
96.9059
96.8837
96.8591
96.8322
96.8032
96.7722
96.7391
96.7042
96.6675
96.6294
96.5897
96.5486
96.5062
96.4626
96.4181
96.3728
96.3268
96.2803
96.2332
96.1858
96.1381
96.0901
96.042
95.994
95.9461
95.8982
95.8507
95.8035
95.7567
95.7104
95.6647
95.6197
95.5753
95.5316
95.4888
95.4468
95.4057
95.3655
95.3263
95.288
95.2509
95.2148
95.1797
95.1458
95.1128
95.0808
95.0498
95.0199
94.9909
94.9629
94.936
94.9101
94.8851
94.8611
94.8379
94.8156
94.7942
94.7736
94.7538
94.7348
94.7164
94.6984
94.6811
94.6643
94.648
94.6322
94.6169
94.602
94.5873
94.5728
94.5586
94.5446
94.5306
94.5168
94.5029
94.4892
94.4756
94.4618
94.4479
94.4336
94.4191
94.4041
94.3888
94.3731
94.357
94.3403
94.3231
94.3054
94.2872
94.2685
94.2493
94.2296
94.2095
94.1889
94.1678
94.1461
94.1239
94.1011
94.0778
94.054
94.0297
94.005
93.98
93.9545
93.9288
93.9029
93.8765
93.8498
93.823
93.7959
93.7687
93.7414
93.7141
93.6867
93.6594
93.6321
93.6049
93.578
93.5512
93.5246
93.4983
93.4722
93.4465
93.4212
93.3964
93.372
93.3481
93.3248
93.3021
93.2801
93.2586
93.2377
93.2174
93.1978
93.1788
93.1605
93.1428
93.1258
93.1095
93.0939
93.0792
93.0651
93.0517
93.039
93.027
93.0157
93.0051
92.9952
92.9859
92.9771
92.9689
92.9612
92.9541
92.9476
92.9416
92.936
92.931
92.9264
92.9224
92.9189
92.9158
92.9132
92.911
92.9094
92.9082
92.9073
92.9067
92.9065
92.9066
92.9069
92.9075
92.9083
92.9094
92.9108
92.9124
92.914
92.9156
92.9173
92.9191
92.9208
92.9224
92.9238
92.925
92.9259
92.9266
92.927
92.9269
92.9262
92.9249
92.9227
92.9198
92.9159
92.911
92.9049
92.8977
92.8892
92.8791
92.8676
92.8544
92.8395
92.8229
92.8044
92.7839
92.7612
92.7363
92.7091
92.6796
92.6475
92.6127
92.5753
92.535
92.4918
92.4457
92.3965
92.3443
92.289
92.2304
92.1687
92.1039
92.036
91.9648
91.8904
91.8129
91.7321
91.6483
91.5614
91.4712
91.3779
91.2815
91.1822
91.08
90.9748
90.8669
90.7565
90.6435
90.5281
90.4104
90.2905
90.1685
90.0447
89.919
89.7917
89.663
89.533
89.4018
89.2697
89.1367
89.0033
88.8694
88.7352
88.601
88.4669
88.3331
88.1997
88.0671
87.9352
87.8044
87.6747
87.5462
87.4193
87.294
87.1705
87.049
86.9295
86.8123
86.6974
86.5851
86.4754
86.3685
86.2644
86.1632
86.065
85.9698
85.8776
85.7886
85.7028
85.6203
85.5409
85.4648
85.3918
85.3221
85.2555
85.1919
85.1314
85.0739
85.0194
84.9677
84.9188
84.8726
84.8289
84.7878
84.7491
84.7127
84.6783
84.6459
84.6152
84.5862
84.5587
84.5325
84.5073
84.4832
84.46
84.4376
84.4158
84.3944
84.3734
84.3526
84.3319
84.3113
84.2906
84.2696
84.2485
84.2272
84.2057
84.1838
84.1613
84.1384
84.1149
84.0908
84.0662
84.041
84.0153
83.9891
83.9623
83.9351
83.9075
83.8796
83.8516
83.8235
83.7956
83.7679
83.7404
83.7134
83.687
83.6614
83.6365
83.6128
83.5903
83.5692
83.5498
83.5322
83.5165
83.503
83.4918
83.4831
83.4771
83.4741
83.4742
83.4776
83.4846
83.4953
83.5099
83.5285
83.5514
83.5787
83.6105
83.647
83.6883
83.7345
83.7857
83.842
83.9033
83.97
84.042
84.1193
84.2019
84.2898
84.3831
84.4817
84.5855
84.6944
84.8086
84.9278
85.0519
85.1809
85.3146
85.453
85.5959
85.743
85.8943
86.0495
86.2083
86.3707
86.5363
86.7051
86.8767
87.051
87.2278
87.4068
87.5876
87.7702
87.9542
88.1395
88.3255
88.5122
88.6992
88.8865
89.0735
89.2601
89.4461
89.6311
89.815
89.9975
90.1786
90.3581
90.5355
90.7109
90.884
91.0545
91.2223
91.3871
91.5491
91.7079
91.8634
92.0155
92.1639
92.3086
92.4495
92.5867
92.7201
92.8494
92.9748
93.096
93.2131
93.326
93.4346
93.539
93.6393
93.7354
93.8274
93.9153
93.999
94.0786
94.1543
94.226
94.2938
94.358
94.4185
94.4753
94.5285
94.5782
94.6245
94.6674
94.7071
94.7435
94.7769
94.8073
94.8348
94.8597
94.882
94.9017
94.919
94.9341
94.947
94.9581
94.9673
94.9747
94.9805
94.9846
94.9874
94.9889
94.9892
94.9884
94.9867
94.9842
94.9809
94.9769
94.9723
94.9673
94.9618
94.9559
94.9497
94.9433
94.9366
94.9299
94.9232
94.9164
94.9096
94.9028
94.8961
94.8895
94.8829
94.8764
94.8699
94.8635
94.8571
94.8508
94.8444
94.838
94.8314
94.8246
94.8175
94.8102
94.8026
94.7945
94.786
94.7768
94.767
94.7564
94.745
94.7328
94.7198
94.7057
94.6907
94.6744
94.6569
94.638
94.6178
94.5961
94.573
94.5485
94.5224
94.4947
94.4652
94.4338
94.4008
94.3659
94.3291
94.2904
94.2498
94.2074
94.1631
94.117
94.0691
94.0193
93.9677
93.9142
93.8591
93.8022
93.7437
93.6835
93.622
93.5591
93.4949
93.4294
93.3627
93.295
93.2264
93.1569
93.0868
93.016
92.9447
92.873
92.8011
92.7291
92.6573
92.5857
92.5146
92.4439
92.3738
92.3044
92.236
92.1686
92.1026
92.0381
91.9753
91.9142
91.8549
91.7976
91.7424
91.6894
91.6388
91.5906
91.545
91.5021
91.4619
91.4245
91.3902
91.3588
91.3304
91.3051
91.283
91.2639
91.248
91.2352
91.2254
91.2187
91.2151
91.2146
91.217
91.2224
91.2306
91.2416
91.2552
91.2714
91.29
91.3107
91.3336
91.3584
91.385
91.4134
91.4433
91.4747
91.5072
91.5408
91.5753
91.6106
91.6463
91.6824
91.7186
91.7549
91.791
91.8268
91.8618
91.8959
91.929
91.9609
91.9914
92.0204
92.0478
92.0733
92.0967
92.1178
92.1366
92.1529
92.1665
92.1774
92.1856
92.191
92.1934
92.1929
92.1892
92.1823
92.172
92.1583
92.1412
92.1207
92.0967
92.0692
92.0384
92.0043
91.9668
91.9261
91.8822
91.8352
91.7851
91.7323
91.6768
91.6187
91.5581
91.4951
91.4302
91.3633
91.2948
91.2247
91.1534
91.081
91.0079
90.9342
90.8601
90.786
90.7121
90.6386
90.5659
90.4942
90.4237
90.3548
90.2876
90.2225
90.1597
90.0993
90.0418
89.9874
89.9361
89.8881
89.8436
89.8028
89.7659
89.733
89.7042
89.6797
89.6597
89.6442
89.6332
89.627
89.6256
89.629
89.6373
89.6504
89.6685
89.6915
89.7192
89.7517
89.7888
89.8305
89.8769
89.9276
89.9828
90.0422
90.1058
90.1734
90.2448
90.3201
90.399
90.4813
90.5671
90.656
90.7479
90.8425
90.9397
91.0395
91.1415
91.2456
91.3515
91.4592
91.5685
91.6793
91.7913
91.9042
92.018
92.1325
92.2474
92.3626
92.4778
92.593
92.708
92.8225
92.9364
93.0495
93.1618
93.273
93.383
93.4916
93.5985
93.7037
93.8069
93.9082
94.0074
94.1044
94.1988
94.2906
94.3797
94.466
94.5493
94.6296
94.7067
94.7806
94.8512
94.9183
94.982
95.0421
95.0986
95.1513
95.2002
95.2453
95.2864
95.3236
95.3567
95.3859
95.4109
95.4318
95.4485
95.461
95.4693
95.4734
95.4732
95.469
95.4605
95.4479
95.431
95.41
95.3848
95.3555
95.3222
95.2848
95.2433
95.1978
95.1484
95.0952
95.0381
94.9775
94.9131
94.8451
94.7736
94.6987
94.6205
94.5393
94.4551
94.3679
94.278
94.1853
94.0901
93.9924
93.8924
93.7903
93.6861
93.58
93.4721
93.3627
93.2518
93.1395
93.026
92.9114
92.7959
92.6795
92.5626
92.4453
92.3276
92.2099
92.0921
91.9745
91.8571
91.7401
91.6237
91.508
91.3932
91.2792
91.1663
91.0545
90.944
90.835
90.7276
90.6218
90.5177
90.4155
90.3153
90.2171
90.1212
90.0276
89.9365
89.8477
89.7615
89.678
89.5972
89.5191
89.4439
89.3716
89.3024
89.2362
89.1731
89.1132
89.0566
89.0033
88.9534
88.9069
88.8638
88.8241
88.7879
88.7552
88.7261
88.7006
88.6788
88.6604
88.6457
88.6345
88.6269
88.6228
88.6222
88.6251
88.6313
88.6409
88.6538
88.6698
88.6891
88.7115
88.7368
88.7651
88.7963
88.8303
88.8669
88.9061
88.9477
88.9916
89.0378
89.0862
89.1367
89.1892
89.2436
89.2998
89.3575
89.4165
89.4767
89.538
89.6002
89.6631
89.7266
89.7905
89.8546
89.9189
89.983
90.0469
90.1104
90.1734
90.2358
90.2973
90.3577
90.417
90.4749
90.5313
90.5861
90.6391
90.6902
90.739
90.7856
90.8297
90.8713
90.9102
90.9465
90.9798
91.0101
91.0371
91.0609
91.0812
91.0981
91.1114
91.1211
91.127
91.1291
91.1273
91.1215
91.1117
91.0979
91.0803
91.0589
91.0334
91.004
90.9706
90.9334
90.8923
90.8474
90.7988
90.7465
90.6906
90.6312
90.5684
90.5023
90.4331
90.3609
90.2858
90.208
90.1277
90.0451
89.9602
89.8733
89.7847
89.6944
89.6025
89.5093
89.4149
89.3196
89.2233
89.1265
89.0292
88.9316
88.8339
88.7363
88.6391
88.5423
88.4462
88.3509
88.2565
88.1632
88.0712
87.9806
87.8917
87.8046
87.7197
87.6369
87.5565
87.4785
87.4032
87.3306
87.261
87.1944
87.131
87.071
87.0143
86.9611
86.9116
86.8657
86.8238
86.7858
86.7519
86.7221
86.6967
86.6756
86.6589
86.6467
86.6391
86.6361
86.6377
86.6438
86.6547
86.6702
86.6904
86.7153
86.7449
86.7791
86.818
86.8615
86.9095
86.9619
87.0186
87.0795
87.1445
87.2137
87.2869
87.3637
87.4442
87.5282
87.6154
87.7058
87.7991
87.8952
87.9941
88.0953
88.1986
88.3039
88.411
88.5195
88.6293
88.7401
88.8518
88.9642
89.0769
89.1898
89.3026
89.4151
89.527
89.6381
89.7481
89.8569
89.9644
90.0703
90.1743
90.2764
90.3762
90.4736
90.5683
90.6601
90.7489
90.8345
90.9168
90.9956
91.0707
91.142
91.2093
91.2725
91.3316
91.3863
91.4366
91.4823
91.5234
91.56
91.5919
91.619
91.6413
91.6587
91.6711
91.6786
91.681
91.6785
91.6708
91.6583
91.641
91.6187
91.5914
91.5593
91.5224
91.4808
91.4347
91.3841
91.3291
91.2697
91.2062
91.1387
91.0674
90.9924
90.9137
90.8316
90.7464
90.6579
90.5667
90.4728
90.3766
90.2782
90.1778
90.0757
89.972
89.867
89.7608
89.6537
89.546
89.4379
89.3296
89.2215
89.1139
89.0068
88.9005
88.7953
88.6915
88.5892
88.4887
88.3903
88.2944
88.201
88.1105
88.023
87.9387
87.858
87.781
87.7079
87.6391
87.5747
87.5148
87.4596
87.4092
87.3638
87.3235
87.2885
87.2588
87.2348
87.2164
87.2036
87.1965
87.195
87.1991
87.2089
87.2244
87.2455
87.2722
87.3043
87.342
87.385
87.4332
87.4867
87.5451
87.6082
87.676
87.7484
87.825
87.9058
87.9904
88.0785
88.17
88.2645
88.3618
88.4616
88.5635
88.6673
88.7728
88.8796
88.9873
89.0955
89.204
89.3124
89.4204
89.5276
89.6336
89.7382
89.841
89.9418
90.0402
90.1359
90.2288
90.3184
90.4045
90.487
90.5654
90.6395
90.7091
90.774
90.8341
90.8892
90.9391
90.9837
91.0229
91.0565
91.0844
91.1065
91.1227
91.133
91.1374
91.1357
91.1281
91.1144
91.0947
91.0691
91.0375
91.0002
90.9572
90.9086
90.8546
90.7953
90.7309
90.6616
90.5875
90.5089
90.4259
90.3387
90.2477
90.153
90.055
89.954
89.8503
89.744
89.6356
89.5253
89.4135
89.3005
89.1867
89.0723
88.9578
88.8435
88.7296
88.6165
88.5046
88.3942
88.2856
88.179
88.0748
87.9734
87.875
87.7798
87.6879
87.5998
87.5157
87.4358
87.3602
87.2891
87.2228
87.1615
87.1053
87.0543
87.0087
86.9686
86.9339
86.9049
86.8814
86.8638
86.8519
86.8458
86.8454
86.8508
86.862
86.8787
86.9011
86.9291
86.9627
87.0017
87.046
87.0956
87.1504
87.2101
87.2747
87.344
87.4179
87.4961
87.5786
87.6654
87.7562
87.8507
87.9489
88.0507
88.1557
88.2639
88.375
88.489
88.6058
88.7252
88.847
88.971
89.0968
89.2245
89.3538
89.4845
89.6164
89.7494
89.8833
90.0181
90.1535
90.2893
90.4252
90.561
90.6966
90.8319
90.9667
91.1009
91.2342
91.3664
91.4973
91.6268
91.7547
91.8809
92.0053
92.1275
92.2476
92.3653
92.4806
92.5934
92.7036
92.8111
92.9157
93.0175
93.1163
93.212
93.3045
93.3939
93.48
93.5628
93.6422
93.7182
93.7907
93.8597
93.9251
93.9869
94.0451
94.0999
94.1511
94.1987
94.2427
94.2831
94.32
94.3534
94.3833
94.4097
94.4327
94.4523
94.4683
94.481
94.4902
94.4961
94.4988
94.4983
94.4945
94.4875
94.4775
94.4645
94.4486
94.4297
94.4079
94.3834
94.3561
94.3261
94.2934
94.258
94.22
94.1797
94.137
94.0922
94.0451
93.9959
93.9446
93.8912
93.8359
93.7789
93.7202
93.6599
93.5982
93.5351
93.4707
93.4053
93.3389
93.2715
93.2033
93.1344
93.065
92.9951
92.9249
92.8546
92.7843
92.7141
92.6439
92.574
92.5045
92.4354
92.3668
92.299
92.2318
92.1654
92.0999
92.0353
91.9716
91.9091
91.8476
91.7871
91.7278
91.6696
91.6128
91.5571
91.5027
91.4496
91.3977
91.3471
91.2978
91.2497
91.2028
91.1572
91.1129
91.0698
91.0279
90.9873
90.9479
90.9097
90.8726
90.8367
90.8018
90.768
90.7353
90.7036
90.6729
90.6432
90.6147
90.5872
90.5608
90.5356
90.5115
90.4886
90.4671
90.4469
90.428
90.4104
90.3941
90.3793
90.3659
90.3541
90.3439
90.3352
90.3283
90.3231
90.3197
90.3181
90.3183
90.3203
90.3242
90.3301
90.3379
90.3478
90.3598
90.3738
90.3899
90.4081
90.4284
90.4508
90.4752
90.5016
90.53
90.5605
90.5928
90.627
90.6631
90.7009
90.7405
90.7816
90.824
90.8678
90.9128
90.959
91.0063
91.0545
91.1034
91.1529
91.2027
91.2529
91.3032
91.3535
91.4036
91.4532
91.5023
91.5506
91.5978
91.6439
91.6886
91.7317
91.7732
91.8129
91.8503
91.8854
91.9179
91.9478
91.9748
91.9987
92.0194
92.0367
92.0506
92.0608
92.0672
92.0698
92.0684
92.063
92.0535
92.0398
92.0217
91.9993
91.9727
91.9416
91.9063
91.8668
91.823
91.7751
91.7231
91.6671
91.6072
91.5434
91.4759
91.4047
91.3301
91.2523
91.1715
91.0877
91.0012
90.9123
90.8212
90.7283
90.6336
90.5375
90.4403
90.3422
90.2435
90.1444
90.0453
89.9464
89.848
89.7502
89.6533
89.5576
89.4632
89.3706
89.2798
89.1912
89.1049
89.0212
88.9401
88.8618
88.7867
88.7148
88.646
88.5806
88.5187
88.4603
88.4053
88.3539
88.3061
88.2618
88.221
88.1837
88.1497
88.119
88.0915
88.0671
88.0458
88.0275
88.012
87.9992
87.989
87.9812
87.9757
87.9722
87.9706
87.9708
87.9725
87.9756
87.98
87.9857
87.9926
88.0004
88.0089
88.018
88.0276
88.0377
88.0483
88.0592
88.0703
88.0815
88.0928
88.1042
88.1155
88.1268
88.138
88.1491
88.1601
88.1711
88.1822
88.1934
88.2046
88.2159
88.2273
88.239
88.251
88.2633
88.276
88.2891
88.3025
88.3165
88.3311
88.3463
88.3622
88.3789
88.3963
88.4146
88.4337
88.4537
88.4745
88.4961
88.5187
88.5421
88.5662
88.5911
88.6168
88.6433
88.6704
88.6982
88.7266
88.7555
88.785
88.8149
88.8453
88.8761
88.9073
88.9387
88.9704
89.0021
89.0341
89.0662
89.0983
89.1304
89.1627
89.1951
89.2274
89.2596
89.2917
89.3239
89.356
89.3881
89.4202
89.4524
89.4848
89.5173
89.5503
89.5838
89.6178
89.6527
89.6882
89.7246
89.7621
89.8008
89.8407
89.8821
89.9253
89.9703
90.0173
90.0664
90.1179
90.1717
90.2282
90.2876
90.35
90.4154
90.4841
90.5563
90.6322
90.712
90.7958
90.8838
90.976
91.0727
91.1739
91.2798
91.3905
91.5061
91.6266
91.7522
91.8829
92.0186
92.1593
92.3052
92.4562
92.6122
92.7732
92.9391
93.1098
93.2854
93.4655
93.6501
93.839
94.0319
94.2288
94.4294
94.6336
94.841
95.0514
95.2646
95.4802
95.6979
95.9175
96.1385
96.3607
96.5838
96.8075
97.0313
97.2549
97.4779
97.7001
97.9211
98.1405
98.3581
98.5734
98.786
98.9956
99.2018
99.4044
99.603
99.7972
99.9867
100.171
100.35
100.524
100.692
100.854
101.009
101.159
101.301
101.437
101.565
101.686
101.8
101.907
102.006
102.097
102.18
102.255
102.322
102.382
102.432
102.475
102.509
102.535
102.554
102.564
102.566
102.56
102.546
102.524
102.494
102.456
102.411
102.359
102.299
102.232
102.157
102.076
101.988
101.893
101.791
101.684
101.57
101.45
101.324
101.193
101.057
100.915
100.768
100.616
100.46
100.299
100.135
99.9658
99.7932
99.6169
99.4371
99.254
99.0682
98.8795
98.6882
98.4946
98.2987
98.1007
97.9005
97.6985
97.4947
97.2892
97.0823
96.874
96.6646
96.454
96.2426
96.0304
95.8174
95.6039
95.3898
95.1753
94.9605
94.7454
94.5302
94.3149
94.0996
93.8844
93.6695
93.4547
93.2405
93.027
92.814
92.6017
92.39
92.1791
91.9691
91.76
91.552
91.345
91.1392
90.9347
90.7315
90.5297
90.3294
90.1308
89.9339
89.739
89.5461
89.3553
89.1669
88.9809
88.7974
88.6166
88.4385
88.2634
88.0914
87.9227
87.7573
87.5955
87.4374
87.2832
87.1331
86.9871
86.8453
86.7081
86.5756
86.4479
86.3253
86.2078
86.0956
85.9889
85.8877
85.7921
85.7025
85.6189
85.5415
85.4704
85.4055
85.3472
85.2954
85.2505
85.2123
85.181
85.1566
85.1392
85.1287
85.1252
85.1289
85.1399
85.158
85.1834
85.216
85.2557
85.3026
85.3565
85.4175
85.4854
85.5603
85.6419
85.7302
85.8249
85.926
86.0334
86.1467
86.266
86.391
86.5216
86.6575
86.7986
86.9446
87.0954
87.2507
87.4101
87.5734
87.7402
87.9101
88.083
88.2584
88.4361
88.6157
88.7968
88.9791
89.1623
89.346
89.5297
89.7133
89.8962
90.0782
90.259
90.4381
90.6153
90.7901
90.9623
91.1317
91.2978
91.4605
91.6194
91.7743
91.9251
92.0716
92.2134
92.3504
92.4823
92.609
92.7303
92.8461
92.9565
93.0613
93.1604
93.2538
93.3416
93.4237
93.5003
93.5712
93.6367
93.6969
93.7519
93.8018
93.8467
93.8868
93.9225
93.9538
93.9808
94.0038
94.023
94.0385
94.0508
94.0599
94.0661
94.0695
94.0703
94.0688
94.0651
94.0596
94.0524
94.0435
94.0334
94.0219
94.0094
93.9959
93.9816
93.9666
93.9511
93.9351
93.9187
93.902
93.885
93.8678
93.8504
93.8329
93.8152
93.7972
93.779
93.7604
93.7415
93.7221
93.7021
93.6815
93.6603
93.6384
93.6155
93.5917
93.5668
93.5406
93.5132
93.4844
93.454
93.4221
93.3884
93.3528
93.3154
93.2758
93.2341
93.1901
93.1437
93.0951
93.0439
92.9903
92.9341
92.8752
92.8136
92.7493
92.6822
92.6125
92.5401
92.465
92.3871
92.3067
92.2238
92.1383
92.0504
91.9602
91.8677
91.7733
91.677
91.5789
91.4792
91.3779
91.2755
91.1718
91.0671
90.9615
90.8555
90.7491
90.6426
90.5361
90.43
90.3245
90.2198
90.1163
90.0142
89.9136
89.8149
89.7182
89.6239
89.5323
89.4435
89.358
89.276
89.1977
89.1236
89.0538
88.9885
88.928
88.8724
88.822
88.7771
88.7378
88.7042
88.6766
88.6552
88.6402
88.6317
88.63
88.635
88.6469
88.6657
88.6916
88.7247
88.7652
88.8129
88.868
88.9305
89.0004
89.0777
89.1623
89.2542
89.3533
89.4595
89.5729
89.6933
89.8204
89.9542
90.0944
90.2411
90.3938
90.5523
90.7166
90.8864
91.0615
91.2415
91.4263
91.6157
91.8091
92.0063
92.207
92.4108
92.6175
92.8268
93.0383
93.2517
93.4666
93.6825
93.8991
94.1161
94.333
94.5494
94.7652
94.9798
95.193
95.4042
95.6132
95.8195
96.0226
96.2224
96.4183
96.6101
96.7972
96.9795
97.1567
97.3284
97.4944
97.6542
97.8076
97.9543
98.0941
98.2266
98.3518
98.4693
98.5787
98.68
98.7728
98.857
98.9324
98.9987
99.0559
99.1039
99.1426
99.1718
99.1912
99.2008
99.2006
99.1904
99.1702
99.1402
99.1001
99.0499
98.9897
98.9194
98.839
98.7486
98.6484
98.5383
98.4184
98.2888
98.1496
98.0011
97.8432
97.6761
97.5
97.315
97.1215
96.9195
96.7092
96.491
96.265
96.0314
95.7907
95.5429
95.2884
95.0276
94.7606
94.4879
94.2098
93.9268
93.6391
93.3471
93.0512
92.7519
92.4494
92.1443
91.837
91.5279
91.2175
90.9061
90.594
90.2816
89.9694
89.6577
89.347
89.0378
88.7306
88.4257
88.1234
87.8241
87.5283
87.2363
86.9485
86.6652
86.3867
86.1135
85.8459
85.5842
85.3287
85.0797
84.8376
84.6025
84.3749
84.1548
83.9426
83.7385
83.5428
83.3556
83.1771
83.0075
82.8468
82.6952
82.5528
82.4197
82.2959
82.1814
82.0764
81.981
81.895
81.8185
81.7517
81.6943
81.6464
81.6076
81.5781
81.5578
81.5465
81.544
81.5503
81.5651
81.5883
81.6199
81.6595
81.707
81.7623
81.8251
81.8953
81.9726
82.057
82.1482
82.2457
82.3495
82.4593
82.5749
82.6961
82.8228
82.9545
83.0911
83.2325
83.3783
83.5285
83.6826
83.8406
84.0021
84.1669
84.3349
84.5059
84.6796
84.8559
85.0344
85.215
85.3973
85.5812
85.7666
85.9532
86.1408
86.3291
86.518
86.7072
86.8965
87.0858
87.2747
87.4631
87.6507
87.8374
88.023
88.2071
88.3897
88.5705
88.7495
88.9264
89.101
89.2729
89.4421
89.6084
89.7714
89.9309
90.0868
90.2387
90.3867
90.5305
90.6697
90.8045
90.9347
91.0599
91.1799
91.2947
91.4042
91.5082
91.6066
91.6994
91.7863
91.8674
91.9427
92.012
92.0753
92.1326
92.1839
92.2291
92.2684
92.3017
92.3291
92.3508
92.3666
92.3767
92.3812
92.3801
92.3736
92.3617
92.3446
92.3224
92.2953
92.2635
92.2271
92.1864
92.1415
92.0927
92.0401
91.984
91.9245
91.8619
91.7965
91.7286
91.6583
91.5857
91.5111
91.4347
91.3568
91.2776
91.1973
91.1162
91.0344
90.9523
90.87
90.7877
90.7058
90.6244
90.5438
90.4642
90.3856
90.3084
90.2328
90.1589
90.087
90.017
89.9493
89.8839
89.8211
89.7608
89.7033
89.6488
89.597
89.5483
89.5026
89.46
89.4207
89.3845
89.3515
89.3217
89.2951
89.2717
89.2514
89.2343
89.2203
89.2094
89.2015
89.1966
89.1945
89.1954
89.199
89.2055
89.2145
89.226
89.2399
89.2562
89.2746
89.2951
89.3176
89.342
89.3682
89.3959
89.4251
89.4557
89.4876
89.5206
89.5546
89.5894
89.6251
89.6614
89.6983
89.7357
89.7734
89.8112
89.8491
89.8869
89.9248
89.9625
89.9998
90.0366
90.0728
90.1084
90.1432
90.1772
90.2102
90.2424
90.2735
90.3035
90.3321
90.3594
90.3854
90.4099
90.433
90.4546
90.4748
90.4933
90.5102
90.5255
90.5393
90.5513
90.5617
90.5703
90.5774
90.5829
90.5868
90.5892
90.5901
90.5897
90.588
90.5849
90.5805
90.5748
90.5681
90.5603
90.5515
90.5419
90.5316
90.5208
90.5096
90.4982
90.4866
90.475
90.4635
90.4524
90.4419
90.4321
90.4232
90.4152
90.4085
90.4032
90.3996
90.3976
90.3975
90.3994
90.4035
90.4099
90.4189
90.4306
90.4452
90.4627
90.4834
90.5073
90.5346
90.5655
90.6001
90.6383
90.6804
90.7263
90.7762
90.83
90.8878
90.9497
91.0157
91.0857
91.1598
91.2379
91.32
91.406
91.4959
91.5894
91.6865
91.7871
91.8909
91.9979
92.1079
92.2206
92.3359
92.4537
92.5739
92.6962
92.8204
92.9461
93.0732
93.2013
93.3303
93.4598
93.5895
93.7192
93.8485
93.9772
94.1049
94.2315
94.3566
94.48
94.6014
94.7205
94.837
94.9506
95.0611
95.1682
95.2715
95.3708
95.4659
95.5565
95.6424
95.7233
95.7992
95.8697
95.9345
95.9934
96.0461
96.0926
96.1325
96.1658
96.1922
96.2117
96.2241
96.2294
96.2272
96.2175
96.2001
96.1752
96.1427
96.1025
96.0544
95.9984
95.9347
95.863
95.7836
95.6963
95.6013
95.4986
95.3882
95.27
95.1443
95.0112
94.8709
94.7233
94.5688
94.4074
94.2393
94.0646
93.8836
93.6963
93.5031
93.3042
93.0998
92.8901
92.6756
92.4565
92.2329
92.0052
91.7738
91.539
91.3011
91.0603
90.8169
90.5714
90.3241
90.0752
89.8251
89.5741
89.3227
89.071
88.8195
88.5685
88.3184
88.0694
87.822
87.5766
87.3335
87.0929
86.8552
86.6206
86.3893
86.1619
85.9384
85.7192
85.5046
85.2947
85.0899
84.8903
84.6961
84.5076
84.3248
84.1479
83.9772
83.8128
83.6549
83.5036
83.3589
83.2211
83.0901
82.9661
82.8492
82.7395
82.6369
82.5415
82.4533
82.3723
82.2987
82.2323
82.1733
82.1216
82.077
82.0398
82.0097
81.9868
81.9709
81.962
81.96
81.965
81.9767
81.9953
82.0206
82.0525
82.0911
82.136
82.1872
82.2445
82.3076
82.3767
82.4515
82.5318
82.6175
82.7084
82.8043
82.9052
83.0108
83.1209
83.2355
83.3543
83.4769
83.6034
83.7333
83.8665
84.0028
84.142
84.2838
84.4282
84.5746
84.723
84.873
85.0245
85.1774
85.3312
85.4858
85.6409
85.7963
85.9517
86.1069
86.2615
86.4155
86.5685
86.7204
86.8709
87.0198
87.167
87.312
87.4549
87.5953
87.7332
87.8682
88.0002
88.1289
88.2542
88.3761
88.4943
88.6085
88.7188
88.825
88.927
89.0247
89.118
89.2067
89.2909
89.3704
89.4452
89.5153
89.5805
89.641
89.6966
89.7475
89.7935
89.8348
89.8715
89.9036
89.9312
89.9544
89.9731
89.9874
89.9975
90.0035
90.0054
90.0034
89.9976
89.9882
89.9753
89.9592
89.9398
89.9176
89.8925
89.8649
89.8348
89.8027
89.7686
89.7329
89.6958
89.6576
89.6185
89.5787
89.5387
89.4985
89.4584
89.4188
89.3797
89.3416
89.3046
89.2691
89.2353
89.2034
89.1736
89.1462
89.1214
89.0993
89.0803
89.0646
89.0524
89.044
89.0393
89.0386
89.0422
89.0501
89.0625
89.0794
89.1009
89.1271
89.1579
89.1935
89.234
89.2793
89.3295
89.3846
89.4444
89.509
89.5783
89.6523
89.7309
89.8139
89.9014
89.9931
90.0889
90.1887
90.2923
90.3995
90.5103
90.6244
90.7415
90.8615
90.9841
91.1092
91.2365
91.3659
91.497
91.6296
91.7634
91.8982
92.0337
92.1696
92.3057
92.4418
92.5776
92.7128
92.8472
92.9806
93.1128
93.2434
93.3723
93.4991
93.6238
93.7461
93.8658
93.9827
94.0965
94.207
94.3141
94.4177
94.5176
94.6136
94.7053
94.7929
94.8761
94.9548
95.029
95.0985
95.1632
95.2231
95.2782
95.3284
95.3736
95.4138
95.4492
95.4795
95.5048
95.5251
95.5404
95.5508
95.5562
95.5568
95.5525
95.5435
95.53
95.512
95.4895
95.4628
95.432
95.397
95.3583
95.3158
95.2696
95.22
95.167
95.1107
95.0513
94.989
94.924
94.8563
94.7861
94.7135
94.6387
94.562
94.4833
94.4028
94.3208
94.2374
94.1526
94.0667
93.9798
93.8919
93.8033
93.714
93.6243
93.5342
93.4438
93.3532
93.2625
93.1719
93.0816
92.9917
92.9023
92.8133
92.7249
92.6372
92.5505
92.4647
92.3799
92.296
92.2133
92.1317
92.0514
91.9726
91.8954
91.8198
91.7458
91.6735
91.6029
91.5341
91.4672
91.4022
91.339
91.278
91.2191
91.1624
91.108
91.0559
91.0061
90.9586
90.9137
90.8714
90.8316
90.7943
90.7597
90.7278
90.6984
90.6718
90.6479
90.6268
90.6084
90.5928
90.5799
90.5697
90.5622
90.5572
90.5549
90.5553
90.5583
90.5637
90.5714
90.5816
90.5941
90.6088
90.6256
90.6445
90.6652
90.6878
90.712
90.7378
90.7649
90.7933
90.8228
90.8532
90.8844
90.9162
90.9484
90.9808
91.0133
91.0458
91.0781
91.1099
91.1412
91.1717
91.2012
91.2297
91.2569
91.2827
91.3069
91.3294
91.3499
91.3683
91.3843
91.3977
91.4084
91.4162
91.4212
91.4229
91.4213
91.4163
91.4079
91.3958
91.3798
91.3599
91.3359
91.3079
91.2758
91.2394
91.1986
91.1533
91.1033
91.0488
90.9895
90.9257
90.857
90.7835
90.705
90.6216
90.5333
90.4401
90.342
90.239
90.1312
90.0185
89.901
89.7787
89.6517
89.5202
89.3841
89.2436
89.0988
88.9498
88.7969
88.6402
88.48
88.3166
88.1499
87.9804
87.8081
87.6334
87.4565
87.2778
87.0975
86.9159
86.7334
86.5503
86.3669
86.1836
86.0009
85.8192
85.6388
85.4599
85.283
85.1085
84.9367
84.7681
84.6032
84.4422
84.2856
84.1337
83.987
83.8458
83.7104
83.5812
83.4584
83.3424
83.2335
83.1319
83.0379
82.9519
82.8739
82.8042
82.7429
82.69
82.6458
82.6105
82.5841
82.5665
82.5579
82.5583
82.5677
82.5861
82.6135
82.6499
82.6951
82.749
82.8114
82.8823
82.9615
83.0489
83.1444
83.2477
83.3585
83.4767
83.6021
83.7345
83.8738
84.0197
84.1718
84.33
84.494
84.6637
84.8387
85.0189
85.204
85.3939
85.5885
85.7874
85.9906
86.1977
86.4084
86.6226
86.8399
87.0603
87.2834
87.5091
87.7371
87.9673
88.1995
88.4336
88.6694
88.9066
89.145
89.3846
89.6251
89.8665
90.1085
90.351
90.5938
90.8367
91.0798
91.3227
91.5655
91.808
92.05
92.2913
92.5318
92.7714
93.01
93.2472
93.4832
93.7176
93.9504
94.1814
94.4105
94.6377
94.8628
95.0857
95.3063
95.5243
95.7397
95.9522
96.1617
96.3682
96.5715
96.7715
96.968
97.1611
97.3504
97.536
97.7176
97.8953
98.0689
98.2382
98.4032
98.5636
98.7195
98.8706
99.0169
99.1582
99.2944
99.4255
99.5514
99.6719
99.7872
99.8969
100.001
100.099
100.192
100.278
100.358
100.432
100.5
100.561
100.615
100.663
100.704
100.739
100.766
100.787
100.8
100.807
100.806
100.798
100.783
100.761
100.731
100.694
100.649
100.597
100.538
100.472
100.399
100.318
100.23
100.134
100.032
99.9224
99.8058
99.6824
99.5523
99.4156
99.2725
99.123
98.9675
98.806
98.6385
98.4656
98.2873
98.104
97.9157
97.7228
97.5254
97.324
97.1188
96.9101
96.698
96.483
96.2655
96.0458
95.8241
95.6008
95.3765
95.1516
94.9263
94.701
94.4761
94.2521
94.0293
93.8082
93.5891
93.3725
93.1588
92.9482
92.7412
92.5384
92.3399
92.1463
91.9579
91.775
91.598
91.4273
91.2631
91.1056
90.9553
90.8124
90.6771
90.5496
90.4301
90.3188
90.216
90.1217
90.0361
89.9591
89.891
89.8317
89.7815
89.7401
89.7076
89.684
89.6691
89.6629
89.6652
89.6759
89.6948
89.7215
89.756
89.7981
89.8473
89.9034
89.9662
90.0353
90.1102
90.1906
90.2761
90.3664
90.4609
90.5595
90.6616
90.7668
90.8746
90.9845
91.0963
91.2093
91.3232
91.4375
91.5519
91.6658
91.7789
91.8906
92.0007
92.1086
92.2142
92.3169
92.4165
92.5125
92.6047
92.6927
92.7763
92.8554
92.9294
92.9981
93.0613
93.1189
93.1706
93.2163
93.2559
93.2894
93.3164
93.337
93.3512
93.3589
93.36
93.3547
93.3429
93.3247
93.3001
93.2692
93.2321
93.1889
93.1398
93.0849
93.0243
92.9583
92.887
92.8105
92.7292
92.6432
92.5529
92.4584
92.3601
92.2582
92.1529
92.0445
91.9333
91.8197
91.7038
91.5859
91.4664
91.3455
91.2235
91.101
90.9779
90.8544
90.7308
90.6074
90.4845
90.3624
90.2412
90.1213
90.0028
89.886
89.7711
89.6584
89.5478
89.4396
89.3341
89.2313
89.1314
89.0346
88.941
88.8508
88.7641
88.681
88.6017
88.5263
88.455
88.3877
88.3245
88.2654
88.2105
88.1598
88.1133
88.0713
88.0336
88.0004
87.9716
87.9473
87.9276
87.9123
87.9014
87.895
87.8929
87.8952
87.9019
87.9128
87.9281
87.9476
87.9712
87.9988
88.0305
88.0662
88.1058
88.1491
88.1961
88.2467
88.3008
88.3582
88.4188
88.4826
88.5494
88.619
88.6914
88.7666
88.8444
88.9246
89.0072
89.0918
89.1785
89.267
89.3572
89.4489
89.542
89.6362
89.7315
89.8277
89.9247
90.0222
90.1201
90.2183
90.3165
90.4147
90.5127
90.6102
90.7072
90.8034
90.8988
90.9931
91.0861
91.1779
91.2682
91.3568
91.4435
91.5282
91.611
91.6915
91.7695
91.8449
91.9175
91.9873
92.0541
92.1177
92.178
92.2349
92.2882
92.3377
92.3834
92.425
92.4625
92.4959
92.5249
92.5497
92.57
92.5859
92.5973
92.6041
92.606
92.6032
92.5956
92.5831
92.5657
92.5434
92.5162
92.4842
92.4472
92.4053
92.3586
92.3072
92.2511
92.1901
92.1244
92.0538
91.9786
91.8989
91.8146
91.7259
91.6329
91.5356
91.4341
91.3285
91.2191
91.1058
90.989
90.8686
90.7448
90.6178
90.4877
90.3548
90.2192
90.081
89.9404
89.7977
89.6531
89.5068
89.3589
89.2097
89.0593
88.908
88.756
88.6035
88.4508
88.2982
88.1457
87.9937
87.8423
87.6918
87.5424
87.3944
87.2479
87.1033
86.9606
86.8202
86.6822
86.5467
86.414
86.2842
86.1576
86.0343
85.9145
85.7983
85.6861
85.5778
85.4735
85.3734
85.2775
85.1859
85.0987
85.016
84.9377
84.8639
84.7948
84.7302
84.6701
84.6147
84.5638
84.5173
84.4753
84.4376
84.4042
84.3749
84.3499
84.329
84.3122
84.2993
84.2903
84.285
84.2833
84.285
84.2903
84.2989
84.3107
84.3259
84.3442
84.3656
84.3901
84.4176
84.4482
84.4817
84.5182
84.5576
84.5999
84.6454
84.6938
84.7453
84.7999
84.8575
84.9184
84.9825
85.0501
85.1211
85.1957
85.2741
85.3563
85.4422
85.532
85.6257
85.7236
85.8256
85.9319
86.0426
86.1577
86.2774
86.4018
86.5309
86.6647
86.8033
86.9468
87.0951
87.2484
87.4065
87.5693
87.7369
87.9092
88.0862
88.2677
88.4537
88.6442
88.8389
89.0378
89.2405
89.4471
89.6571
89.8705
90.0869
90.3061
90.5278
90.7519
90.978
91.206
91.4356
91.6664
91.8981
92.1306
92.3635
92.5966
92.8295
93.062
93.2939
93.5248
93.7545
93.9826
94.2088
94.4328
94.6544
94.8734
95.0896
95.3026
95.5124
95.7188
95.9214
96.1199
96.3141
96.504
96.6895
96.8702
97.0462
97.2173
97.3834
97.5443
97.6999
97.8502
97.9951
98.1343
98.2678
98.3956
98.5176
98.6337
98.7439
98.8482
98.9466
99.0389
99.1252
99.2055
99.2797
99.348
99.4104
99.4668
99.5172
99.5617
99.6002
99.6331
99.6606
99.6824
99.6987
99.7094
99.7146
99.7143
99.7086
99.6976
99.6814
99.6603
99.6343
99.6034
99.5676
99.5273
99.4824
99.433
99.3792
99.3212
99.2591
99.193
99.1231
99.0495
98.9722
98.8914
98.8073
98.7197
98.6291
98.5354
98.4388
98.3395
98.2375
98.133
98.0262
97.9173
97.8064
97.6936
97.579
97.4629
97.3452
97.2261
97.1058
96.9844
96.8621
96.7388
96.6149
96.4904
96.3654
96.2399
96.1142
95.9883
95.8624
95.7366
95.6109
95.4855
95.3603
95.2356
95.1114
94.9881
94.8656
94.7441
94.6236
94.5043
94.3863
94.2697
94.1546
94.041
93.9289
93.8184
93.7096
93.6025
93.4974
93.3943
93.293
93.1935
93.0961
93.0008
92.9074
92.816
92.7267
92.6395
92.5542
92.4709
92.3897
92.3106
92.2335
92.1585
92.0853
92.0141
91.9445
91.8766
91.8104
91.7457
91.6825
91.6207
91.5603
91.501
91.443
91.3859
91.3297
91.2743
91.2195
91.1654
91.1118
91.0587
91.0058
90.9532
90.9008
90.8482
90.7956
90.7427
90.6895
90.636
90.582
90.5274
90.4722
90.4163
90.3596
90.3022
90.2439
90.1848
90.1249
90.064
90.0022
89.9395
89.8758
89.8112
89.7456
89.679
89.6114
89.5431
89.4739
89.4039
89.3332
89.2618
89.1898
89.1173
89.0444
88.9712
88.8977
88.824
88.7501
88.6763
88.6028
88.5298
88.4571
88.385
88.3135
88.2427
88.173
88.1042
88.0367
87.9706
87.906
87.8431
87.782
87.723
87.6661
87.6115
87.5593
87.5097
87.4628
87.4185
87.3771
87.3388
87.3034
87.2713
87.2426
87.2173
87.1955
87.1774
87.1629
87.1521
87.1449
87.1415
87.142
87.1463
87.1544
87.1664
87.1823
87.2019
87.2252
87.2522
87.2829
87.3172
87.3551
87.3966
87.4415
87.4897
87.5412
87.5957
87.6532
87.7137
87.777
87.8429
87.9115
87.9825
88.056
88.1317
88.2097
88.2896
88.3715
88.4553
88.5408
88.6278
88.7162
88.8059
88.8968
88.9889
89.0819
89.1757
89.2704
89.3658
89.4619
89.5585
89.6556
89.7532
89.8512
89.9494
90.048
90.1469
90.2461
90.3453
90.4448
90.5443
90.6438
90.7433
90.8427
90.942
91.0412
91.1401
91.2389
91.3374
91.4355
91.5333
91.6305
91.7272
91.8234
91.9188
92.0137
92.1079
92.2014
92.294
92.3855
92.476
92.5654
92.6536
92.7405
92.826
92.9098
92.9922
93.0728
93.1517
93.2286
93.3036
93.3765
93.4473
93.516
93.5823
93.6465
93.7083
93.7679
93.825
93.8796
93.9318
93.9816
94.0287
94.0733
94.1152
94.1545
94.1912
94.2254
94.2571
94.2864
94.3132
94.3374
94.3592
94.3786
94.3958
94.411
94.424
94.4349
94.4438
94.4505
94.4554
94.4584
94.4596
94.4591
94.4568
94.453
94.4477
94.4409
94.4326
94.423
94.412
94.3996
94.386
94.3712
94.3551
94.3379
94.3195
94.3001
94.2795
94.2578
94.235
94.211
94.186
94.1597
94.1322
94.1034
94.0732
94.0417
94.0088
93.9743
93.9381
93.9001
93.8602
93.8183
93.7744
93.7284
93.68
93.6291
93.5758
93.5199
93.4614
93.4
93.3357
93.2682
93.1977
93.1239
93.0467
92.9661
92.882
92.7943
92.7029
92.6076
92.5085
92.4054
92.2984
92.1874
92.0723
91.9532
91.83
91.7026
91.5712
91.4358
91.2964
91.1529
91.0053
90.8539
90.6985
90.5394
90.3766
90.21
90.0399
89.8665
89.6896
89.5096
89.3265
89.1406
88.9518
88.7604
88.5663
88.3699
88.1714
87.971
87.7689
87.5652
87.3601
87.1537
86.9462
86.738
86.5292
86.32
86.1105
85.9008
85.6913
85.4822
85.2735
85.0656
84.8586
84.6527
84.4482
84.2452
84.0441
83.845
83.6482
83.4537
83.262
83.0731
82.8873
82.7049
82.526
82.3509
82.1798
82.0128
81.8502
81.6922
81.5391
81.3911
81.2483
81.111
80.9795
80.854
80.7346
80.6217
80.5154
80.416
80.3237
80.2387
80.1613
80.0917
80.0299
79.9763
79.9311
79.8946
79.8667
79.8477
79.8376
79.8367
79.8452
79.8632
79.8907
79.9279
79.9748
80.0313
80.0977
80.1739
80.26
80.3559
80.4616
80.5769
80.702
80.8367
80.9809
81.1345
81.2974
81.4694
81.6503
81.8401
82.0384
82.245
82.4598
82.6826
82.913
83.1507
83.3955
83.6469
83.9048
84.1688
84.4387
84.714
84.9945
85.2797
85.5694
85.863
86.1603
86.4608
86.7641
87.0699
87.3778
87.6875
87.9984
88.3102
88.6226
88.9351
89.2474
89.559
89.8697
90.1791
90.4868
90.7924
91.0955
91.3957
91.6927
91.9861
92.2757
92.5612
92.8424
93.1188
93.3902
93.6561
93.9164
94.1707
94.4187
94.6604
94.8953
95.1233
95.3441
95.5577
95.7638
95.9623
96.1529
96.3354
96.5096
96.6754
96.8327
96.9813
97.1212
97.2523
97.3743
97.4872
97.5911
97.6858
97.7712
97.8473
97.9141
97.9714
98.0192
98.0574
98.0862
98.1054
98.115
98.115
98.1057
98.087
98.0589
98.0217
97.9752
97.9198
97.8553
97.7819
97.6999
97.6094
97.5105
97.4035
97.2885
97.1656
97.0353
96.8977
96.753
96.6015
96.4434
96.279
96.1086
95.9326
95.7512
95.5648
95.3736
95.1781
94.9787
94.7758
94.5696
94.3607
94.1494
93.9362
93.7214
93.5055
93.289
93.0721
92.8554
92.6395
92.4248
92.2117
92.0004
91.7915
91.5855
91.3827
91.1834
90.9881
90.7971
90.6108
90.4294
90.2533
90.0829
89.9184
89.7601
89.6081
89.4629
89.3244
89.1931
89.0692
88.9527
88.8438
88.7426
88.6493
88.564
88.4865
88.4169
88.3553
88.3016
88.2558
88.2179
88.1879
88.1656
88.1512
88.1443
88.1451
88.1532
88.1687
88.1914
88.2212
88.258
88.3015
88.3517
88.4085
88.4718
88.5413
88.6169
88.6984
88.7857
88.8786
88.9769
89.0805
89.1891
89.3028
89.4213
89.5447
89.6726
89.8049
89.9416
90.0823
90.2269
90.3755
90.5279
90.6839
90.8434
91.0063
91.1723
91.3412
91.513
91.6876
91.8648
92.0444
92.2265
92.4108
92.5972
92.7857
92.976
93.168
93.3617
93.5569
93.7535
93.9512
94.1501
94.35
94.5508
94.7523
94.9543
95.1568
95.3597
95.5629
95.7663
95.9696
96.1726
96.3751
96.5769
96.778
96.9782
97.1773
97.3753
97.5717
97.7664
97.9594
98.1505
98.3395
98.5263
98.7105
98.892
99.0706
99.2461
99.4183
99.5871
99.7523
99.9137
100.071
100.225
100.374
100.518
100.658
100.793
100.923
101.048
101.167
101.281
101.389
101.491
101.587
101.678
101.761
101.839
101.91
101.974
102.031
102.082
102.126
102.163
102.193
102.215
102.23
102.238
102.238
102.231
102.216
102.194
102.163
102.126
102.08
102.027
101.967
101.899
101.823
101.739
101.647
101.549
101.442
101.329
101.207
101.079
100.944
100.801
100.651
100.494
100.331
100.16
99.9832
99.7996
99.6095
99.4133
99.2112
99.0031
98.7895
98.5702
98.3455
98.1156
97.8808
97.6411
97.3967
97.1479
96.8947
96.6374
96.3764
96.1119
95.8442
95.5734
95.2999
95.024
94.7458
94.4657
94.184
93.901
93.6169
93.3319
93.0465
92.7609
92.4754
92.1902
91.9057
91.6222
91.3399
91.0591
90.7803
90.5037
90.2296
89.9581
89.6896
89.4243
89.1625
88.9044
88.6503
88.4006
88.1552
87.9145
87.6788
87.448
87.2226
87.0026
86.7883
86.5799
86.3772
86.1805
85.9898
85.8053
85.6271
85.4552
85.2897
85.1307
84.9782
84.8323
84.693
84.5604
84.4344
84.3151
84.2024
84.0965
83.9971
83.9043
83.8182
83.7385
83.6653
83.5985
83.538
83.4837
83.4354
83.3931
83.357
83.3269
83.3025
83.2838
83.2705
83.2628
83.2606
83.2636
83.2716
83.2846
83.3025
83.3251
83.3523
83.3839
83.4199
83.4602
83.5047
83.5532
83.6055
83.6617
83.7215
83.7848
83.8516
83.9217
83.995
84.0715
84.151
84.2334
84.3187
84.4068
84.4975
84.5908
84.6865
84.7846
84.885
84.9876
85.0924
85.1992
85.308
85.4187
85.5312
85.6453
85.7611
85.8786
85.9976
86.1181
86.24
86.3633
86.4877
86.6133
86.7401
86.8679
86.9967
87.1264
87.2569
87.3883
87.5202
87.6526
87.7852
87.918
88.0509
88.1838
88.3164
88.4487
88.5805
88.7117
88.842
88.9715
89.0999
89.227
89.3527
89.4768
89.5991
89.7195
89.838
89.9542
90.0679
90.179
90.2873
90.3927
90.4949
90.5938
90.6892
90.7809
90.8689
90.953
91.0328
91.1084
91.1795
91.2462
91.3083
91.3657
91.4184
91.4663
91.5094
91.5476
91.5808
91.609
91.6322
91.6503
91.6635
91.6718
91.6752
91.6739
91.6679
91.6574
91.6427
91.6236
91.6004
91.5732
91.5424
91.508
91.4704
91.4295
91.3857
91.3392
91.2903
91.2394
91.1866
91.1324
91.077
91.0208
90.9639
90.9067
90.8495
90.7927
90.7365
90.6813
90.6272
90.5746
90.5239
90.4753
90.4293
90.386
90.3457
90.3086
90.275
90.2452
90.2195
90.1979
90.1807
90.1682
90.1605
90.1577
90.1599
90.1671
90.1796
90.1974
90.2207
90.2493
90.2835
90.3232
90.3683
90.4188
90.4746
90.5356
90.6017
90.673
90.7493
90.8304
90.9162
91.0064
91.1008
91.1993
91.3015
91.4072
91.5162
91.6282
91.7428
91.8598
91.9787
92.0992
92.221
92.3437
92.467
92.5907
92.7141
92.837
92.959
93.0797
93.1989
93.3161
93.4309
93.543
93.6521
93.7577
93.8594
93.957
94.0502
94.1387
94.2222
94.3005
94.3734
94.4406
94.5018
94.5571
94.6061
94.6487
94.6848
94.7143
94.7371
94.7531
94.7621
94.7641
94.7593
94.7475
94.7288
94.7031
94.6706
94.6313
94.5854
94.533
94.4743
94.4094
94.3383
94.2611
94.1781
94.0895
93.9955
93.8961
93.7917
93.6824
93.5684
93.4501
93.3278
93.2016
93.0719
92.9389
92.8029
92.6643
92.5232
92.3799
92.2347
92.0879
91.9399
91.7908
91.641
91.4907
91.3403
91.1899
91.0398
90.8906
90.7423
90.5953
90.4499
90.3064
90.1651
90.0263
89.8903
89.757
89.6268
89.4998
89.3762
89.2564
89.1404
89.0284
88.9207
88.8175
88.719
88.6252
88.5363
88.4525
88.3738
88.3005
88.2325
88.1699
88.1128
88.0611
88.0149
87.9744
87.9394
87.9101
87.8863
87.8682
87.8556
87.8484
87.8467
87.8502
87.8591
87.873
87.8921
87.9161
87.9449
87.9785
88.0167
88.0595
88.1066
88.1579
88.2131
88.2722
88.3351
88.4015
88.4714
88.5445
88.6207
88.6997
88.7814
88.8657
88.9523
89.041
89.1319
89.2246
89.3191
89.4151
89.5125
89.6111
89.7107
89.8112
89.9124
90.0142
90.1165
90.2191
90.322
90.4248
90.5276
90.63
90.7322
90.8339
90.9351
91.0357
91.1357
91.2349
91.3331
91.4302
91.526
91.6204
91.7135
91.8049
91.8948
91.9831
92.0696
92.1543
92.2369
92.3175
92.3959
92.4722
92.5462
92.6178
92.687
92.7537
92.8179
92.8794
92.9383
92.9946
93.0484
93.0994
93.1477
93.1934
93.2363
93.2764
93.3136
93.3478
93.379
93.4074
93.4328
93.4553
93.475
93.4917
93.5056
93.5165
93.5244
93.5294
93.5315
93.5308
93.5273
93.5211
93.5122
93.5006
93.4865
93.47
93.451
93.4295
93.4056
93.3794
93.3508
93.32
93.2869
93.2518
93.2147
93.1757
93.135
93.0924
93.048
93.002
92.9545
92.9056
92.8554
92.804
92.7514
92.6977
92.6431
92.5875
92.5312
92.4742
92.4166
92.3585
92.2998
92.2409
92.1817
92.1224
92.0631
92.0038
91.9446
91.8855
91.8269
91.7686
91.7107
91.6535
91.597
91.5412
91.4861
91.4319
91.3787
91.3264
91.2753
91.2254
91.1768
91.1295
91.0836
91.0391
90.9961
90.9546
90.9146
90.8763
90.8396
90.8047
90.7716
90.7403
90.7108
90.683
90.6572
90.6333
90.6112
90.5911
90.5728
90.5564
90.5418
90.5291
90.5182
90.5092
90.502
90.4966
90.4932
90.4915
90.4918
90.4939
90.4978
90.5035
90.5111
90.5204
90.5315
90.5445
90.5593
90.5759
90.5943
90.6145
90.6365
90.6604
90.6861
90.7138
90.7435
90.7752
90.8088
90.8444
90.8818
90.9211
90.9621
91.0051
91.0499
91.0967
91.1454
91.1961
91.2487
91.3033
91.3599
91.4183
91.4786
91.5409
91.6051
91.6714
91.7395
91.8096
91.8815
91.9552
92.0306
92.1078
92.1869
92.2677
92.3502
92.4341
92.5195
92.6063
92.6945
92.7839
92.8745
92.9662
93.0589
93.1525
93.2468
93.3418
93.4374
93.5333
93.6295
93.7259
93.8223
93.9186
94.0147
94.1103
94.2054
94.2999
94.3937
94.4866
94.5785
94.669
94.7583
94.8462
94.9324
95.0169
95.0994
95.1799
95.2583
95.3344
95.4081
95.4791
95.5476
95.6132
95.676
95.7358
95.7928
95.8468
95.8978
95.9455
95.9902
96.0317
96.0699
96.1049
96.1368
96.1656
96.1914
96.2142
96.234
96.2507
96.2644
96.2751
96.2827
96.2875
96.2895
96.2886
96.285
96.2787
96.2699
96.2587
96.2452
96.2294
96.2115
96.1914
96.1692
96.1447
96.1182
96.0896
96.0591
96.0269
95.9929
95.9573
95.92
95.881
95.8403
95.798
95.7541
95.7086
95.6616
95.613
95.5629
95.5113
95.4581
95.4034
95.3471
95.2892
95.2297
95.1687
95.1061
95.0419
94.9761
94.9086
94.8395
94.7687
94.6963
94.6221
94.5461
94.4683
94.3888
94.3076
94.2245
94.1396
94.053
93.9646
93.8745
93.7827
93.689
93.5936
93.4964
93.3974
93.2967
93.1943
93.0902
92.9846
92.8775
92.7689
92.6588
92.5472
92.4341
92.3195
92.2035
92.0861
91.9674
91.8472
91.7258
91.6031
91.4792
91.3541
91.2278
91.1003
90.9716
90.8416
90.7104
90.5781
90.4445
90.3098
90.1738
90.0367
89.8984
89.7589
89.6182
89.4763
89.333
89.1885
89.0425
88.8953
88.7468
88.5969
88.4457
88.2931
88.1392
87.9839
87.8271
87.669
87.5095
87.3486
87.1865
87.023
86.8583
86.6925
86.5255
86.3574
86.1885
86.0187
85.848
85.6767
85.5048
85.3324
85.1597
84.9871
84.8145
84.6422
84.4702
84.2986
84.1277
83.9578
83.789
83.6215
83.4556
83.2915
83.1295
82.9698
82.8128
82.6587
82.5077
82.3599
82.2155
82.0748
81.938
81.8055
81.6774
81.5539
81.4353
81.3219
81.2136
81.1109
81.0138
80.9226
80.8375
80.7586
80.6861
80.62
80.5606
80.5079
80.462
80.4232
80.3914
80.3667
80.3492
80.339
80.336
80.3403
80.3519
80.3708
80.3971
80.4308
80.4717
80.5197
80.5749
80.637
80.7061
80.782
80.8648
80.9542
81.0501
81.1524
81.261
81.3757
81.4963
81.6226
81.7544
81.8915
82.0336
82.1807
82.3325
82.4887
82.6491
82.8134
82.9813
83.1526
83.3271
83.5044
83.6843
83.8665
84.0505
84.2361
84.423
84.6111
84.7999
84.9891
85.1785
85.3678
85.5566
85.7446
85.9314
86.1167
86.3002
86.4817
86.6607
86.8371
87.0106
87.1808
87.3476
87.5106
87.6697
87.8247
87.9752
88.1211
88.2622
88.3984
88.5293
88.655
88.7751
88.8896
88.9984
89.1016
89.1989
89.2904
89.3758
89.4553
89.5288
89.5963
89.658
89.7138
89.7639
89.8082
89.8469
89.8801
89.908
89.9309
89.9488
89.9621
89.9708
89.9753
89.9756
89.9723
89.9654
89.9553
89.9422
89.9264
89.9083
89.8883
89.8666
89.8436
89.8197
89.7952
89.7704
89.7456
89.7212
89.6975
89.6748
89.6533
89.6335
89.6156
89.6
89.5868
89.5763
89.5686
89.5641
89.5628
89.5649
89.5707
89.5802
89.5936
89.611
89.6325
89.6582
89.6881
89.7222
89.7604
89.8028
89.8493
89.8999
89.9546
90.0131
90.0756
90.1417
90.2115
90.2847
90.3614
90.4412
90.5242
90.6102
90.699
90.7904
90.8843
90.9804
91.0785
91.1785
91.2802
91.3834
91.4879
91.5934
91.6998
91.8072
91.9152
92.0238
92.1326
92.2414
92.3501
92.4586
92.5665
92.6739
92.7804
92.8859
92.9904
93.0935
93.1953
93.2955
93.394
93.4907
93.5856
93.6783
93.7687
93.8567
93.9422
94.0251
94.1052
94.1825
94.2568
94.328
94.3961
94.461
94.5226
94.5809
94.6357
94.6869
94.7345
94.7785
94.8188
94.8553
94.8879
94.9165
94.9411
94.9617
94.9782
94.9908
94.9993
95.0035
95.0037
94.9998
94.9917
94.9795
94.963
94.9422
94.9171
94.8877
94.8539
94.8159
94.7735
94.7269
94.676
94.6208
94.5612
94.4971
94.4285
94.3555
94.2782
94.1965
94.1105
94.02
93.9251
93.8258
93.7222
93.6145
93.5024
93.3861
93.2656
93.1409
93.0121
92.8792
92.7422
92.6013
92.4565
92.308
92.1558
92
91.8408
91.6782
91.5123
91.3433
91.1716
90.9972
90.8203
90.6411
90.4597
90.2765
90.0914
89.9048
89.7169
89.528
89.3383
89.148
88.9573
88.7666
88.5762
88.3863
88.1972
88.009
87.8222
87.637
87.4537
87.2727
87.0945
86.9192
86.7472
86.5788
86.4142
86.2538
86.0979
85.9468
85.8007
85.6599
85.5247
85.3956
85.2728
85.1565
85.0469
84.9444
84.8493
84.7618
84.6822
84.6106
84.5473
84.4926
84.4466
84.4095
84.3816
84.3629
84.3537
84.3542
84.3645
84.3846
84.4145
84.4544
84.5042
84.564
84.6338
84.7136
84.8034
84.9031
85.0128
85.1323
85.2614
85.4
85.5478
85.7048
85.8706
86.0451
86.2278
86.4186
86.6172
86.8231
87.0362
87.2559
87.4819
87.7137
87.9511
88.1934
88.4403
88.6912
88.9458
89.2034
89.4637
89.7261
89.9901
90.2551
90.5204
90.7857
91.0503
91.3136
91.5752
91.8346
92.0912
92.3445
92.5941
92.8393
93.0798
93.3149
93.5442
93.7672
93.9836
94.1929
94.3948
94.5889
94.7749
94.9524
95.1212
95.2811
95.4317
95.5727
95.7041
95.8255
95.9368
96.0378
96.1284
96.2084
96.2779
96.3368
96.3852
96.4229
96.4501
96.4667
96.4728
96.4685
96.454
96.4295
96.3951
96.3511
96.2976
96.2348
96.1631
96.0827
95.9941
95.8972
95.7926
95.6805
95.5614
95.4355
95.3033
95.1651
95.0213
94.8725
94.7191
94.5614
94.3998
94.2348
94.0669
93.8965
93.7241
93.5501
93.375
93.1992
93.0233
92.8476
92.6725
92.4987
92.3264
92.156
91.988
91.8229
91.661
91.5027
91.3485
91.1985
91.0534
90.9134
90.7789
90.6499
90.5268
90.4098
90.2992
90.1952
90.0981
90.008
89.9248
89.8489
89.7803
89.7192
89.6655
89.6193
89.5807
89.5495
89.5258
89.5093
89.5002
89.4983
89.5036
89.5159
89.535
89.5607
89.5929
89.6314
89.6759
89.7264
89.7825
89.8438
89.9104
89.9819
90.058
90.1385
90.2232
90.3118
90.404
90.4996
90.5982
90.6999
90.8043
90.911
91.02
91.1309
91.2435
91.3577
91.4734
91.5901
91.7078
91.8261
91.945
92.0644
92.1842
92.3042
92.4244
92.5445
92.6643
92.7839
92.9031
93.0219
93.1402
93.2579
93.3748
93.491
93.6066
93.7213
93.8352
93.9482
94.0604
94.1718
94.2823
94.3922
94.5013
94.6094
94.7168
94.8232
94.9289
95.0339
95.1381
95.2415
95.3441
95.4459
95.547
95.6472
95.7467
95.8454
95.9435
96.0409
96.1375
96.2335
96.3287
96.4232
96.5169
96.6097
96.7017
96.7928
96.883
96.9724
97.0608
97.1481
97.2344
97.3196
97.4036
97.4865
97.568
97.6482
97.727
97.8043
97.88
97.9541
98.0264
98.0968
98.1655
98.2324
98.2973
98.3603
98.4211
98.4799
98.5364
98.5906
98.6423
98.6914
98.7379
98.7817
98.8228
98.8611
98.8965
98.9289
98.9583
98.9845
99.0076
99.0275
99.044
99.0571
99.0667
99.0728
99.0752
99.0739
99.0688
99.0598
99.0471
99.0306
99.01
98.9853
98.9565
98.9234
98.8861
98.8444
98.7983
98.7478
98.6928
98.6332
98.5691
98.5004
98.4271
98.3491
98.2663
98.1789
98.0867
97.9899
97.8883
97.782
97.6711
97.5555
97.4354
97.3108
97.1818
97.0483
96.9106
96.7687
96.6228
96.4729
96.3191
96.1615
96.0004
95.8357
95.6677
95.4965
95.3222
95.145
94.9651
94.7827
94.598
94.4111
94.2222
94.0314
93.839
93.645
93.4499
93.2539
93.0569
92.8594
92.6614
92.4632
92.265
92.067
91.8693
91.6722
91.4757
91.2801
91.0853
90.8917
90.6994
90.5085
90.319
90.1311
89.945
89.7607
89.5783
89.3981
89.2201
89.0443
88.8708
88.6996
88.531
88.3648
88.2013
88.0406
87.8826
87.7275
87.5751
87.4256
87.2791
87.1356
86.995
86.8575
86.723
86.5916
86.4633
86.3381
86.2163
86.0979
85.9829
85.8713
85.7631
85.6585
85.5573
85.4595
85.3654
85.2748
85.1879
85.1048
85.0253
84.9495
84.8774
84.8091
84.7444
84.6836
84.6265
84.5732
84.5236
84.4778
84.4357
84.3974
84.3627
84.332
84.305
84.2818
84.2622
84.2463
84.234
84.2254
84.2205
84.2191
84.2212
84.2266
84.2354
84.2475
84.2627
84.281
84.3024
84.3268
84.3543
84.3845
84.4176
84.4535
84.4922
84.5336
84.5775
84.6239
84.6727
84.7236
84.7768
84.8323
84.8899
84.9495
85.011
85.0744
85.1394
85.2061
85.2744
85.3443
85.4155
85.4882
85.5622
85.6373
85.7135
85.7906
85.8687
85.9476
86.0272
86.1073
86.188
86.2689
86.3501
86.4315
86.5129
86.5943
86.6756
86.7565
86.837
86.9168
86.996
87.0742
87.1516
87.2278
87.3029
87.3767
87.4492
87.52
87.5892
87.6567
87.7224
87.7862
87.8479
87.9075
87.9648
88.0197
88.0721
88.1219
88.169
88.2134
88.255
88.2937
88.3295
88.3624
88.3924
88.4195
88.4437
88.4649
88.4831
88.4982
88.5103
88.5195
88.5256
88.529
88.5294
88.527
88.5218
88.5139
88.5034
88.4904
88.475
88.4573
88.4373
88.4151
88.391
88.3651
88.3374
88.3081
88.2774
88.2454
88.2123
88.1781
88.1431
88.1074
88.0709
88.0341
87.997
87.9599
87.9229
87.8861
87.8498
87.8141
87.779
87.7448
87.7115
87.6794
87.6485
87.6191
87.5911
87.5649
87.5404
87.5179
87.4974
87.479
87.4629
87.449
87.4375
87.4283
87.4217
87.4177
87.4164
87.4178
87.4218
87.4287
87.4383
87.4507
87.4659
87.4839
87.5046
87.5281
87.5544
87.5834
87.6152
87.6497
87.687
87.727
87.7697
87.815
87.8628
87.913
87.9656
88.0203
88.0773
88.1366
88.1982
88.2619
88.3275
88.395
88.4643
88.5353
88.6078
88.6818
88.7571
88.8338
88.9119
88.9911
89.0715
89.1529
89.2353
89.3186
89.4027
89.4877
89.5734
89.6597
89.7466
89.8342
89.9222
90.0108
90.0999
90.1896
90.2798
90.3707
90.4622
90.5542
90.6467
90.7396
90.8329
90.9267
91.0212
91.1164
91.2121
91.3083
91.4051
91.5026
91.6007
91.6994
91.7987
91.8988
91.9996
92.1013
92.2038
92.3071
92.4113
92.5165
92.6226
92.7297
92.8379
92.9472
93.0574
93.1688
93.2813
93.3951
93.51
93.6261
93.7434
93.8619
93.9816
94.1026
94.2248
94.3482
94.4727
94.5983
94.7251
94.8529
94.9818
95.1117
95.2428
95.3747
95.5077
95.6416
95.7763
95.9118
96.0479
96.1846
96.322
96.4598
96.598
96.7363
96.8748
97.0133
97.1516
97.2896
97.4273
97.5643
97.7007
97.8362
97.9709
98.1044
98.2368
98.3677
98.497
98.6246
98.7504
98.8742
98.9957
99.1149
99.2315
99.3456
99.4569
99.5651
99.6701
99.7719
99.8701
99.9649
100.056
100.143
100.227
100.306
100.381
100.451
100.517
100.579
100.636
100.688
100.734
100.776
100.812
100.843
100.869
100.89
100.905
100.914
100.918
100.916
100.908
100.895
100.876
100.851
100.82
100.783
100.741
100.693
100.638
100.578
100.512
100.44
100.362
100.278
100.188
100.092
99.9902
99.8824
99.7688
99.6493
99.5241
99.3932
99.2567
99.1145
98.9667
98.8133
98.6544
98.49
98.3201
98.1449
97.9642
97.7782
97.5871
97.3912
97.1902
96.9842
96.7735
96.5581
96.3383
96.1142
95.8859
95.6534
95.417
95.177
94.9334
94.6864
94.4361
94.1827
93.9265
93.6678
93.4067
93.1435
92.8785
92.612
92.3442
92.0754
91.8058
91.5357
91.2655
90.9954
90.7259
90.4571
90.1894
89.9228
89.658
89.395
89.1342
88.8759
88.6202
88.3674
88.1177
87.8714
87.6288
87.3901
87.1555
86.9251
86.6991
86.4777
86.2611
86.0494
85.8429
85.6416
85.4458
85.2554
85.0706
84.8913
84.7178
84.55
84.388
84.2318
84.0814
83.9367
83.7977
83.6646
83.5373
83.4159
83.2999
83.1896
83.085
82.9858
82.8922
82.8039
82.7208
82.6429
82.57
82.5021
82.4392
82.381
82.3275
82.2786
82.2343
82.1943
82.1585
82.127
82.0994
82.0758
82.0563
82.0405
82.0285
82.0201
82.0153
82.0139
82.0158
82.0211
82.0296
82.0412
82.056
82.0739
82.0947
82.1185
82.1452
82.1749
82.2075
82.2429
82.2811
82.3221
82.3658
82.4123
82.4614
82.5131
82.5673
82.6242
82.6836
82.7456
82.8103
82.8777
82.9478
83.0205
83.096
83.1742
83.2552
83.3389
83.4255
83.5149
83.607
83.702
83.7999
83.9007
84.0046
84.1116
84.2217
84.3348
84.451
84.5705
84.6933
84.8193
84.9486
85.0812
85.2171
85.3563
85.4988
85.6445
85.7935
85.9457
86.101
86.2596
86.4213
86.5862
86.7542
86.9252
87.0992
87.276
87.4557
87.6381
87.8231
88.0105
88.2003
88.3922
88.5862
88.7823
88.9804
89.1802
89.3814
89.5839
89.7874
89.9918
90.1968
90.4025
90.6087
90.815
91.0211
91.2269
91.432
91.6363
91.8396
92.0417
92.2422
92.4411
92.6381
92.8332
93.026
93.2163
93.4041
93.5889
93.7708
93.9495
94.1249
94.2968
94.4651
94.6297
94.7904
94.9471
95.0996
95.248
95.3922
95.5322
95.6678
95.7992
95.9263
96.0489
96.1672
96.2812
96.3906
96.4957
96.5964
96.6929
96.7852
96.8732
96.9571
97.037
97.1128
97.1848
97.2531
97.3176
97.3783
97.4353
97.4888
97.5388
97.5855
97.6288
97.669
97.706
97.7398
97.7707
97.7986
97.8238
97.846
97.8655
97.8822
97.8963
97.9077
97.9166
97.9229
97.9266
97.9278
97.9265
97.9227
97.9166
97.9079
97.8968
97.8833
97.8673
97.8489
97.8279
97.8045
97.7785
97.7501
97.7193
97.6861
97.6505
97.6124
97.5717
97.5285
97.4826
97.434
97.3827
97.3286
97.2716
97.2119
97.1494
97.0841
97.016
96.9451
96.8713
96.7946
96.7151
96.6329
96.5479
96.4601
96.3694
96.2759
96.1796
96.0806
95.979
95.8748
95.7679
95.6584
95.5463
95.4318
95.3149
95.1955
95.0739
94.95
94.8241
94.6961
94.5662
94.4345
94.301
94.1658
94.029
93.8908
93.7514
93.6108
93.4693
93.3271
93.1841
93.0405
92.8965
92.7523
92.6081
92.4641
92.3206
92.1777
92.0355
91.8943
91.7541
91.6153
91.4781
91.3426
91.2091
91.0778
90.949
90.823
90.7
90.5803
90.4642
90.3518
90.2433
90.139
90.039
89.9436
89.8529
89.7672
89.6867
89.6115
89.5418
89.4779
89.4197
89.3673
89.3209
89.2804
89.246
89.2177
89.1956
89.1797
89.17
89.1665
89.1691
89.1776
89.1918
89.2118
89.2373
89.2682
89.3042
89.3452
89.391
89.4413
89.496
89.5548
89.6176
89.684
89.7538
89.8267
89.9025
89.9808
90.0614
90.144
90.2282
90.3138
90.4005
90.488
90.5761
90.6646
90.7531
90.8413
90.9291
91.0161
91.1021
91.1869
91.2704
91.3523
91.4323
91.5102
91.586
91.6592
91.7296
91.7972
91.8619
91.9234
91.9816
92.0361
92.0869
92.1339
92.1769
92.2157
92.2502
92.2802
92.3057
92.3266
92.3427
92.3539
92.3602
92.3615
92.3577
92.3488
92.3347
92.3153
92.2906
92.2605
92.2251
92.1844
92.1385
92.0873
92.0309
91.9694
91.9026
91.8308
91.7538
91.6719
91.5851
91.4934
91.3969
91.2957
91.1901
91.08
90.9658
90.8474
90.725
90.5989
90.469
90.3356
90.1991
90.0595
89.917
89.7718
89.6241
89.4742
89.3223
89.1685
89.0133
88.8569
88.6994
88.5412
88.3825
88.2235
88.0643
87.9056
87.7475
87.5901
87.4339
87.279
87.1257
86.9743
86.8251
86.6782
86.534
86.3926
86.2543
86.1193
85.988
85.8605
85.7371
85.6181
85.5036
85.3939
85.2893
85.1899
85.096
85.0078
84.9254
84.8492
84.7793
84.7157
84.6586
84.6083
84.5648
84.5284
84.499
84.4769
84.4621
84.4548
84.455
84.4629
84.4785
84.5019
84.5331
84.5721
84.6191
84.674
84.7368
84.8077
84.8865
84.9733
85.068
85.1706
85.281
85.3992
85.5252
85.6588
85.8
85.9485
86.1043
86.2671
86.4368
86.6132
86.7961
86.9854
87.1808
87.3819
87.5884
87.8001
88.0166
88.2377
88.4629
88.6919
88.9244
89.1599
89.398
89.6382
89.8802
90.1236
90.368
90.6129
90.8577
91.1022
91.3459
91.5882
91.8289
92.0673
92.303
92.5357
92.7648
92.9899
93.2108
93.427
93.638
93.8435
94.0431
94.2362
94.4227
94.6022
94.7744
94.939
95.0959
95.2446
95.3849
95.5167
95.6398
95.754
95.8592
95.9551
96.0418
96.1191
96.187
96.2454
96.2946
96.3345
96.3651
96.3864
96.3985
96.4015
96.3958
96.3812
96.3582
96.3269
96.2874
96.2401
96.1853
96.1233
96.0543
95.9786
95.8965
95.8085
95.715
95.6162
95.5125
95.4044
95.2922
95.1764
95.0573
94.9354
94.8111
94.6847
94.5567
94.4274
94.2973
94.1668
94.0364
93.9063
93.7769
93.6485
93.5215
93.3963
93.2729
93.1519
93.0334
92.9177
92.8051
92.6958
92.59
92.4877
92.3891
92.2945
92.2037
92.1171
92.0346
91.9562
91.8817
91.8112
91.7446
91.6819
91.623
91.5678
91.5162
91.4681
91.4234
91.3819
91.3437
91.3084
91.276
91.2462
91.219
91.1941
91.1714
91.1509
91.1322
91.1154
91.1003
91.0866
91.0742
91.063
91.0529
91.0438
91.0356
91.0283
91.0216
91.0155
91.01
91.0051
91.0008
90.9969
90.9935
90.9907
90.9884
90.9867
90.9856
90.985
90.9852
90.9863
90.9882
90.9909
90.9947
90.9998
91.006
91.0135
91.0223
91.0326
91.0444
91.0579
91.0732
91.0906
91.11
91.1317
91.1557
91.182
91.2108
91.242
91.2759
91.3126
91.3522
91.3947
91.4402
91.4887
91.5403
91.595
91.6526
91.7132
91.777
91.8438
91.9137
91.9866
92.0623
92.141
92.2224
92.3067
92.3936
92.4831
92.5751
92.6694
92.7659
92.8646
92.9652
93.0676
93.1718
93.2774
93.3842
93.4919
93.6005
93.7096
93.819
93.9286
94.0383
94.1476
94.2566
94.3649
94.4723
94.5784
94.6831
94.7861
94.8874
94.9867
95.0837
95.1782
95.2699
95.3586
95.4441
95.5263
95.6048
95.6794
95.75
95.8164
95.8785
95.936
95.9888
96.0367
96.0795
96.1171
96.1495
96.1763
96.1976
96.2135
96.2239
96.2286
96.2274
96.2202
96.2071
96.188
96.1628
96.1315
96.0942
96.0508
96.0013
95.9458
95.8842
95.8168
95.7435
95.6643
95.5793
95.4885
95.392
95.2898
95.1823
95.0695
94.9513
94.8279
94.6993
94.5656
94.4269
94.2835
94.1354
93.9828
93.8259
93.6648
93.4996
93.3304
93.1573
92.9805
92.8002
92.6166
92.4297
92.2399
92.0473
91.8521
91.6542
91.4539
91.2514
91.0468
90.8404
90.6322
90.4225
90.2113
89.9991
89.7861
89.5723
89.358
89.1433
88.9284
88.7135
88.4989
88.2847
88.0713
87.8588
87.6474
87.4371
87.2283
87.0212
86.8159
86.6127
86.4119
86.2134
86.0177
85.825
85.6355
85.4493
85.2666
85.0876
84.9124
84.7413
84.5745
84.412
84.2543
84.1013
83.9534
83.8107
83.6734
83.5417
83.4157
83.2957
83.1817
83.0739
82.9726
82.8779
82.7899
82.7089
82.635
82.5683
82.5089
82.4569
82.4125
82.3758
82.3468
82.3256
82.3124
82.3072
82.3101
82.3212
82.3406
82.3683
82.4045
82.449
82.5019
82.5632
82.6331
82.7114
82.7982
82.8934
82.997
83.1091
83.2295
83.3582
83.495
83.6397
83.7922
83.9524
84.1202
84.2955
84.4782
84.6679
84.8645
85.0677
85.2773
85.4931
85.7149
85.9424
86.1754
86.4136
86.6567
86.9044
87.1565
87.4127
87.6728
87.9363
88.2031
88.4727
88.7448
89.0192
89.2955
89.5735
89.8528
90.1331
90.4141
90.6957
90.9773
91.2585
91.5392
91.819
92.0977
92.3751
92.6507
92.9243
93.1955
93.4641
93.7299
93.9926
94.2521
94.5079
94.76
95.0082
95.2523
95.4919
95.727
95.9573
96.1825
96.4025
96.6171
96.8262
97.0297
97.2273
97.4192
97.605
97.7846
97.9578
98.1246
98.2848
98.4383
98.5849
98.7245
98.8571
98.9825
99.1008
99.2117
99.3152
99.4113
99.4999
99.581
99.6545
99.7204
99.7786
99.8291
99.8717
99.9065
99.9333
99.9521
99.963
99.966
99.9612
99.9486
99.9282
99.9
99.8639
99.8201
99.7686
99.7092
99.6422
99.5676
99.4854
99.3958
99.2988
99.1947
99.0834
98.9651
98.84
98.7083
98.57
98.4254
98.2744
98.1174
97.9545
97.786
97.6119
97.4326
97.2481
97.0587
96.8646
96.6661
96.4634
96.2568
96.0467
95.8331
95.6164
95.3969
95.1749
94.9507
94.7247
94.4972
94.2684
94.0387
93.8084
93.5777
93.347
93.1165
92.8866
92.6578
92.4303
92.2044
91.9803
91.7584
91.539
91.3222
91.1084
90.8979
90.6911
90.4881
90.289
90.0941
89.9036
89.7178
89.5368
89.3608
89.19
89.0243
88.8641
88.7092
88.5599
88.4162
88.2783
88.1462
88.0197
87.899
87.7839
87.6746
87.5709
87.4728
87.3802
87.293
87.2112
87.1347
87.0633
86.997
86.9357
86.8792
86.8275
86.7803
86.7376
86.6991
86.6647
86.6344
86.6081
86.5855
86.5665
86.5512
86.5392
86.5304
86.5247
86.522
86.5221
86.5249
86.5303
86.5383
86.5487
86.5616
86.5769
86.5945
86.6142
86.636
86.6599
86.6858
86.7137
86.7435
86.7752
86.8087
86.844
86.881
86.9197
86.9601
87.002
87.0456
87.0907
87.1376
87.1859
87.2358
87.2872
87.3401
87.3945
87.4503
87.5076
87.5661
87.6259
87.6869
87.749
87.8123
87.8769
87.9425
88.0091
88.0767
88.1453
88.2148
88.2852
88.3562
88.428
88.5005
88.5734
88.6468
88.7205
88.7945
88.8688
88.9434
89.0181
89.0929
89.1676
89.2422
89.3166
89.3907
89.4646
89.5381
89.6112
89.6837
89.7556
89.8268
89.8972
89.9667
90.0353
90.1029
90.1695
90.2348
90.299
90.362
90.4237
90.4841
90.5431
90.6007
90.6568
90.7114
90.7646
90.8162
90.8663
90.9148
90.9615
91.0065
91.0498
91.0913
91.131
91.1689
91.2052
91.2396
91.2721
91.3028
91.3315
91.3583
91.3832
91.4061
91.4271
91.446
91.4629
91.4779
91.4908
91.5018
91.5107
91.5177
91.5226
91.5256
91.5265
91.5255
91.5224
91.5173
91.5103
91.5015
91.4907
91.4781
91.4636
91.4472
91.4291
91.4094
91.388
91.3648
91.3401
91.3138
91.2861
91.257
91.2267
91.1952
91.1626
91.1288
91.094
91.0583
91.0217
90.9845
90.9465
90.908
90.8691
90.8299
90.7903
90.7506
90.7109
90.6712
90.6316
90.5922
90.553
90.5142
90.476
90.4383
90.4011
90.3645
90.3285
90.2933
90.2587
90.225
90.1919
90.1596
90.1281
90.0975
90.0677
90.0386
90.0101
89.9823
89.9551
89.9283
89.9019
89.8759
89.8502
89.8247
89.7991
89.7735
89.7476
89.7213
89.6946
89.6672
89.6391
89.6101
89.5801
89.5489
89.5165
89.4825
89.4471
89.4099
89.371
89.3301
89.287
89.2417
89.1941
89.144
89.0915
89.0364
88.9785
88.9181
88.855
88.7892
88.7205
88.649
88.5748
88.4979
88.4182
88.3358
88.2508
88.1633
88.0733
87.9809
87.8862
87.7895
87.691
87.5907
87.4887
87.3854
87.2811
87.1759
87.07
86.9636
86.857
86.7505
86.6443
86.5388
86.4342
86.3308
86.2289
86.1289
86.0309
85.9352
85.8421
85.7519
85.6649
85.5814
85.5017
85.426
85.3547
85.2879
85.226
85.1693
85.1179
85.0723
85.0325
84.9987
84.9712
84.9501
84.9357
84.9282
84.9278
84.9345
84.9484
84.9697
84.9984
85.0347
85.0785
85.1299
85.189
85.2557
85.3302
85.4122
85.5018
85.599
85.7037
85.8158
85.9352
86.0619
86.1955
86.336
86.4832
86.6369
86.7969
86.963
87.1348
87.3122
87.495
87.6829
87.8756
88.0729
88.2744
88.4798
88.6888
88.901
89.1161
89.3338
89.5538
89.7756
89.9989
90.2233
90.4486
90.6744
90.9003
91.1258
91.3507
91.5747
91.7973
92.0183
92.2373
92.4539
92.668
92.879
93.0868
93.2908
93.4909
93.6868
93.8784
94.065
94.2466
94.423
94.5937
94.7585
94.9172
95.0697
95.2158
95.3553
95.488
95.6139
95.7328
95.8447
95.9495
96.0472
96.1378
96.221
96.2968
96.3651
96.4262
96.48
96.5265
96.5657
96.5978
96.6228
96.6407
96.6517
96.6558
96.6532
96.6441
96.6284
96.6064
96.5781
96.5438
96.5035
96.4575
96.4057
96.3485
96.2858
96.2177
96.1445
96.0663
95.9832
95.8953
95.8028
95.7056
95.6039
95.4978
95.3872
95.2721
95.1527
95.0289
94.901
94.7689
94.6325
94.492
94.3473
94.1986
94.046
93.8894
93.7289
93.5645
93.3961
93.224
93.0482
92.8688
92.6859
92.4996
92.3099
92.117
91.921
91.722
91.5202
91.3156
91.1085
90.8989
90.6872
90.4734
90.2578
90.0407
89.8223
89.6029
89.3826
89.1618
88.9408
88.7197
88.4991
88.279
88.0601
87.8426
87.6265
87.4121
87.1998
86.9898
86.7825
86.5783
86.3774
86.1802
85.987
85.7979
85.6135
85.4338
85.2591
85.0896
84.9256
84.7675
84.6153
84.4694
84.3299
84.1971
84.0712
83.9524
83.8407
83.7362
83.6393
83.5501
83.4685
83.3947
83.3288
83.2709
83.2209
83.1789
83.1449
83.1191
83.1013
83.0916
83.0899
83.096
83.1101
83.132
83.1617
83.1991
83.2439
83.2962
83.3558
83.4228
83.4967
83.5777
83.6656
83.7599
83.8608
83.9679
84.0813
84.2006
84.3259
84.4568
84.5929
84.7343
84.8807
85.0318
85.1876
85.3478
85.5121
85.6806
85.8529
86.0286
86.2078
86.39
86.5752
86.7631
86.9537
87.1468
87.342
87.5393
87.7385
87.9394
88.1417
88.3454
88.5504
88.7564
88.9632
89.1708
89.3789
89.5875
89.7965
90.0058
90.2152
90.4245
90.6336
90.8426
91.0512
91.2594
91.4671
91.6742
91.8808
92.0867
92.292
92.4965
92.7003
92.9033
93.1055
93.3067
93.5068
93.7059
93.9038
94.1007
94.2964
94.4911
94.6845
94.8768
95.0678
95.2575
95.4458
95.6328
95.8182
96.0021
96.1846
96.3653
96.5444
96.7216
96.8968
97.07
97.2411
97.41
97.5765
97.7405
97.902
98.0608
98.2168
98.3698
98.5197
98.6661
98.8089
98.9478
99.0827
99.2133
99.3396
99.4612
99.5781
99.6899
99.7966
99.8978
99.9933
100.083
100.167
100.244
100.315
100.379
100.436
100.486
100.529
100.564
100.592
100.613
100.625
100.63
100.628
100.617
100.598
100.571
100.537
100.494
100.443
100.384
100.318
100.243
100.16
100.07
99.9721
99.8666
99.7539
99.6339
99.507
99.3734
99.2332
99.0865
98.9334
98.7742
98.6092
98.4387
98.2628
98.0817
97.8957
97.7052
97.5103
97.3113
97.1085
96.9021
96.6924
96.4797
96.2642
96.0463
95.8262
95.6042
95.3808
95.1562
94.9307
94.7044
94.4778
94.2512
94.0249
93.799
93.5738
93.3498
93.1271
92.9061
92.6871
92.4703
92.2562
92.0449
91.8367
91.6318
91.4307
91.2334
91.0402
90.8513
90.6671
90.4877
90.3134
90.1443
89.9807
89.8228
89.6707
89.5246
89.3846
89.2508
89.1235
89.0027
88.8885
88.781
88.6802
88.5861
88.4989
88.4186
88.3452
88.2787
88.2191
88.1664
88.1205
88.0813
88.0488
88.0229
88.0037
87.991
87.9845
87.9841
87.9898
88.0014
88.0187
88.0415
88.0698
88.1033
88.1417
88.185
88.233
88.2855
88.3423
88.4031
88.4679
88.5363
88.6082
88.6834
88.7616
88.8427
88.9263
89.0124
89.1008
89.1913
89.2837
89.3779
89.4736
89.5706
89.6688
89.7684
89.8689
89.9702
90.0721
90.1745
90.2772
90.38
90.483
90.5858
90.6885
90.791
90.8931
90.9946
91.0956
91.1958
91.2951
91.3936
91.4911
91.5875
91.6827
91.7766
91.8691
91.96
92.0492
92.1365
92.2219
92.3052
92.3864
92.4654
92.5421
92.6163
92.6879
92.7568
92.8228
92.8858
92.9456
93.0022
93.0553
93.1048
93.1507
93.1927
93.231
93.2654
93.2955
93.3214
93.3429
93.36
93.3727
93.3807
93.384
93.3824
93.376
93.3645
93.3481
93.3266
93.3001
93.2684
93.2316
93.1897
93.1428
93.0906
93.0333
92.9709
92.9034
92.8311
92.7538
92.6717
92.5849
92.4935
92.3976
92.2973
92.1926
92.0837
91.9708
91.8541
91.7338
91.6099
91.4828
91.3526
91.2195
91.0836
90.9453
90.8047
90.6622
90.5178
90.3716
90.2239
90.0749
89.925
89.7742
89.6227
89.4708
89.3187
89.1666
89.0146
88.8631
88.7122
88.5621
88.4131
88.2654
88.1192
87.9745
87.8317
87.6908
87.5522
87.4158
87.2819
87.1505
87.022
86.8965
86.7742
86.655
86.5393
86.4268
86.3179
86.2127
86.1111
86.0132
85.9193
85.8294
85.7436
85.6619
85.5844
85.511
85.4417
85.3767
85.3159
85.2594
85.2072
85.1593
85.1156
85.0763
85.0414
85.0107
84.9843
84.9621
84.944
84.9301
84.9202
84.9143
84.9125
84.9146
84.9206
84.9304
84.944
84.9613
84.9824
85.0071
85.035
85.0663
85.1007
85.1382
85.1786
85.2218
85.2679
85.3166
85.3678
85.4215
85.4776
85.5359
85.5962
85.6584
85.7224
85.788
85.8552
85.9237
85.9936
86.0649
86.1372
86.2105
86.2846
86.3593
86.4346
86.5105
86.5866
86.6631
86.7398
86.8167
86.8937
86.9706
87.0474
87.124
87.2005
87.2767
87.3524
87.4278
87.5027
87.5772
87.651
87.7242
87.7968
87.8687
87.9401
88.0109
88.0811
88.1507
88.2197
88.288
88.3557
88.4227
88.4891
88.555
88.6203
88.6852
88.7496
88.8135
88.877
88.9402
89.0031
89.0657
89.128
89.1901
89.252
89.3136
89.375
89.4364
89.4976
89.5589
89.6201
89.6814
89.7427
89.804
89.8654
89.927
89.9886
90.0502
90.1119
90.1736
90.2353
90.2972
90.3592
90.421
90.4829
90.5446
90.6061
90.6674
90.7286
90.7894
90.85
90.9103
90.9704
91.0301
91.0893
91.1479
91.206
91.2634
91.32
91.3759
91.431
91.4852
91.5384
91.5907
91.6421
91.6924
91.7417
91.7899
91.8368
91.8826
91.9271
91.9702
92.0119
92.0521
92.0908
92.1279
92.1634
92.1973
92.2295
92.2602
92.2891
92.3162
92.3416
92.3651
92.3869
92.4068
92.4249
92.4411
92.4555
92.468
92.4785
92.4871
92.4938
92.4986
92.5014
92.5023
92.5011
92.4981
92.4933
92.4867
92.4784
92.4682
92.4564
92.4429
92.4277
92.4108
92.3924
92.3725
92.3511
92.3283
92.3041
92.2786
92.2519
92.2241
92.1953
92.1654
92.1346
92.103
92.0706
92.0374
92.0035
91.9691
91.9342
91.899
91.8636
91.828
91.7922
91.7563
91.7204
91.6845
91.6487
91.613
91.5777
91.5427
91.5081
91.474
91.4405
91.4075
91.3752
91.3436
91.3128
91.2827
91.2534
91.225
91.1975
91.1711
91.1458
91.1214
91.0983
91.0763
91.0556
91.0361
91.0179
91.001
90.9855
90.9713
90.9586
90.9475
90.938
90.93
90.9237
90.9191
90.9161
90.9147
90.9151
90.9173
90.9213
90.9271
90.935
90.9449
90.9568
90.9707
90.9866
91.0045
91.0246
91.0468
91.0711
91.0974
91.1258
91.1562
91.1887
91.2234
91.2602
91.2989
91.3395
91.3823
91.4272
91.4739
91.5225
91.5727
91.6246
91.6781
91.7331
91.7895
91.8473
91.9063
91.9664
92.0273
92.089
92.1513
92.2142
92.2775
92.341
92.4046
92.4682
92.5314
92.5942
92.6564
92.7179
92.7786
92.8382
92.8966
92.9535
93.009
93.0627
93.1146
93.1644
93.212
93.2574
93.3004
93.3408
93.3785
93.4132
93.4447
93.4732
93.4985
93.5205
93.539
93.5538
93.5649
93.5723
93.5757
93.5752
93.5706
93.5619
93.5492
93.5324
93.5115
93.4864
93.4572
93.4239
93.3866
93.3453
93.3001
93.251
93.198
93.1411
93.0805
93.0161
92.9484
92.8773
92.8028
92.7252
92.6445
92.5612
92.4751
92.3865
92.2955
92.2022
92.1068
92.0097
91.9108
91.8104
91.7086
91.6058
91.502
91.3975
91.2926
91.1875
91.0824
90.9776
90.8733
90.7695
90.6667
90.5648
90.4643
90.3654
90.2683
90.1733
90.0804
89.9901
89.9025
89.8177
89.736
89.6576
89.5827
89.5113
89.4438
89.3802
89.3207
89.2655
89.2147
89.1685
89.1271
89.0906
89.059
89.0324
89.0109
88.9946
88.9834
88.9774
88.9766
88.981
88.9906
89.0053
89.0252
89.0501
89.08
89.1147
89.1543
89.1985
89.2472
89.3004
89.3578
89.4192
89.4845
89.5536
89.6261
89.702
89.781
89.8628
89.9471
90.0337
90.1224
90.213
90.305
90.3982
90.4923
90.5871
90.6823
90.7776
90.8728
90.9676
91.0615
91.1544
91.2461
91.3362
91.4246
91.511
91.5951
91.6767
91.7556
91.8316
91.9045
91.9742
92.0405
92.1031
92.1618
92.2163
92.2666
92.3126
92.354
92.3908
92.423
92.4505
92.4732
92.4909
92.5038
92.5118
92.515
92.5134
92.5067
92.4953
92.479
92.458
92.4322
92.4018
92.3669
92.3276
92.284
92.2361
92.1841
92.1283
92.0688
92.0058
91.9393
91.8697
91.7971
91.7217
91.6439
91.5639
91.4817
91.3976
91.3118
91.2246
91.1362
91.0469
90.9571
90.8669
90.7767
90.6865
90.5967
90.5077
90.4197
90.333
90.2478
90.1643
90.0828
90.0036
89.9268
89.8527
89.7815
89.7135
89.6488
89.5879
89.5309
89.4779
89.4291
89.3847
89.3448
89.3096
89.2793
89.254
89.2337
89.2186
89.2086
89.2038
89.2042
89.2101
89.2212
89.2376
89.2592
89.286
89.3179
89.3548
89.3967
89.4433
89.4947
89.5508
89.6113
89.676
89.7446
89.8171
89.8933
89.973
90.056
90.142
90.2307
90.3219
90.4154
90.5109
90.6081
90.7067
90.8067
90.9079
91.0099
91.1126
91.2155
91.3185
91.4214
91.5239
91.626
91.7274
91.8279
91.9273
92.0254
92.1221
92.217
92.3102
92.4016
92.4912
92.5787
92.6639
92.7469
92.8275
92.9057
92.9814
93.0546
93.1253
93.1934
93.2589
93.322
93.3825
93.4404
93.4958
93.5487
93.5991
93.647
93.6925
93.7356
93.7762
93.8146
93.8507
93.8846
93.9162
93.9458
93.9731
93.9984
94.0217
94.043
94.0625
94.0802
94.096
94.1102
94.1227
94.1336
94.1429
94.1506
94.1568
94.1616
94.1649
94.1668
94.1673
94.1664
94.1641
94.1605
94.1556
94.1493
94.1417
94.1328
94.1226
94.1109
94.098
94.0837
94.0682
94.0513
94.0329
94.0132
93.9922
93.9697
93.9458
93.9204
93.8935
93.865
93.8349
93.8033
93.77
93.735
93.6983
93.6598
93.6196
93.5778
93.5342
93.4888
93.4417
93.3926
93.3417
93.2888
93.2339
93.1771
93.1183
93.0576
92.9949
92.9303
92.8638
92.7953
92.7248
92.6525
92.5782
92.5021
92.424
92.3439
92.2618
92.1776
92.0916
92.0036
91.9137
91.8221
91.7286
91.6332
91.5359
91.4368
91.3361
91.2337
91.1296
91.0241
90.917
90.8084
90.6983
90.5867
90.4739
90.3598
90.2446
90.1284
90.011
89.8927
89.7734
89.6532
89.5322
89.4105
89.2883
89.1655
89.0424
88.9189
88.7951
88.6713
88.5474
88.4235
88.2997
88.1763
88.0534
87.9311
87.8095
87.6887
87.5689
87.4501
87.3325
87.2162
87.1013
86.9879
86.8762
86.7662
86.6581
86.5522
86.4486
86.3473
86.2486
86.1525
86.0592
85.9686
85.8808
85.7962
85.7148
85.6367
85.5619
85.4907
85.423
85.359
85.2987
85.2422
85.1896
85.1411
85.0966
85.056
85.0195
84.987
84.9587
84.9344
84.9143
84.8982
84.8861
84.878
84.8739
84.8738
84.8775
84.885
84.8962
84.911
84.9292
84.9508
84.9756
85.0034
85.0342
85.0677
85.104
85.1428
85.1841
85.2277
85.2734
85.321
85.3702
85.4212
85.4735
85.5272
85.5819
85.6376
85.6941
85.7511
85.8084
85.866
85.9236
85.9809
86.0379
86.0943
86.1501
86.2052
86.2593
86.3123
86.3641
86.4144
86.4632
86.5105
86.5561
86.5997
86.6414
86.6811
86.7187
86.754
86.7871
86.818
86.8464
86.8724
86.8959
86.9168
86.9353
86.9511
86.9644
86.9752
86.9835
86.9893
86.9928
86.9938
86.9924
86.9888
86.9831
86.9753
86.9654
86.9536
86.9401
86.9249
86.9082
86.8901
86.8706
86.85
86.8283
86.8058
86.7827
86.7591
86.7353
86.7115
86.6878
86.6644
86.6416
86.6195
86.5983
86.5781
86.5592
86.5418
86.5262
86.5126
86.5013
86.4924
86.4861
86.4827
86.4822
86.4851
86.4914
86.5015
86.5153
86.5331
86.5552
86.5818
86.6128
86.6486
86.6892
86.7349
86.7856
86.8416
86.9029
86.9698
87.0421
87.12
87.2033
87.2923
87.3868
87.4869
87.5925
87.7035
87.8201
87.9421
88.0694
88.2018
88.3393
88.4816
88.6286
88.7801
88.9359
89.0958
89.2595
89.4269
89.5977
89.7716
89.9485
90.128
90.3098
90.4937
90.6794
90.8666
91.0551
91.2446
91.4347
91.6252
91.8158
92.0062
92.1961
92.3853
92.5735
92.7603
92.9456
93.129
93.3102
93.489
93.6652
93.8386
94.0088
94.1757
94.3391
94.4988
94.6546
94.8063
94.9537
95.0968
95.2354
95.3692
95.4983
95.6225
95.7417
95.8558
95.9648
96.0685
96.1668
96.2599
96.3475
96.4299
96.5066
96.5778
96.6433
96.7033
96.7577
96.8067
96.8503
96.8884
96.9211
96.9484
96.9703
96.9868
96.9982
97.0044
97.0055
97.0017
96.9931
96.9797
96.9617
96.9391
96.9121
96.8808
96.8455
96.8062
96.763
96.7161
96.6657
96.612
96.555
96.4949
96.4319
96.3662
96.2978
96.2271
96.1541
96.079
96.002
95.9232
95.8428
95.7611
95.6783
95.5947
95.5102
95.4251
95.3394
95.2533
95.1671
95.0809
94.9948
94.9089
94.8231
94.7377
94.6527
94.5683
94.4846
94.4018
94.32
94.2392
94.1594
94.0807
94.0031
93.9267
93.8514
93.7774
93.7046
93.6329
93.5624
93.493
93.4248
93.3578
93.292
93.2272
93.1634
93.1004
93.0382
92.9766
92.9158
92.8555
92.7956
92.7364
92.6775
92.6188
92.5603
92.5018
92.4433
92.3847
92.3259
92.2667
92.2072
92.1472
92.0865
92.0253
91.9637
91.9014
91.8384
91.7746
91.7101
91.6447
91.5785
91.5114
91.4434
91.3747
91.3052
91.2349
91.164
91.0924
91.0202
90.9475
90.8743
90.8009
90.7273
90.6535
90.5798
90.5061
90.4326
90.3594
90.2865
90.2141
90.1423
90.0711
90.0007
89.9312
89.8627
89.7953
89.7291
89.6641
89.6003
89.5377
89.4766
89.4171
89.3591
89.3026
89.2477
89.1943
89.1425
89.0923
89.0437
88.9967
88.9513
88.9074
88.8651
88.8244
88.7852
88.7476
88.7117
88.6774
88.6446
88.6132
88.5834
88.5551
88.5284
88.5033
88.4799
88.4583
88.4384
88.4204
88.4041
88.3897
88.3773
88.367
88.3589
88.353
88.3495
88.3484
88.3498
88.3537
88.3603
88.3697
88.3821
88.3975
88.4161
88.4381
88.4633
88.492
88.5242
88.56
88.5995
88.6428
88.6898
88.7408
88.7959
88.8549
88.9182
88.9855
89.0569
89.1324
89.212
89.2957
89.3836
89.4755
89.5714
89.6713
89.7751
89.8828
89.9942
90.1093
90.228
90.3501
90.4756
90.6045
90.7365
90.8714
91.0091
91.1495
91.2924
91.4377
91.5852
91.7348
91.8863
92.0397
92.1948
92.3516
92.5096
92.6689
92.8293
92.9906
93.1526
93.3152
93.4784
93.642
93.8059
93.9699
94.1339
94.2979
94.4618
94.6255
94.7887
94.9515
95.1139
95.2759
95.4374
95.5981
95.758
95.917
96.0752
96.2324
96.3886
96.5437
96.6977
96.8505
97.002
97.1521
97.3007
97.4477
97.5931
97.7368
97.8788
98.0189
98.1571
98.2934
98.4277
98.5598
98.6898
98.8175
98.9429
99.0659
99.1863
99.304
99.4189
99.531
99.6399
99.7459
99.8491
99.9489
100.045
100.138
100.227
100.312
100.393
100.47
100.543
100.612
100.676
100.735
100.79
100.841
100.886
100.926
100.961
100.991
101.015
101.034
101.048
101.056
101.058
101.054
101.045
101.03
101.008
100.981
100.947
100.907
100.861
100.809
100.751
100.686
100.615
100.537
100.454
100.364
100.268
100.166
100.058
99.9449
99.8255
99.7004
99.5697
99.4333
99.2916
99.1446
98.9926
98.8356
98.6738
98.5075
98.337
98.1624
97.9841
97.8021
97.6166
97.4282
97.237
97.0432
96.8472
96.6494
96.4499
96.2489
96.0468
95.8439
95.6406
95.437
95.2334
95.0303
94.828
94.6266
94.4266
94.2282
94.0317
93.8373
93.6453
93.4559
93.2691
93.0852
92.9044
92.7268
92.5526
92.382
92.2151
92.052
91.8928
91.7376
91.5864
91.4393
91.2965
91.1579
91.0235
90.8932
90.7671
90.6451
90.5271
90.4131
90.3028
90.1965
90.094
89.9952
89.8999
89.8081
89.7196
89.6343
89.5519
89.4725
89.3959
89.3221
89.251
89.1824
89.116
89.0518
88.9897
88.9296
88.8713
88.8149
88.7602
88.7072
88.6556
88.6057
88.5572
88.5101
88.4642
88.4195
88.376
88.3334
88.2919
88.2513
88.2117
88.1729
88.1348
88.0973
88.0605
88.0242
87.9883
87.9529
87.9177
87.8828
87.8481
87.8134
87.7787
87.7439
87.7089
87.6734
87.6374
87.6006
87.5631
87.5246
87.485
87.4441
87.4018
87.3581
87.3126
87.2653
87.2161
87.1649
87.1115
87.056
86.9981
86.9379
86.8752
86.81
86.7422
86.6718
86.5987
86.5229
86.4444
86.3634
86.2797
86.1934
86.1046
86.0134
85.9199
85.8242
85.7265
85.6269
85.5255
85.4225
85.318
85.2125
85.1059
84.9986
84.8908
84.7827
84.6744
84.5663
84.4587
84.3517
84.2458
84.1411
84.038
83.9366
83.8373
83.7404
83.6462
83.5549
83.4668
83.3823
83.3016
83.225
83.1527
83.0849
83.022
82.964
82.9112
82.8638
82.822
82.7858
82.7555
82.7312
82.7131
82.7012
82.6956
82.6965
82.7039
82.7179
82.7385
82.7657
82.7994
82.8396
82.8864
82.9397
82.9993
83.0653
83.1374
83.2155
83.2994
83.3893
83.4848
83.5859
83.6922
83.8036
83.9198
84.0407
84.166
84.2956
84.4291
84.5664
84.7072
84.8512
84.9981
85.1478
85.2999
85.4543
85.6106
85.7686
85.9279
86.0884
86.2498
86.4117
86.5739
86.7363
86.8984
87.0601
87.221
87.3809
87.5396
87.6969
87.8525
88.0063
88.158
88.3076
88.4547
88.5992
88.7408
88.8793
89.0147
89.1466
89.2751
89.3999
89.5207
89.6375
89.7501
89.8585
89.9624
90.0618
90.1567
90.2468
90.3321
90.4125
90.488
90.5585
90.6241
90.6845
90.7399
90.7903
90.8356
90.8761
90.9114
90.9417
90.967
90.9874
91.0029
91.0136
