0.486005   -0.228414   0.429342
-0.267913   -0.214321   0.495176
-0.316075   0.272418   0.100241
0.236373   -0.262348   0.431817
-0.456855   0.210184   -0.495577
0.194258   -0.0759203   -0.240609
-0.180855   0.143163   0.233565
0.182833   0.0291139   -0.0567043
0.273986   0.140413   -0.105545
0.163697   0.302206   -0.466408
0.301091   -0.357703   0.305763
0.309835   0.00675363   -0.245103
0.215595   -0.493533   -0.2025
0.479456   -0.0123668   -0.133862
0.148371   -0.420016   -0.183574
-0.261838   0.126746   -0.109595
-0.370925   0.201728   0.223808
-0.249735   -0.0240548   0.101957
-0.264213   -0.312083   -0.392323
-0.158291   0.143684   -0.288255
-0.211085   -0.0984048   0.491775
0.230385   0.161524   -0.245642
0.162563   0.288358   -0.350366
-0.311895   -0.273208   -0.11134
-0.417567   -0.382572   -0.164459
-0.167413   0.37232   -0.439215
-0.0570656   -0.23303   0.291231
0.498482   0.321819   0.180392
0.371284   -0.0315303   0.164608
-0.365413   0.414307   -0.174202
0.135487   0.0188147   0.444478
-0.00556621   0.351125   -0.214524
-0.0228017   -0.127672   -0.415137
-0.19226   0.301468   0.2817
0.076479   -0.0429133   0.471978
-0.0244739   0.343422   0.290846
0.398243   -0.308711   -0.163569
0.325784   -0.240441   -0.385777
-0.0884802   -0.277763   0.482513
-0.397896   0.41865   0.345096
0.0502436   -0.0619793   0.305626
-0.178828   0.0938168   0.107962
0.319315   0.0951494   -0.194638
-0.0151348   -0.288984   -0.0158199
0.432469   0.174815   -0.480199
-0.212356   0.257902   0.169844
0.0769641   0.380907   0.127995
0.164221   0.0987579   0.0512599
0.238562   0.175139   -0.00774194
0.18884   0.126382   -0.14339
0.421529   0.410848   -0.482991
0.245111   0.0600585   0.450773
0.0560416   -0.141758   -0.382207
-0.220037   -0.234304   0.341805
0.418171   0.266021   0.149602
-0.400036   -0.178621   0.422484
0.134601   0.357566   -0.230446
-0.165981   0.0401406   -0.322344
0.304608   0.364193   -0.19983
0.472119   0.191617   0.122108
0.15467   0.33493   0.0936268
-0.465358   0.356067   -0.427296
0.0835435   0.0161481   -0.242079
-0.433784   -0.360082   0.2149
-0.0597966   -0.179805   -0.469489
0.0590348   0.0837603   -0.310384
-0.303211   0.183596   0.460165
0.217975   -0.0381715   0.137358
0.111361   -0.301841   0.0342748
0.338666   0.0812768   -0.452675
0.0618962   -0.0144828   -0.0285414
-0.0569103   -0.468786   0.439787
0.378621   -0.396449   -0.176006
-0.392494   0.0585321   -0.335933
0.402682   -0.196744   -0.332285
0.048405   -0.273787   -0.333111
-0.451517   0.409921   -0.149919
-0.370323   -0.147531   0.136425
-0.43664   0.300265   0.446462
0.215917   -0.403007   -0.466255
-0.460539   -0.184895   0.368285
0.00795065   0.0288376   -0.0973951
0.482748   -0.390399   0.096104
-0.379985   -0.0252284   0.0387312
0.400003   -0.285566   0.314976
0.428631   -0.463832   -0.185664
0.150142   -0.200029   -0.396875
0.0508521   -0.293992   -0.0703914
0.121639   -0.293554   0.211956
0.105126   0.169448   -0.286522
0.363897   -0.110491   0.247039
0.314386   0.149601   -0.277108
0.0158219   -0.476457   -0.0113671
0.274028   0.195494   0.145402
-0.13047   0.0283407   0.153628
0.369704   0.457246   0.282629
0.327009   -0.22998   -0.224134
0.194129   -0.041028   0.393017
-0.415154   -0.493728   -0.153159
0.0544909   0.167958   -0.128104
0.43868   0.350253   -0.144643
-0.283178   0.330978   0.0593226
0.298287   -0.0408919   0.485833
0.100336   0.169073   0.0998291
0.382522   0.387471   -0.0962102
-0.17658   0.0944117   -0.219624
0.336307   0.0166972   0.0154333
0.194648   -0.258309   0.183071
