188.363
188.376
188.39
188.404
188.419
188.434
188.45
188.467
188.484
188.501
188.519
188.538
188.557
188.576
188.596
188.617
188.637
188.659
188.68
188.702
188.724
188.747
188.77
188.793
188.817
188.841
188.865
188.889
188.914
188.939
188.963
188.988
189.013
189.039
189.064
189.089
189.114
189.14
189.165
189.19
189.215
189.24
189.265
189.29
189.315
189.339
189.363
189.387
189.411
189.434
189.458
189.481
189.503
189.525
189.547
189.568
189.589
189.61
189.63
189.65
189.669
189.688
189.706
189.723
189.741
189.757
189.773
189.789
189.803
189.818
189.831
189.844
189.856
189.868
189.879
189.89
189.899
189.908
189.917
189.925
189.932
189.938
189.944
189.948
189.953
189.956
189.959
189.961
189.963
189.964
189.964
189.963
189.962
189.96
189.957
189.954
189.95
189.945
189.94
189.934
189.928
189.921
189.913
189.905
189.896
189.887
189.877
189.866
189.855
189.844
189.832
189.819
189.806
189.793
189.78
189.765
189.751
189.736
189.721
189.706
189.69
189.674
189.658
189.642
189.625
189.608
189.591
189.574
189.557
189.54
189.523
189.506
189.489
189.472
189.455
189.438
189.421
189.405
189.388
189.372
189.356
189.34
189.324
189.309
189.294
189.279
189.265
189.251
189.237
189.224
189.211
189.199
189.187
189.176
189.165
189.154
189.144
189.135
189.126
189.117
189.109
189.101
189.095
189.088
189.082
189.077
189.072
189.068
189.064
189.061
189.058
189.056
189.054
189.052
189.052
189.051
189.051
189.052
189.053
189.054
189.056
189.058
189.061
189.064
189.067
189.071
189.074
189.078
189.083
189.087
189.092
189.097
189.103
189.108
189.113
189.119
189.125
189.131
189.136
189.142
189.148
189.154
189.16
189.166
189.172
189.178
189.183
189.189
189.194
189.2
189.205
189.21
189.215
189.219
189.224
189.228
189.232
189.236
189.239
189.243
189.246
189.249
189.251
189.254
189.256
189.257
189.259
189.26
189.261
189.261
189.262
189.262
189.261
189.261
189.26
189.259
189.258
189.256
189.254
189.252
189.25
189.247
189.244
189.241
189.238
189.234
189.231
189.227
189.223
189.218
189.214
189.21
189.205
189.2
189.196
189.191
189.186
189.181
189.176
189.171
189.166
189.161
189.155
189.15
189.146
189.141
189.136
189.131
189.127
189.122
189.118
189.114
189.11
189.106
189.102
189.099
189.095
189.092
189.09
189.087
189.085
189.083
189.082
189.08
189.079
189.079
189.078
189.078
189.079
189.079
189.08
189.082
189.083
189.086
189.088
189.091
189.094
189.098
189.102
189.106
189.11
189.115
189.121
189.127
189.133
189.139
189.146
189.153
189.16
189.168
189.175
189.184
189.192
189.201
189.209
189.219
189.228
189.237
189.247
189.257
189.267
189.276
189.287
189.297
189.307
189.317
189.327
189.337
189.348
189.358
189.368
189.377
189.387
189.397
189.406
189.415
189.424
189.433
189.441
189.449
189.457
189.465
189.472
189.479
189.485
189.491
189.496
189.501
189.506
189.51
189.513
189.516
189.518
189.52
189.521
189.522
189.522
189.521
189.519
189.517
189.515
189.511
189.507
189.502
189.496
189.49
189.483
189.475
189.467
189.457
189.447
189.437
189.425
189.413
189.4
189.386
189.371
189.356
189.34
189.323
189.306
189.287
189.268
189.249
189.228
189.207
189.186
189.163
189.14
189.117
189.093
189.068
189.042
189.016
188.99
188.963
188.935
188.907
188.879
188.85
188.82
188.79
188.76
188.73
188.699
188.668
188.636
188.604
188.572
188.54
188.507
188.475
188.442
188.409
188.376
188.343
188.309
188.276
188.243
188.209
188.176
188.142
188.109
188.076
188.042
188.009
187.976
187.943
187.91
187.877
187.845
187.812
187.78
187.748
187.716
187.684
187.652
187.621
187.589
187.558
187.527
187.497
187.466
187.436
187.405
187.375
187.345
187.315
187.286
187.256
187.227
187.197
187.168
187.139
187.11
187.081
187.052
187.023
186.994
186.965
186.936
186.907
186.878
186.849
186.82
186.79
186.761
186.732
186.703
186.673
186.644
186.614
186.584
186.555
186.525
186.495
186.465
186.434
186.404
186.374
186.344
186.313
186.283
186.252
186.222
186.192
186.161
186.131
186.101
186.071
186.042
186.012
185.983
185.954
185.925
185.897
185.87
185.842
185.815
185.789
185.764
185.739
185.714
185.691
185.668
185.646
185.625
185.605
185.586
185.568
185.551
185.535
185.52
185.507
185.494
185.483
185.473
185.465
185.458
185.452
185.448
185.445
185.444
185.444
185.445
185.448
185.452
185.458
185.465
185.474
185.484
185.496
185.509
185.523
185.539
185.556
185.574
185.594
185.615
185.637
185.66
185.684
185.709
185.735
185.763
185.791
185.82
185.85
185.88
185.912
185.944
185.976
186.009
186.043
186.077
186.112
186.146
186.181
186.217
186.252
186.288
186.324
186.36
186.395
186.431
186.467
186.502
186.538
186.573
186.608
186.643
186.677
186.712
186.745
186.779
186.812
186.845
186.877
186.909
186.94
186.971
187.001
187.031
187.06
187.089
187.117
187.145
187.172
187.199
187.225
187.251
187.276
187.3
187.324
187.348
187.37
187.393
187.414
187.436
187.456
187.477
187.496
187.515
187.534
187.552
187.57
187.587
187.604
187.62
187.636
187.652
187.667
187.681
187.696
187.71
187.723
187.736
187.749
187.761
187.773
187.784
187.796
187.806
187.817
187.827
187.837
187.847
187.856
187.865
187.874
187.882
187.89
187.898
187.906
187.913
187.92
187.927
187.934
187.94
187.946
187.952
187.957
187.962
187.967
187.972
187.977
187.981
187.985
187.989
187.993
187.996
187.999
188.002
188.005
188.008
188.01
188.012
188.014
188.015
188.017
188.018
188.019
188.019
188.02
188.02
188.02
188.02
188.019
188.019
188.018
188.017
188.015
188.014
188.012
188.01
188.008
188.005
188.003
188
187.997
187.994
187.99
187.986
187.983
187.978
187.974
187.97
187.965
187.96
187.955
187.95
187.944
187.939
187.933
187.927
187.921
187.915
187.908
187.902
187.895
187.888
187.881
187.874
187.867
187.859
187.852
187.844
187.837
187.829
187.821
187.813
187.805
187.797
187.789
187.781
187.772
187.764
187.756
187.747
187.739
187.73
187.722
187.713
187.705
187.697
187.688
187.68
187.671
187.663
187.655
187.646
187.638
187.63
187.622
187.614
187.606
187.598
187.591
187.583
187.575
187.568
187.561
187.554
187.546
187.54
187.533
187.526
187.52
187.513
187.507
187.501
187.495
187.49
187.484
187.479
187.474
187.469
187.464
187.459
187.455
187.451
187.447
187.443
187.439
187.436
187.433
187.43
187.427
187.425
187.423
187.421
187.419
187.417
187.416
187.415
187.414
187.414
187.414
187.414
187.414
187.414
187.415
187.416
187.417
187.419
187.421
187.423
187.425
187.428
187.431
187.434
187.437
187.441
187.445
187.449
187.454
187.459
187.464
187.469
187.475
187.481
187.488
187.494
187.501
187.509
187.516
187.524
187.532
187.541
187.549
187.558
187.568
187.577
187.587
187.598
187.608
187.619
187.631
187.642
187.654
187.666
187.679
187.692
187.705
187.718
187.732
187.746
187.76
187.775
187.79
187.805
187.821
187.836
187.853
187.869
187.886
187.903
187.92
187.938
187.956
187.974
187.992
188.011
188.03
188.049
188.069
188.089
188.109
188.129
188.149
188.17
188.191
188.212
188.234
188.255
188.277
188.299
188.322
188.344
188.367
188.39
188.413
188.436
188.459
188.483
188.506
188.53
188.554
188.578
188.602
188.626
188.651
188.675
188.7
188.724
188.749
188.774
188.799
188.823
188.848
188.873
188.898
188.923
188.948
188.973
188.998
189.023
189.048
189.073
189.098
189.122
189.147
189.172
189.196
189.221
189.245
189.27
189.294
189.318
189.342
189.365
189.389
189.412
189.436
189.459
189.482
189.504
189.527
189.549
189.571
189.593
189.615
189.636
189.657
189.678
189.698
189.718
189.738
189.758
189.777
189.796
189.814
189.833
189.85
189.868
189.885
189.901
189.917
189.933
189.948
189.963
189.977
189.991
190.004
190.017
190.029
190.041
190.052
190.062
190.072
190.081
190.09
190.098
190.105
190.112
190.117
190.123
190.127
190.13
190.133
190.135
190.136
190.136
190.136
190.134
190.131
190.128
190.123
190.118
190.111
190.104
190.095
190.085
190.074
190.062
190.049
190.034
190.018
190.001
189.983
189.963
189.942
189.919
189.895
189.87
189.843
189.815
189.785
189.754
189.721
189.686
189.65
189.612
189.573
189.532
189.489
189.444
189.398
189.351
189.301
189.25
189.197
189.143
189.087
189.029
188.97
188.909
188.846
188.782
188.717
188.65
188.581
188.512
188.441
188.369
188.296
188.222
188.147
188.071
187.994
187.917
187.84
187.762
187.683
187.605
187.527
187.449
187.371
187.294
187.217
187.142
187.067
186.994
186.922
186.852
186.783
186.716
186.652
186.589
186.529
186.472
186.418
186.366
186.318
186.273
186.231
186.193
186.159
186.128
186.101
186.078
186.06
186.045
186.034
186.028
186.026
186.028
186.034
186.044
186.059
186.077
186.1
186.126
186.157
186.191
186.228
186.27
186.314
186.362
186.413
186.467
186.524
186.583
186.645
186.709
186.775
186.842
186.912
186.983
187.056
187.129
187.204
187.279
187.355
187.432
187.509
187.586
187.663
187.74
187.817
187.894
187.97
188.045
188.12
188.194
188.267
188.339
188.411
188.481
188.55
188.618
188.685
188.751
188.815
188.878
188.94
189
189.06
189.118
189.174
189.23
189.284
189.337
189.389
189.44
189.489
189.538
189.585
189.631
189.677
189.721
189.765
189.808
189.85
189.891
189.931
189.971
190.011
190.049
190.087
190.125
190.162
190.199
190.236
190.272
190.308
190.343
190.379
190.414
190.449
190.484
190.519
190.554
190.588
190.623
190.658
190.692
190.727
190.762
190.796
190.831
190.865
190.9
190.934
190.969
191.004
191.038
191.073
191.107
191.141
191.176
191.21
191.244
191.278
191.312
191.345
191.379
191.412
191.445
191.477
191.51
191.542
191.573
191.604
191.635
191.665
191.695
191.725
191.754
191.782
191.81
191.837
191.863
191.889
191.914
191.939
191.963
191.986
192.008
192.03
192.05
192.07
192.089
192.108
192.125
192.142
192.158
192.173
192.186
192.2
192.212
192.223
192.234
192.243
192.252
192.259
192.266
192.272
192.277
192.281
192.284
192.287
192.288
192.289
192.289
192.288
192.286
192.283
192.28
192.276
192.271
192.265
192.259
192.252
192.244
192.236
192.227
192.217
192.207
192.197
192.186
192.174
192.162
192.149
192.137
192.123
192.11
192.096
192.082
192.068
192.053
192.038
192.024
192.009
191.994
191.979
191.964
191.949
191.934
191.919
191.905
191.89
191.876
191.862
191.848
191.835
191.822
191.809
191.797
191.785
191.774
191.763
191.753
191.743
191.734
191.725
191.717
191.71
191.703
191.697
191.692
191.688
191.684
191.681
191.679
191.678
191.677
191.677
191.679
191.681
191.684
191.687
191.692
191.698
191.704
191.712
191.72
191.729
191.739
191.75
191.762
191.775
191.788
191.803
191.818
191.834
191.852
191.87
191.888
191.908
191.928
191.949
191.971
191.994
192.018
192.042
192.067
192.092
192.118
192.145
192.173
192.201
192.229
192.258
192.288
192.318
192.349
192.38
192.412
192.444
192.477
192.509
192.543
192.576
192.61
192.644
192.678
192.713
192.748
192.783
192.818
192.853
192.888
192.924
192.959
192.995
193.031
193.066
193.102
193.137
193.173
193.208
193.244
193.279
193.314
193.349
193.384
193.418
193.453
193.487
193.521
193.554
193.588
193.621
193.654
193.686
193.719
193.751
193.782
193.813
193.844
193.875
193.905
193.935
193.964
193.993
194.021
194.05
194.077
194.105
194.131
194.158
194.184
194.209
194.234
194.259
194.283
194.307
194.33
194.353
194.375
194.397
194.418
194.439
194.46
194.48
194.499
194.519
194.537
194.556
194.573
194.591
194.608
194.624
194.64
194.656
194.671
194.686
194.701
194.715
194.729
194.742
194.755
194.768
194.78
194.792
194.804
194.815
194.826
194.837
194.847
194.857
194.867
194.877
194.886
194.895
194.904
194.912
194.921
194.929
194.936
194.944
194.951
194.959
194.966
194.972
194.979
194.985
194.991
194.997
195.003
195.009
195.014
195.019
195.024
195.029
195.034
195.038
195.042
195.046
195.05
195.054
195.057
195.06
195.063
195.066
195.068
195.07
195.072
195.073
195.074
195.075
195.075
195.075
195.074
195.073
195.072
195.07
195.068
195.065
195.061
195.057
195.053
195.048
195.042
195.036
195.028
195.021
195.012
195.003
194.993
194.982
194.97
194.957
194.944
194.93
194.915
194.898
194.881
194.863
194.844
194.824
194.803
194.781
194.758
194.734
194.709
194.683
194.656
194.628
194.599
194.57
194.539
194.507
194.474
194.44
194.406
194.37
194.334
194.297
194.259
194.221
194.182
194.143
194.103
194.062
194.021
193.98
193.938
193.897
193.855
193.813
193.771
193.729
193.688
193.647
193.606
193.565
193.525
193.486
193.447
193.409
193.372
193.335
193.3
193.266
193.233
193.201
193.17
193.14
193.112
193.085
193.06
193.036
193.014
192.993
192.973
192.956
192.939
192.925
192.911
192.9
192.889
192.881
192.873
192.867
192.863
192.86
192.858
192.857
192.857
192.859
192.861
192.864
192.868
192.873
192.878
192.884
192.891
192.898
192.905
192.913
192.92
192.928
192.935
192.942
192.95
192.956
192.963
192.969
192.974
192.979
192.983
192.987
192.989
192.991
192.992
192.992
192.991
192.989
192.986
192.982
192.977
192.971
192.964
192.955
192.946
192.936
192.925
192.913
192.901
192.887
192.873
192.858
192.843
192.827
192.81
192.794
192.777
192.76
192.743
192.727
192.71
192.694
192.679
192.664
192.651
192.638
192.626
192.616
192.607
192.6
192.595
192.592
192.59
192.591
192.595
192.601
192.609
192.621
192.635
192.653
192.673
192.697
192.724
192.754
192.788
192.826
192.867
192.911
192.959
193.011
193.066
193.124
193.186
193.252
193.321
193.393
193.468
193.546
193.627
193.711
193.797
193.886
193.977
194.071
194.166
194.263
194.362
194.462
194.563
194.665
194.768
194.872
194.976
195.08
195.185
195.289
195.393
195.496
195.599
195.7
195.801
195.9
195.998
196.095
196.19
196.282
196.373
196.462
196.549
196.633
196.715
196.794
196.871
196.945
197.016
197.085
197.15
197.213
197.272
197.328
197.382
197.432
197.479
197.523
197.563
197.601
197.635
197.666
197.693
197.718
197.739
197.757
197.771
197.783
197.791
197.796
197.798
197.797
197.793
197.786
197.775
197.762
197.746
197.727
197.704
197.68
197.652
197.621
197.588
197.553
197.514
197.473
197.43
197.384
197.336
197.285
197.232
197.177
197.12
197.061
196.999
196.936
196.871
196.804
196.736
196.665
196.594
196.52
196.446
196.37
196.293
196.214
196.135
196.055
195.974
195.892
195.809
195.726
195.643
195.559
195.475
195.391
195.307
195.222
195.139
195.055
194.972
194.889
194.807
194.726
194.646
194.566
194.488
194.411
194.336
194.261
194.189
194.118
194.048
193.981
193.916
193.852
193.791
193.733
193.676
193.622
193.57
193.521
193.475
193.432
193.391
193.353
193.318
193.286
193.257
193.23
193.207
193.187
193.17
193.157
193.146
193.138
193.134
193.132
193.134
193.138
193.146
193.157
193.17
193.186
193.205
193.227
193.252
193.279
193.309
193.341
193.375
193.412
193.451
193.492
193.535
193.58
193.627
193.676
193.726
193.778
193.831
193.885
193.941
193.997
194.055
194.114
194.173
194.233
194.294
194.355
194.416
194.478
194.539
194.601
194.663
194.725
194.786
194.847
194.908
194.968
195.028
195.087
195.145
195.203
195.259
195.315
195.37
195.423
195.476
195.527
195.577
195.626
195.674
195.72
195.764
195.807
195.849
195.889
195.928
195.964
196
196.033
196.065
196.095
196.124
196.15
196.175
196.199
196.22
196.24
196.257
196.274
196.288
196.3
196.311
196.32
196.328
196.333
196.337
196.339
196.34
196.339
196.336
196.332
196.326
196.318
196.309
196.299
196.287
196.273
196.259
196.242
196.225
196.206
196.186
196.165
196.142
196.119
196.094
196.068
196.042
196.014
195.985
195.955
195.924
195.893
195.86
195.827
195.793
195.758
195.722
195.686
195.649
195.611
195.572
195.533
195.493
195.452
195.411
195.368
195.325
195.282
195.237
195.192
195.146
195.099
195.051
195.002
194.953
194.902
194.851
194.798
194.745
194.69
194.634
194.577
194.519
194.46
194.399
194.337
194.273
194.208
194.142
194.074
194.005
193.934
193.862
193.788
193.713
193.635
193.557
193.476
193.395
193.311
193.226
193.14
193.052
192.963
192.872
192.78
192.687
192.593
192.497
192.401
192.303
192.205
192.107
192.008
191.908
191.808
191.709
191.609
191.509
191.41
191.312
191.214
191.117
191.021
190.927
190.834
190.743
190.654
190.567
190.482
190.399
190.32
190.243
190.169
190.098
190.03
189.966
189.906
189.849
189.797
189.748
189.703
189.663
189.626
189.594
189.567
189.544
189.525
189.511
189.501
189.496
189.495
189.498
189.506
189.518
189.534
189.554
189.579
189.607
189.639
189.674
189.713
189.755
189.8
189.849
189.9
189.954
190.01
190.068
190.129
190.191
190.255
190.321
190.388
190.456
190.525
190.595
190.665
190.736
190.807
190.878
190.948
191.019
191.089
191.159
191.228
191.296
191.363
191.429
191.493
191.557
191.618
191.679
191.738
191.795
191.85
191.903
191.955
192.005
192.052
192.098
192.142
192.183
192.223
192.26
192.295
192.328
192.359
192.388
192.415
192.44
192.463
192.484
192.503
192.52
192.535
192.548
192.559
192.569
192.577
192.583
192.588
192.591
192.593
192.593
192.592
192.589
192.586
192.581
192.575
192.568
192.56
192.551
192.541
192.531
192.519
192.507
192.495
192.481
192.467
192.453
192.438
192.423
192.408
192.392
192.376
192.36
192.343
192.327
192.31
192.293
192.276
192.26
192.243
192.226
192.209
192.193
192.176
192.159
192.143
192.127
192.111
192.095
192.079
192.063
192.048
192.032
192.017
192.002
191.987
191.972
191.957
191.942
191.928
191.914
191.899
191.885
191.871
191.857
191.843
191.829
191.815
191.801
191.787
191.773
191.759
191.745
191.731
191.717
191.702
191.688
191.674
191.66
191.645
191.63
191.616
191.601
191.586
191.571
191.556
191.541
191.525
191.51
191.494
191.479
191.463
191.447
191.431
191.415
191.398
191.382
191.365
191.349
191.332
191.316
191.299
191.282
191.265
191.248
191.231
191.214
191.197
191.18
191.163
191.146
191.129
191.112
191.095
191.079
191.062
191.045
191.028
191.012
190.996
190.979
190.963
190.947
190.931
190.915
190.9
190.884
190.869
190.853
190.838
190.824
190.809
190.794
190.78
190.766
190.752
190.738
190.724
190.711
190.697
190.684
190.671
190.659
190.646
190.633
190.621
190.609
190.597
190.585
190.573
190.561
190.55
190.538
190.527
190.516
190.505
190.493
190.482
190.471
190.46
190.45
190.439
190.428
190.417
190.406
190.395
190.384
190.373
190.362
190.351
190.34
190.329
190.318
190.306
190.295
190.283
190.271
190.259
190.247
190.235
190.223
190.21
190.198
190.185
190.172
190.159
190.145
190.131
190.117
190.103
190.089
190.074
190.059
190.044
190.028
190.013
189.997
189.98
189.964
189.947
189.93
189.912
189.894
189.876
189.857
189.839
189.819
189.8
189.78
189.76
189.739
189.718
189.697
189.675
189.653
189.631
189.608
189.585
189.562
189.538
189.513
189.489
189.463
189.438
189.412
189.386
189.359
189.332
189.304
189.276
189.248
189.219
189.19
189.16
189.13
189.1
189.069
189.038
189.006
188.974
188.941
188.908
188.875
188.841
188.807
188.773
188.738
188.702
188.666
188.63
188.594
188.557
188.519
188.482
188.444
188.405
188.367
188.328
188.288
188.249
188.209
188.168
188.128
188.087
188.046
188.005
187.964
187.922
187.881
187.839
187.797
187.755
187.713
187.671
187.628
187.586
187.544
187.502
187.46
187.418
187.376
187.334
187.293
187.252
187.211
187.17
187.13
187.09
187.05
187.011
186.972
186.933
186.895
186.858
186.821
186.785
186.749
186.714
186.68
186.646
186.613
186.581
186.55
186.519
186.489
186.46
186.432
186.405
186.379
186.353
186.329
186.305
186.282
186.261
186.24
186.22
186.201
186.184
186.167
186.151
186.136
186.122
186.109
186.098
186.087
186.077
186.067
186.059
186.052
186.046
186.04
186.036
186.032
186.029
186.026
186.025
186.024
186.024
186.025
186.026
186.028
186.031
186.034
186.038
186.042
186.047
186.052
186.057
186.063
186.07
186.076
186.083
186.09
186.098
186.106
186.113
186.121
186.13
186.138
186.146
186.154
186.163
186.171
186.18
186.188
186.196
186.204
186.212
186.22
186.228
186.235
186.243
186.25
186.257
186.264
186.27
186.276
186.282
186.288
186.293
186.298
186.303
186.307
186.311
186.315
186.319
186.322
186.324
186.327
186.329
186.33
186.332
186.332
186.333
186.333
186.333
186.333
186.332
186.33
186.329
186.327
186.325
186.322
186.319
186.316
186.312
186.308
186.304
186.3
186.295
186.289
186.284
186.278
186.272
186.266
186.259
186.252
186.245
186.238
186.23
186.223
186.215
186.206
186.198
186.189
186.18
186.171
186.162
186.152
186.143
186.133
186.123
186.113
186.103
186.092
186.082
186.071
186.06
186.05
186.039
186.028
186.016
186.005
185.994
185.982
185.971
185.959
185.948
185.936
185.925
185.913
185.901
185.889
185.877
185.866
185.854
185.842
185.83
185.818
185.806
185.795
185.783
185.771
185.759
185.747
185.735
185.724
185.712
185.7
185.689
185.677
185.666
185.654
185.643
185.631
185.62
185.609
185.598
185.587
185.576
185.565
185.554
185.543
185.532
185.521
185.511
185.5
185.49
185.479
185.469
185.459
185.449
185.439
185.429
185.419
185.41
185.4
185.39
185.381
185.372
185.363
185.353
185.344
185.336
185.327
185.318
185.31
185.301
185.293
185.284
185.276
185.268
185.26
185.252
185.245
185.237
185.23
185.222
185.215
185.208
185.201
185.194
185.187
185.18
185.174
185.167
185.161
185.155
185.148
185.142
185.136
185.13
185.125
185.119
185.114
185.108
185.103
185.098
185.092
185.087
185.082
185.078
185.073
185.068
185.064
185.059
185.055
185.051
185.047
185.043
185.039
185.035
185.031
185.028
185.024
185.021
185.017
185.014
185.011
185.008
185.005
185.002
184.999
184.996
184.993
184.991
184.988
184.986
184.983
184.981
184.979
184.977
184.975
184.973
184.971
184.969
184.967
184.965
184.963
184.962
184.96
184.958
184.957
184.956
184.954
184.953
184.951
184.95
184.949
184.948
184.947
184.946
184.945
184.944
184.943
184.942
184.941
184.94
184.939
184.938
184.937
184.937
184.936
184.935
184.935
184.934
184.933
184.932
184.932
184.931
184.931
184.93
184.929
184.929
184.928
184.927
184.927
184.926
184.925
184.925
184.924
184.924
184.923
184.922
184.921
184.921
184.92
184.919
184.918
184.918
184.917
184.916
184.915
184.914
184.913
184.912
184.911
184.91
184.909
184.908
184.906
184.905
184.904
184.903
184.901
184.9
184.898
184.897
184.895
184.894
184.892
184.89
184.888
184.887
184.885
184.883
184.881
184.879
184.877
184.874
184.872
184.87
184.867
184.865
184.862
184.86
184.857
184.855
184.852
184.849
184.846
184.843
184.84
184.837
184.834
184.831
184.827
184.824
184.821
184.817
184.814
184.81
184.806
184.803
184.799
184.795
184.791
184.787
184.783
184.779
184.775
184.771
184.767
184.762
184.758
184.754
184.749
184.745
184.74
184.736
184.731
184.727
184.722
184.717
184.713
184.708
184.703
184.698
184.694
184.689
184.684
184.679
184.674
184.67
184.665
184.66
184.655
184.65
184.646
184.641
184.636
184.632
184.627
184.622
184.618
184.613
184.609
184.604
184.6
184.595
184.591
184.587
184.582
184.578
184.574
184.57
184.566
184.563
184.559
184.555
184.552
184.548
184.545
184.542
184.539
184.536
184.533
184.53
184.527
184.525
184.523
184.52
184.518
184.516
184.514
184.513
184.511
184.51
184.509
184.508
184.507
184.506
184.505
184.505
184.505
184.505
184.505
184.505
184.506
184.506
184.507
184.508
184.509
184.51
184.512
184.514
184.515
184.517
184.52
184.522
184.525
184.527
184.53
184.533
184.536
184.54
184.543
184.547
184.551
184.555
184.559
184.563
184.568
184.572
184.577
184.582
184.587
184.592
184.597
184.603
184.608
184.613
184.619
184.625
184.631
184.637
184.643
184.649
184.655
184.661
184.667
184.673
184.679
184.686
184.692
184.698
184.704
184.711
184.717
184.723
184.729
184.735
184.741
184.747
184.753
184.759
184.765
184.77
184.776
184.781
184.786
184.791
184.796
184.801
184.805
184.81
184.814
184.818
184.822
184.825
184.828
184.831
184.834
184.836
184.838
184.84
184.842
184.843
184.844
184.844
184.845
184.844
184.844
184.843
184.842
184.84
184.838
184.835
184.833
184.829
184.825
184.821
184.817
184.811
184.806
184.8
184.793
184.786
184.779
184.771
184.763
184.754
184.745
184.735
184.725
184.714
184.703
184.691
184.679
184.667
184.654
184.64
184.626
184.612
184.597
184.582
184.567
184.551
184.535
184.518
184.501
184.484
184.467
184.449
184.431
184.413
184.394
184.376
184.357
184.338
184.318
184.299
184.28
184.26
184.241
184.221
184.202
184.182
184.163
184.144
184.125
184.106
184.087
184.068
184.05
184.031
184.014
183.996
183.979
183.962
183.945
183.929
183.914
183.898
183.884
183.869
183.856
183.842
183.83
183.818
183.806
183.795
183.785
183.776
183.767
183.758
183.751
183.744
183.738
183.733
183.728
183.724
183.721
183.719
183.718
183.717
183.717
183.718
183.72
183.723
183.726
183.73
183.736
183.742
183.749
183.757
183.766
183.776
183.786
183.798
183.81
183.824
183.838
183.854
183.87
183.888
183.906
183.925
183.946
183.967
183.989
184.013
184.037
184.062
184.088
184.116
184.144
184.173
184.204
184.235
184.267
184.301
184.335
184.37
184.407
184.444
184.482
184.521
184.561
184.601
184.643
184.686
184.729
184.773
184.818
184.864
184.91
184.957
185.005
185.053
185.102
185.152
185.202
185.252
185.303
185.355
185.406
185.459
185.511
185.564
185.617
185.67
185.723
185.777
185.83
185.884
185.937
185.991
186.044
186.098
186.151
186.204
186.257
186.309
186.361
186.413
186.465
186.516
186.566
186.616
186.666
186.715
186.764
186.812
186.859
186.906
186.952
186.998
187.043
187.087
187.13
187.172
187.214
187.255
187.295
187.334
187.373
187.41
187.447
187.483
187.518
187.551
187.584
187.617
187.648
187.678
187.707
187.735
187.762
187.788
187.814
187.838
187.861
187.883
187.904
187.925
187.944
187.962
187.979
187.995
188.01
188.024
188.037
188.049
188.06
188.07
188.079
188.088
188.095
188.101
188.106
188.11
188.113
188.115
188.117
188.117
188.117
188.115
188.113
188.11
188.106
188.101
188.095
188.088
188.081
188.073
188.064
188.054
188.044
188.033
188.021
188.009
187.996
187.983
187.969
187.954
187.939
187.923
187.907
187.891
187.874
187.857
187.839
187.821
187.803
187.785
187.767
187.748
187.729
187.71
187.692
187.673
187.654
187.635
187.617
187.598
187.58
187.562
187.545
187.527
187.51
187.494
187.478
187.462
187.447
187.432
187.418
187.405
187.392
187.38
187.369
187.359
187.349
187.34
187.332
187.325
187.319
187.314
187.31
187.307
187.305
187.304
187.304
187.305
187.307
187.311
187.315
187.321
187.328
187.336
187.345
187.355
187.367
187.38
187.394
187.409
187.425
187.442
187.461
187.481
187.502
187.524
187.547
187.571
187.596
187.622
187.65
187.678
187.707
187.738
187.769
187.801
187.834
187.867
187.902
187.937
187.973
188.01
188.047
188.085
188.124
188.163
188.203
188.243
188.283
188.324
188.365
188.407
188.448
188.491
188.533
188.575
188.618
188.66
188.703
188.745
188.788
188.831
188.873
188.915
188.957
188.999
189.041
189.083
189.124
189.164
189.205
189.245
189.285
189.324
189.363
189.401
189.439
189.476
189.513
189.549
189.585
189.62
189.655
189.688
189.722
189.754
189.786
189.817
189.848
189.878
189.907
189.935
189.963
189.99
190.017
190.042
190.067
190.091
190.115
190.138
190.16
190.181
190.202
190.222
190.241
190.26
190.278
190.295
190.311
190.327
190.342
190.357
190.371
190.384
190.397
190.409
190.421
190.432
190.442
190.452
190.461
190.47
190.478
190.486
190.494
190.501
190.507
190.513
190.519
190.524
190.529
190.533
190.538
190.541
190.545
190.548
190.551
190.554
190.557
190.559
190.561
190.563
190.565
190.567
190.569
190.57
190.572
190.573
190.574
190.576
190.577
190.578
190.58
190.581
190.583
190.584
190.586
190.588
190.59
190.592
190.594
190.597
190.599
190.602
190.605
190.609
190.612
190.616
190.62
190.624
190.629
190.634
190.639
190.645
190.651
190.657
190.664
190.671
190.679
190.686
190.695
190.703
190.712
190.722
190.731
190.741
190.752
190.763
190.774
190.786
190.798
190.811
190.824
190.837
190.851
190.865
190.88
190.895
190.91
190.926
190.942
190.959
190.976
190.993
191.011
191.029
191.047
191.066
191.085
191.104
191.124
191.144
191.164
191.184
191.205
191.226
191.247
191.269
191.29
191.312
191.334
191.356
191.379
191.401
191.424
191.447
191.47
191.493
191.516
191.539
191.562
191.586
191.609
191.633
191.656
191.679
191.703
191.726
191.749
191.773
191.796
191.819
191.842
191.865
191.887
191.91
191.932
191.955
191.977
191.999
192.021
192.042
192.064
192.085
192.106
192.126
192.147
192.167
192.187
192.206
192.225
192.244
192.263
192.281
192.3
192.317
192.335
192.352
192.369
192.385
192.401
192.417
192.432
192.447
192.462
192.476
192.49
192.504
192.517
192.53
192.543
192.555
192.567
192.578
192.59
192.6
192.611
192.621
192.631
192.641
192.65
192.659
192.668
192.677
192.685
192.693
192.701
192.708
192.716
192.723
192.73
192.736
192.743
192.749
192.756
192.762
192.768
192.774
192.78
192.785
192.791
192.797
192.802
192.808
192.813
192.819
192.825
192.83
192.836
192.842
192.848
192.854
192.86
192.866
192.872
192.879
192.885
192.892
192.899
192.906
192.913
192.921
192.928
192.936
192.944
192.953
192.961
192.97
192.979
192.988
192.998
193.007
193.017
193.027
193.038
193.049
193.059
193.07
193.082
193.093
193.105
193.117
193.129
193.141
193.154
193.166
193.179
193.192
193.205
193.218
193.231
193.245
193.258
193.271
193.285
193.298
193.311
193.324
193.338
193.351
193.364
193.376
193.389
193.401
193.414
193.426
193.437
193.449
193.46
193.471
193.481
193.491
193.501
193.51
193.519
193.527
193.534
193.541
193.548
193.553
193.559
193.563
193.567
193.57
193.572
193.573
193.574
193.574
193.572
193.57
193.567
193.563
193.558
193.552
193.545
193.537
193.528
193.518
193.506
193.493
193.48
193.465
193.448
193.431
193.412
193.392
193.371
193.349
193.325
193.3
193.273
193.246
193.217
193.186
193.155
193.122
193.088
193.052
193.016
192.978
192.939
192.898
192.857
192.814
192.77
192.725
192.679
192.633
192.585
192.536
192.486
192.436
192.385
192.333
192.28
192.227
192.174
192.12
192.066
192.011
191.956
191.902
191.847
191.792
191.737
191.683
191.629
191.576
191.522
191.47
191.418
191.367
191.317
191.268
191.22
191.173
191.127
191.082
191.039
190.997
190.956
190.918
190.88
190.844
190.81
190.778
190.747
190.718
190.691
190.665
190.642
190.62
190.6
190.581
190.565
190.55
190.536
190.525
190.515
190.506
190.499
190.493
190.489
190.485
190.483
190.483
190.483
190.484
190.485
190.488
190.491
190.495
190.499
190.504
190.509
190.514
190.519
190.524
190.529
190.533
190.538
190.541
190.545
190.548
190.55
190.551
190.552
190.551
190.55
190.548
190.545
190.54
190.534
190.528
190.519
190.51
190.499
190.487
190.474
190.459
190.443
190.425
190.406
190.385
190.363
190.34
190.315
190.289
190.262
190.233
190.203
190.172
190.14
190.106
190.072
190.036
189.999
189.961
189.923
189.883
189.843
189.802
189.761
189.719
189.676
189.633
189.589
189.546
189.502
189.458
189.413
189.369
189.325
189.281
189.238
189.194
189.151
189.109
189.067
189.026
188.985
188.945
188.906
188.868
188.83
188.794
188.759
188.725
188.692
188.66
188.63
188.601
188.573
188.547
188.522
188.498
188.476
188.456
188.437
188.42
188.404
188.39
188.378
188.367
188.357
188.35
188.344
188.339
188.337
188.335
188.336
188.338
188.341
188.346
188.353
188.361
188.371
188.382
188.394
188.408
188.423
188.44
188.458
188.477
188.497
188.519
188.541
188.565
188.59
188.616
188.643
188.671
188.699
188.729
188.76
188.791
188.823
188.856
188.89
188.925
188.96
188.995
189.032
189.068
189.106
189.143
189.182
189.22
189.259
189.299
189.339
189.379
189.419
189.46
189.501
189.542
189.583
189.625
189.666
189.708
189.75
189.792
189.834
189.876
189.917
189.959
190.001
190.043
190.085
190.127
190.169
190.21
190.252
190.293
190.334
190.375
190.416
190.456
190.497
190.537
190.577
190.616
190.656
190.695
190.733
190.772
190.81
190.848
190.885
190.922
190.959
190.995
191.031
191.066
191.101
191.136
191.17
191.204
191.237
191.27
191.302
191.334
191.365
191.395
191.426
191.455
191.484
191.513
191.541
191.568
191.595
191.621
191.646
191.671
191.695
191.719
191.742
191.764
191.786
191.807
191.828
191.847
191.866
191.885
191.902
191.919
191.936
191.951
191.966
191.981
191.994
192.007
192.019
192.031
192.041
192.051
192.061
192.069
192.077
192.085
192.091
192.097
192.102
192.107
192.111
192.114
192.116
192.118
192.119
192.12
192.12
192.119
192.117
192.115
192.113
192.109
192.105
192.101
192.096
192.09
192.084
192.077
192.07
192.062
192.053
192.044
192.035
192.025
192.015
192.004
191.992
191.98
191.968
191.955
191.942
191.928
191.914
191.9
191.885
191.87
191.855
191.839
191.823
191.806
191.79
191.773
191.755
191.738
191.72
191.702
191.684
191.665
191.647
191.628
191.609
191.59
191.571
191.551
191.532
191.512
191.492
191.473
191.453
191.433
191.413
191.393
191.373
191.354
191.334
191.314
191.294
191.275
191.255
191.236
191.216
191.197
191.178
191.159
191.14
191.122
191.103
191.085
191.067
191.05
191.032
191.015
190.998
190.981
190.965
190.949
190.934
190.918
190.903
190.889
190.875
190.861
190.847
190.835
190.822
190.81
190.798
190.787
190.777
190.767
190.757
190.748
190.739
190.731
190.724
190.717
190.71
190.705
190.699
190.695
190.691
190.687
190.684
190.682
190.68
190.679
190.679
190.679
190.68
190.682
190.684
190.687
190.69
190.694
190.699
190.705
190.711
190.717
190.725
190.733
190.741
190.75
190.76
190.771
190.782
190.793
190.806
190.819
190.832
190.846
190.861
190.876
190.891
190.908
190.924
190.942
190.959
190.978
190.996
191.015
191.035
191.055
191.076
191.096
191.118
191.139
191.161
191.183
191.206
191.229
191.252
191.275
191.299
191.323
191.347
191.371
191.396
191.42
191.445
191.47
191.495
191.52
191.545
191.57
191.595
191.62
191.645
191.67
191.695
191.72
191.744
191.769
191.793
191.818
191.842
191.866
191.89
191.913
191.936
191.959
191.982
192.005
192.027
192.048
192.07
192.091
192.112
192.132
192.152
192.172
192.191
192.209
192.227
192.245
192.262
192.279
192.296
192.311
192.326
192.341
192.355
192.369
192.382
192.394
192.406
192.418
192.428
192.439
192.448
192.457
192.465
192.473
192.48
192.486
192.492
192.497
192.502
192.506
192.509
192.512
192.513
192.515
192.515
192.515
192.515
192.513
192.512
192.509
192.506
192.502
192.497
192.492
192.487
192.48
192.473
192.466
192.457
192.449
192.439
192.429
192.419
192.408
192.396
192.384
192.371
192.358
192.344
192.33
192.315
192.3
192.284
192.268
192.252
192.235
192.217
192.2
192.181
192.163
192.144
192.125
192.105
192.086
192.065
192.045
192.024
192.004
191.983
191.961
191.94
191.918
191.897
191.875
191.853
191.831
191.809
191.787
191.765
191.743
191.72
191.698
191.676
191.654
191.632
191.61
191.589
191.567
191.546
191.524
191.503
191.482
191.461
191.441
191.421
191.401
191.381
191.361
191.342
191.323
191.304
191.286
191.268
191.25
191.232
191.215
191.198
191.182
191.166
191.15
191.135
191.12
191.105
191.09
191.076
191.063
191.049
191.036
191.024
191.012
191
190.988
190.977
190.966
190.955
190.945
190.935
190.925
190.915
190.906
190.897
190.889
190.88
190.872
190.864
190.857
190.849
190.842
190.835
190.828
190.822
190.815
190.809
190.803
190.797
190.791
190.785
190.779
190.774
190.768
190.763
190.758
190.752
190.747
190.742
190.737
190.732
190.727
190.722
190.717
190.711
190.706
190.701
190.696
190.691
190.686
190.68
190.675
190.669
190.664
190.658
190.652
190.646
190.64
190.634
190.628
190.621
190.615
190.608
190.601
190.594
190.586
190.579
190.571
190.563
190.555
190.546
190.537
190.528
190.519
190.51
190.5
190.49
190.48
190.469
190.458
190.447
190.435
190.423
190.411
190.398
190.385
190.372
190.358
190.344
190.329
190.315
190.299
190.284
190.267
190.251
190.234
190.216
190.199
190.18
190.162
190.142
190.123
190.103
190.082
190.061
190.04
190.018
189.996
189.973
189.949
189.926
189.902
189.877
189.852
189.826
189.801
189.774
189.747
189.72
189.693
189.665
189.636
189.608
189.578
189.549
189.519
189.489
189.458
189.427
189.396
189.365
189.333
189.301
189.269
189.236
189.204
189.171
189.137
189.104
189.071
189.037
189.003
188.969
188.935
188.901
188.867
188.832
188.798
188.764
188.729
188.695
188.66
188.626
188.591
188.557
188.522
188.488
188.453
188.419
188.385
188.351
188.316
188.282
188.248
188.214
188.18
188.147
188.113
188.079
188.046
188.012
187.979
187.945
187.912
187.879
187.845
187.812
187.779
187.746
187.713
187.68
187.647
187.614
187.581
187.548
187.515
187.482
187.449
187.416
187.382
187.349
187.316
187.282
187.249
187.215
187.181
187.147
187.113
187.079
187.044
187.01
186.975
186.94
186.905
186.87
186.835
186.799
186.763
186.727
186.691
186.655
186.618
186.581
186.544
186.507
186.469
186.432
186.394
186.356
186.318
186.28
186.241
186.203
186.164
186.125
186.086
186.047
186.008
185.969
185.93
185.891
185.852
185.813
185.774
185.736
185.697
185.659
185.621
185.583
185.545
185.508
185.471
185.435
185.398
185.363
185.328
185.293
185.259
185.226
185.193
185.162
185.13
185.1
185.071
185.042
185.014
184.988
184.962
184.937
184.913
184.891
184.869
184.849
184.83
184.812
184.795
184.779
184.765
184.752
184.74
184.729
184.72
184.712
184.705
184.699
184.695
184.691
184.689
184.688
184.689
184.69
184.693
184.696
184.701
184.707
184.713
184.721
184.729
184.738
184.748
184.759
184.771
184.783
184.796
184.809
184.823
184.837
184.852
184.866
184.882
184.897
184.913
184.929
184.945
184.961
184.977
184.994
185.01
185.026
185.042
185.058
185.074
185.089
185.105
185.12
185.135
185.15
185.164
185.179
185.193
185.207
185.22
185.234
185.247
185.26
185.274
185.286
185.299
185.312
185.325
185.337
185.35
185.363
185.376
185.389
185.402
185.416
185.429
185.443
185.458
185.473
185.488
185.504
185.521
185.538
185.556
185.574
185.593
185.614
185.634
185.656
185.679
185.703
185.728
185.754
185.781
185.809
185.838
185.868
185.9
185.933
185.966
186.002
186.038
186.076
186.115
186.155
186.196
186.239
186.283
186.328
186.374
186.421
186.469
186.519
186.569
186.621
186.673
186.727
186.781
186.836
186.892
186.948
187.005
187.063
187.122
187.181
187.24
187.3
187.359
187.42
187.48
187.541
187.601
187.662
187.722
187.782
187.842
187.902
187.961
188.02
188.079
188.137
188.194
188.251
188.307
188.362
188.417
188.47
188.523
188.574
188.625
188.675
188.723
188.771
188.817
188.862
188.905
188.948
188.989
189.029
189.067
189.104
189.139
189.174
189.206
189.237
189.267
189.295
189.322
189.347
189.371
189.393
189.413
189.432
189.449
189.465
189.479
189.492
189.503
189.513
189.521
189.528
189.533
189.537
189.539
189.54
189.539
189.537
189.533
189.528
189.522
189.515
189.506
189.496
189.484
189.472
189.458
189.443
189.427
189.409
189.391
189.372
189.351
189.33
189.308
189.285
189.261
189.236
189.211
189.185
189.158
189.13
189.102
189.074
189.045
189.015
188.985
188.955
188.924
188.893
188.862
188.831
188.799
188.768
188.737
188.705
188.674
188.642
188.611
188.58
188.55
188.519
188.489
188.46
188.431
188.402
188.374
188.346
188.319
188.293
188.267
188.242
188.218
188.195
188.172
188.151
188.13
188.11
188.091
188.073
188.056
188.04
188.025
188.011
187.998
187.986
187.975
187.965
187.956
187.949
187.942
187.936
187.932
187.929
187.927
187.925
187.925
187.926
187.928
187.931
187.935
187.94
187.946
187.953
187.96
187.969
187.979
187.989
188
188.012
188.025
188.039
188.053
188.068
188.083
188.099
188.116
188.134
188.151
188.17
188.189
188.208
188.228
188.248
188.268
188.289
188.31
188.331
188.353
188.374
188.396
188.418
188.44
188.463
188.485
188.507
188.529
188.552
188.574
188.596
188.619
188.641
188.663
188.684
188.706
188.728
188.749
188.77
188.791
188.812
188.832
188.853
188.873
188.892
188.912
188.931
188.95
188.968
188.986
189.004
189.022
189.039
189.056
189.072
189.088
189.104
189.119
189.134
189.149
189.163
189.177
189.191
189.204
189.217
189.229
189.241
189.253
189.264
189.275
189.285
189.295
189.305
189.314
189.323
189.332
189.34
189.348
189.355
189.362
189.369
189.375
189.381
189.387
189.392
189.397
189.401
189.406
189.409
189.413
189.416
189.419
189.421
189.424
189.426
189.427
189.428
189.429
189.43
189.43
189.43
189.43
189.429
189.429
189.427
189.426
189.424
189.422
189.42
189.418
189.415
189.412
189.409
189.406
189.402
189.398
189.394
189.39
189.385
189.381
189.376
189.371
189.366
189.36
189.355
189.349
189.343
189.337
189.331
189.324
189.318
189.311
189.305
189.298
189.291
189.284
189.277
189.27
189.262
189.255
189.247
189.24
189.232
189.225
189.217
189.209
189.202
189.194
189.186
189.178
189.171
189.163
189.155
189.147
189.139
189.132
189.124
189.116
189.108
189.101
189.093
189.085
189.078
189.07
189.063
189.055
189.048
189.04
189.033
189.026
189.019
189.012
189.005
188.998
188.991
188.984
188.978
188.971
188.965
188.958
188.952
188.946
188.94
188.934
188.928
188.922
188.916
188.911
188.905
188.9
188.894
188.889
188.884
188.879
188.875
188.87
188.866
188.861
188.857
188.853
188.849
188.845
188.841
188.838
188.834
188.831
188.828
188.825
188.822
188.819
188.816
188.814
188.812
188.809
188.807
188.806
188.804
188.802
188.801
188.799
188.798
188.797
188.796
188.796
188.795
188.795
188.794
188.794
188.794
188.794
188.794
188.794
188.795
188.795
188.796
188.797
188.797
188.798
188.799
188.8
188.801
188.802
188.804
188.805
188.806
188.807
188.809
188.81
188.811
188.813
188.814
188.815
188.817
188.818
188.819
188.82
188.821
188.822
188.823
188.824
188.825
188.825
188.826
188.826
188.826
188.826
188.826
188.826
188.825
188.825
188.824
188.823
188.821
188.82
188.818
188.816
188.814
188.811
188.808
188.805
188.802
188.798
188.794
188.79
188.785
188.78
188.775
188.77
188.764
188.757
188.751
188.744
188.736
188.728
188.72
188.712
188.703
188.693
188.683
188.673
188.663
188.651
188.64
188.628
188.616
188.603
188.59
188.576
188.562
188.547
188.532
188.516
188.5
188.483
188.466
188.448
188.43
188.412
188.392
188.373
188.352
188.332
188.31
188.288
188.266
188.243
188.219
188.195
188.17
188.145
188.119
188.092
188.065
188.038
188.009
187.98
187.95
187.92
187.889
187.857
187.825
187.792
187.758
187.724
187.689
187.653
187.617
187.58
187.542
187.503
187.464
187.424
187.383
187.341
187.299
187.255
187.211
187.167
187.121
187.075
187.028
186.98
186.931
186.882
186.831
186.78
186.728
186.675
186.622
186.568
186.512
186.456
186.4
186.342
186.284
186.225
186.165
186.105
186.043
185.982
185.919
185.856
185.792
185.727
185.662
185.596
185.53
185.463
185.395
185.327
185.259
185.191
185.122
185.052
184.983
184.913
184.843
184.773
184.703
184.633
184.562
184.493
184.423
184.353
184.284
184.215
184.147
184.079
184.011
183.945
183.879
183.814
183.749
183.686
183.624
183.563
183.503
183.444
183.386
183.33
183.276
183.223
183.171
183.122
183.074
183.028
182.983
182.941
182.9
182.862
182.826
182.791
182.759
182.729
182.702
182.676
182.653
182.632
182.613
182.596
182.582
182.57
182.56
182.552
182.547
182.544
182.543
182.544
182.547
182.552
182.559
182.568
182.578
182.591
182.605
182.621
182.639
182.658
182.678
182.7
182.724
182.748
182.774
182.801
182.828
182.857
182.886
182.917
182.948
182.979
183.011
183.044
183.077
183.11
183.144
183.178
183.212
183.246
183.28
183.314
183.348
183.382
183.415
183.449
183.482
183.515
183.548
183.58
183.612
183.644
183.675
183.705
183.736
183.765
183.795
183.823
183.852
183.879
183.907
183.934
183.96
183.986
184.011
184.036
184.061
184.085
184.108
184.132
184.154
184.177
184.199
184.221
184.242
184.264
184.285
184.305
184.326
184.346
184.367
184.387
184.407
184.426
184.446
184.466
184.486
184.505
184.525
184.545
184.565
184.585
184.605
184.625
184.646
184.666
184.687
184.708
184.729
184.75
184.771
184.793
184.815
184.837
184.859
184.882
184.905
184.928
184.951
184.975
184.998
185.023
185.047
185.071
185.096
185.121
185.146
185.171
185.197
185.223
185.249
185.275
185.301
185.327
185.353
185.38
185.407
185.433
185.46
185.487
185.514
185.541
185.567
185.594
185.621
185.648
185.675
185.702
185.728
185.755
185.782
185.808
185.834
185.861
185.887
185.913
185.939
185.964
185.99
186.015
186.041
186.066
186.091
186.116
186.14
186.165
186.189
186.213
186.237
186.261
186.284
186.308
186.331
186.354
186.377
186.399
186.422
186.444
186.466
186.488
186.51
186.532
186.553
186.575
186.596
186.617
186.638
186.659
186.679
186.7
186.72
186.74
186.76
186.78
186.8
186.82
186.839
186.859
186.878
186.897
186.916
186.935
186.954
186.973
186.991
187.01
187.028
187.046
187.064
187.082
187.099
187.117
187.134
187.151
187.168
187.185
187.201
187.217
187.234
187.249
187.265
187.281
187.296
187.311
187.325
187.34
187.354
187.368
187.381
187.395
187.408
187.42
187.433
187.445
187.456
187.468
187.478
187.489
187.499
187.509
187.518
187.527
187.535
187.543
187.551
187.558
187.565
187.571
187.577
187.582
187.587
187.591
187.594
187.598
187.6
187.602
187.604
187.605
187.605
187.605
187.604
187.603
187.601
187.598
187.595
187.591
187.586
187.581
187.576
187.569
187.562
187.554
187.546
187.537
187.527
187.516
187.505
187.493
187.481
187.467
187.453
187.438
187.423
187.406
187.389
187.371
187.353
187.333
187.313
187.292
187.27
187.247
187.224
187.2
187.175
187.149
187.122
187.094
187.066
187.036
187.006
186.975
186.943
186.91
186.876
186.841
186.806
186.769
186.732
186.693
186.654
186.614
186.573
186.531
186.487
186.444
186.399
186.353
186.306
186.258
186.21
186.16
186.11
186.058
186.006
185.952
185.898
185.843
185.787
185.73
185.673
185.614
185.555
185.495
185.434
185.372
185.309
185.246
185.182
185.117
185.052
184.985
184.919
184.851
184.784
184.715
184.646
184.577
184.507
184.437
184.366
184.296
184.225
184.153
184.082
184.01
183.939
183.867
183.795
183.723
183.652
183.581
183.509
183.439
183.368
183.298
183.228
183.159
183.09
183.022
182.955
182.888
182.822
182.757
182.692
182.629
182.566
182.505
182.444
182.385
182.326
182.269
182.213
182.159
182.105
182.053
182.003
181.953
181.905
181.859
181.814
181.77
181.728
181.688
181.649
181.611
181.575
181.541
181.508
181.476
181.447
181.418
181.392
181.366
181.343
181.32
181.3
181.28
181.262
181.246
181.231
181.217
181.205
181.194
181.184
181.176
181.168
181.162
181.157
181.154
181.151
181.149
181.148
181.148
181.15
181.152
181.154
181.158
181.162
181.167
181.173
181.18
181.187
181.194
181.202
181.211
181.22
181.23
181.24
181.25
181.261
181.272
181.283
181.294
181.306
181.318
181.33
181.342
181.354
181.367
181.379
181.392
181.405
181.417
181.43
181.443
181.456
181.468
181.481
181.494
181.507
181.519
181.532
181.544
181.557
181.57
181.582
181.595
181.607
181.619
181.632
181.644
181.657
181.669
181.681
181.694
181.706
181.718
181.731
181.743
181.756
181.768
181.781
181.794
181.807
181.82
181.833
181.846
181.859
181.873
181.886
181.9
181.914
181.928
181.943
181.957
181.972
181.987
182.002
182.018
182.034
182.05
182.066
182.082
182.099
182.116
182.134
182.152
182.17
182.188
182.207
182.226
182.246
182.265
182.286
182.306
182.327
182.348
182.37
182.392
182.414
182.437
182.46
182.483
182.507
182.531
182.556
182.581
182.606
182.632
182.658
182.685
182.712
182.739
182.767
182.795
182.824
182.853
182.882
182.912
182.942
182.972
183.003
183.034
183.065
183.097
183.129
183.162
183.195
183.228
183.262
183.295
183.33
183.364
183.399
183.434
183.469
183.505
183.541
183.577
183.613
183.65
183.687
183.724
183.761
183.799
183.836
183.874
183.912
183.95
183.989
184.027
184.066
184.104
184.143
184.182
184.221
184.26
184.298
184.337
184.377
184.416
184.455
184.494
184.533
184.571
184.61
184.649
184.688
184.727
184.765
184.803
184.842
184.88
184.918
184.956
184.993
185.031
185.068
185.105
185.142
185.179
185.215
185.251
185.287
185.323
185.358
185.393
185.428
185.462
185.496
185.53
185.563
185.597
185.629
185.662
185.694
185.725
185.757
185.787
185.818
185.848
185.878
185.907
185.935
185.964
185.992
186.019
186.046
186.072
186.098
186.124
186.149
186.173
186.197
186.221
186.243
186.266
186.287
186.309
186.329
186.349
186.368
186.387
186.405
186.423
186.439
186.456
186.471
186.486
186.5
186.513
186.525
186.537
186.548
186.558
186.567
186.576
186.584
186.59
186.596
186.601
186.605
186.608
186.609
186.61
186.61
186.609
186.606
186.602
186.598
186.591
186.584
186.575
186.565
186.554
186.541
186.527
186.511
186.494
186.475
186.454
186.432
186.408
186.382
186.354
186.324
186.293
186.259
186.223
186.186
186.145
186.103
186.059
186.012
185.962
185.91
185.856
185.799
185.739
185.676
185.611
185.542
185.471
185.397
185.319
185.238
185.155
185.068
184.977
184.883
184.786
184.685
184.581
184.473
184.361
184.246
184.127
184.004
183.878
183.748
183.614
183.476
183.334
183.189
183.04
182.888
182.732
182.572
182.409
182.242
182.072
181.899
181.722
181.543
181.36
181.175
180.988
180.798
180.606
180.412
180.216
180.018
179.819
179.619
179.418
179.217
179.015
178.813
178.612
178.411
178.211
178.012
177.814
177.619
177.425
177.234
177.045
176.859
176.677
176.498
176.324
176.153
175.987
175.826
175.669
175.518
175.373
175.233
175.099
174.972
174.851
174.737
174.63
174.529
174.436
174.351
174.273
174.202
174.14
174.085
174.039
174
173.97
173.949
173.936
173.931
173.935
173.947
173.968
173.997
174.035
174.081
174.136
174.199
174.27
174.35
174.437
174.533
174.636
174.746
174.864
174.989
175.12
175.259
175.403
175.554
175.71
175.872
176.038
176.21
176.386
176.566
176.75
176.937
177.127
177.32
177.516
177.713
177.912
178.113
178.314
178.516
178.719
178.922
179.124
179.326
179.528
179.729
179.928
180.126
180.323
180.518
180.71
180.901
181.09
181.276
181.46
181.642
181.82
181.996
182.169
182.34
182.507
182.672
182.833
182.992
183.147
183.3
183.449
183.596
183.739
183.88
184.017
184.152
184.284
184.413
184.539
184.662
184.783
184.901
185.016
185.128
185.239
185.346
185.451
185.554
185.654
185.752
185.848
185.942
186.033
186.123
186.21
186.295
186.378
186.46
186.54
186.617
186.693
186.768
186.84
186.911
186.98
187.048
187.115
187.179
187.243
187.305
187.365
187.425
187.483
187.539
187.595
187.649
187.702
187.754
187.805
187.855
187.904
187.951
187.998
188.044
188.088
188.132
188.175
188.217
188.258
188.298
188.338
188.376
188.414
188.451
188.487
188.523
188.557
188.591
188.624
188.657
188.689
188.72
188.75
188.78
188.809
188.837
188.865
188.892
188.919
188.945
188.97
188.995
189.019
189.042
189.065
189.087
189.109
189.13
189.15
189.17
189.189
189.208
189.226
189.243
189.26
189.276
189.291
189.306
189.321
189.334
189.347
189.359
189.371
189.382
189.392
189.402
189.411
189.419
189.427
189.433
189.439
189.445
189.449
189.453
189.456
189.458
189.459
189.459
189.459
189.457
189.455
189.452
189.448
189.443
189.436
189.429
189.421
189.412
189.402
189.39
189.378
189.364
189.349
189.333
189.315
189.297
189.277
189.255
189.233
189.209
189.183
189.156
189.128
189.098
189.066
189.033
188.998
188.962
188.923
188.883
188.842
188.798
188.753
188.705
188.656
188.605
188.551
188.496
188.439
188.379
188.317
188.254
188.187
188.119
188.048
187.975
187.899
187.822
187.741
187.658
187.573
187.485
187.395
187.302
187.206
187.108
187.007
186.903
186.797
186.688
186.576
186.462
186.345
186.226
186.104
185.979
185.851
185.721
185.589
185.454
185.316
185.177
185.034
184.89
184.743
184.594
184.444
184.291
184.136
183.98
183.822
183.663
183.502
183.34
183.176
183.012
182.847
182.682
182.516
182.35
182.183
182.017
181.851
181.685
181.52
181.356
181.193
181.031
180.871
180.712
180.555
180.4
180.248
180.098
179.95
179.805
179.663
179.525
179.389
179.257
179.129
179.005
178.884
178.768
178.656
178.548
178.444
178.345
178.251
178.161
178.076
177.996
177.92
177.85
177.784
177.724
177.668
177.618
177.572
177.531
177.495
177.465
177.439
177.418
177.402
177.391
177.385
177.384
177.387
177.395
177.408
177.425
177.447
177.474
177.504
177.54
177.579
177.623
177.671
177.723
177.779
177.839
177.903
177.97
178.041
178.116
178.194
178.276
178.36
178.448
178.539
178.633
178.729
178.828
178.93
179.034
179.14
179.249
179.359
179.471
179.585
179.7
179.817
179.936
180.055
180.175
180.297
180.419
180.541
180.665
180.788
180.912
181.036
181.16
181.284
181.407
181.531
181.654
181.776
181.898
182.019
182.14
182.259
182.378
182.496
182.613
182.728
182.843
182.956
183.068
183.179
183.288
183.396
183.503
183.608
183.712
183.815
183.916
184.015
184.113
184.21
184.305
184.398
184.491
184.581
184.67
184.758
184.844
184.929
185.013
185.095
185.175
185.255
185.333
185.409
185.484
185.558
185.631
185.702
185.772
185.841
185.909
185.975
186.04
186.104
186.167
186.229
186.29
186.35
186.408
186.466
186.522
186.578
186.632
186.686
186.738
186.79
186.84
186.89
186.938
186.986
187.033
187.079
187.124
187.168
187.211
187.253
187.294
187.334
187.374
187.412
187.45
187.487
187.522
187.557
187.591
187.624
187.656
187.687
187.717
187.746
187.774
187.801
187.827
187.851
187.875
187.898
187.919
187.939
187.958
187.976
187.993
188.008
188.022
188.035
188.046
188.056
188.065
188.072
188.078
188.082
188.084
188.085
188.084
188.082
188.077
188.071
188.063
188.054
188.042
188.028
188.013
187.995
187.975
187.953
187.929
187.902
187.874
187.843
187.809
187.774
187.736
187.695
187.652
187.606
187.558
187.508
187.455
187.399
187.34
187.28
187.216
187.15
187.082
187.011
186.938
186.862
186.784
186.704
186.622
186.538
186.452
186.364
186.274
186.183
186.091
185.997
185.903
185.808
185.712
185.616
185.52
185.424
185.328
185.234
185.14
185.048
184.958
184.87
184.784
184.7
184.62
184.543
184.47
184.4
184.336
184.275
184.22
184.17
184.126
184.087
184.055
184.029
184.009
183.996
183.99
183.991
183.999
184.014
184.037
184.067
184.104
184.148
184.199
184.258
184.323
184.395
184.474
184.558
184.65
184.747
184.849
184.957
185.07
185.188
185.31
185.436
185.566
185.699
185.836
185.975
186.116
186.26
186.405
186.551
186.699
186.847
186.995
187.144
187.293
187.441
187.589
187.735
187.881
188.025
188.168
188.309
188.449
188.586
188.721
188.854
188.985
189.113
189.238
189.361
189.482
189.599
189.714
189.827
189.936
190.042
190.146
190.247
190.345
190.44
190.533
190.623
190.71
190.794
190.876
190.955
191.031
191.105
191.176
191.246
191.312
191.376
191.438
191.498
191.556
191.611
191.665
191.716
191.766
191.813
191.859
191.903
191.945
191.985
192.024
192.061
192.097
192.131
192.164
192.196
192.226
192.254
192.282
192.308
192.333
192.357
192.38
192.402
192.422
192.442
192.461
192.479
192.496
192.512
192.527
192.542
192.556
192.569
192.581
192.593
192.603
192.614
192.624
192.633
192.641
192.649
192.657
192.664
192.67
192.676
192.682
192.687
192.692
192.696
192.7
192.704
192.707
192.71
192.712
192.715
192.716
192.718
192.719
192.72
192.721
192.721
192.722
192.722
192.721
192.721
192.72
192.719
192.718
192.716
192.714
192.713
192.711
192.708
192.706
192.703
192.7
192.697
192.694
192.69
192.687
192.683
192.679
192.674
192.67
192.665
192.66
192.655
192.65
192.644
192.638
192.632
192.626
192.62
192.613
192.606
192.599
192.591
192.584
192.576
192.567
192.559
192.55
192.54
192.531
192.521
192.511
192.5
192.489
192.477
192.466
192.454
192.441
192.428
192.414
192.4
192.386
192.371
192.356
192.34
192.323
192.306
192.289
192.271
192.252
192.232
192.213
192.192
192.171
192.149
192.126
192.103
192.079
192.054
192.029
192.003
191.976
191.948
191.92
191.891
191.861
191.83
191.799
191.766
191.733
191.699
191.664
191.629
191.592
191.555
191.517
191.478
191.438
191.397
191.356
191.314
191.271
191.227
191.183
191.138
191.092
191.046
190.998
190.951
190.902
190.853
190.804
190.754
190.704
190.653
190.602
190.55
190.498
190.446
190.394
190.342
190.29
190.237
190.185
190.133
190.081
190.029
189.978
189.927
189.876
189.826
189.776
189.727
189.679
189.631
189.585
189.539
189.494
189.451
189.408
189.366
189.326
189.287
189.249
189.213
189.178
189.144
189.112
189.082
189.053
189.025
189
188.976
188.953
188.932
188.913
188.896
188.88
188.866
188.853
188.843
188.833
188.826
188.82
188.815
188.812
188.811
188.811
188.812
188.815
188.819
188.824
188.83
188.838
188.846
188.856
188.866
188.878
188.89
188.903
188.916
188.93
188.945
188.96
188.976
188.991
189.008
189.024
189.041
189.057
189.074
189.091
189.107
189.124
189.14
189.156
189.172
189.188
189.203
189.218
189.233
189.247
189.26
189.274
189.286
189.299
189.31
189.321
189.332
189.342
189.352
189.36
189.369
189.377
189.384
189.391
189.397
189.402
189.408
189.412
189.417
189.42
189.424
189.426
189.429
189.431
189.433
189.435
189.436
189.437
189.438
189.438
189.439
189.439
189.44
189.44
189.44
189.441
189.441
189.442
189.443
189.444
189.445
189.446
189.448
189.45
189.452
189.455
189.458
189.462
189.466
189.471
189.476
189.482
189.489
189.496
189.504
189.513
189.523
189.533
189.544
189.556
189.569
189.582
189.597
189.612
189.629
189.646
189.664
189.683
189.704
189.725
189.747
189.77
189.795
189.82
189.846
189.874
189.902
189.932
189.962
189.994
190.026
190.06
190.094
190.13
190.167
190.204
190.243
190.282
190.323
190.364
190.406
190.449
190.494
190.539
190.584
190.631
190.678
190.726
190.775
190.825
190.875
190.927
190.978
191.031
191.084
191.137
191.191
191.246
191.301
191.356
191.412
191.469
191.525
191.582
191.64
191.698
191.756
191.814
191.872
191.931
191.989
192.048
192.107
192.166
192.225
192.284
192.343
192.402
192.46
192.519
192.578
192.636
192.694
192.752
192.81
192.867
192.924
192.981
193.037
193.093
193.149
193.204
193.259
193.313
193.367
193.42
193.473
193.525
193.577
193.628
193.678
193.728
193.777
193.826
193.874
193.921
193.967
194.013
194.057
194.101
194.145
194.187
194.229
194.27
194.309
194.348
194.387
194.424
194.46
194.496
194.53
194.563
194.596
194.628
194.658
194.688
194.716
194.744
194.77
194.796
194.82
194.843
194.866
194.887
194.907
194.926
194.944
194.961
194.977
194.992
195.005
195.018
195.029
195.04
195.049
195.057
195.064
195.07
195.075
195.079
195.082
195.084
195.085
195.085
195.084
195.082
195.079
195.074
195.07
195.064
195.057
195.049
195.041
195.032
195.022
195.012
195
194.988
194.976
194.963
194.949
194.935
194.92
194.905
194.89
194.874
194.858
194.842
194.826
194.809
194.793
194.776
194.76
194.743
194.727
194.711
194.695
194.68
194.665
194.65
194.636
194.622
194.609
194.596
194.584
194.573
194.562
194.553
194.544
194.536
194.528
194.522
194.517
194.512
194.509
194.506
194.504
194.504
194.504
194.506
194.508
194.512
194.516
194.521
194.528
194.535
194.543
194.552
194.562
194.572
194.583
194.596
194.608
194.622
194.635
194.65
194.665
194.68
194.695
194.711
194.727
194.743
194.759
194.776
194.792
194.808
194.824
194.839
194.854
194.869
194.883
194.897
194.91
194.923
194.935
194.946
194.956
194.965
194.973
194.981
194.987
194.992
194.996
194.999
195
195.001
195
194.998
194.994
194.99
194.983
194.976
194.967
194.957
194.945
194.932
194.918
194.902
194.885
194.867
194.848
194.827
194.805
194.782
194.758
194.733
194.707
194.68
194.652
194.623
194.593
194.563
194.532
194.5
194.468
194.436
194.403
194.37
194.336
194.303
194.269
194.236
194.203
194.17
194.137
194.105
194.073
194.042
194.011
193.982
193.952
193.924
193.897
193.871
193.845
193.821
193.798
193.777
193.756
193.737
193.72
193.703
193.688
193.675
193.663
193.653
193.644
193.636
193.631
193.626
193.623
193.622
193.622
193.624
193.627
193.631
193.637
193.644
193.652
193.662
193.672
193.684
193.697
193.711
193.726
193.741
193.758
193.775
193.793
193.811
193.83
193.849
193.869
193.889
193.909
193.93
193.95
193.97
193.991
194.011
194.031
194.05
194.069
194.088
194.106
194.124
194.141
194.157
194.173
194.187
194.201
194.214
194.226
194.236
194.246
194.255
194.262
194.268
194.273
194.276
194.278
194.279
194.279
194.277
194.273
194.268
194.261
194.253
194.244
194.232
194.22
194.205
194.189
194.172
194.152
194.132
194.109
194.085
194.059
194.032
194.003
193.973
193.941
193.907
193.872
193.835
193.797
193.757
193.716
193.674
193.63
193.585
193.538
193.49
193.442
193.391
193.34
193.288
193.234
193.18
193.125
193.069
193.012
192.955
192.896
192.838
192.778
192.719
192.659
192.598
192.538
192.477
192.416
192.356
192.295
192.235
192.175
192.116
192.057
191.998
191.94
191.883
191.827
191.772
191.718
191.664
191.612
191.562
191.512
191.464
191.418
191.373
191.329
191.288
191.248
191.21
191.174
191.14
191.108
191.077
191.049
191.024
191
190.978
190.959
190.942
190.927
190.914
190.904
190.896
190.89
190.887
190.885
190.886
190.89
190.895
190.903
190.913
190.924
190.938
190.954
190.972
190.992
191.014
191.038
191.063
191.09
191.119
191.15
191.182
191.216
191.25
191.287
191.324
191.363
191.403
191.444
191.486
191.53
191.573
191.618
191.664
191.71
191.756
191.803
191.851
191.899
191.947
191.996
192.044
192.093
192.142
192.19
192.239
192.287
192.335
192.383
192.43
192.477
192.523
192.569
192.614
192.658
192.702
192.745
192.787
192.827
192.867
192.906
192.944
192.98
193.015
193.049
193.082
193.113
193.142
193.171
193.197
193.222
193.245
193.267
193.287
193.305
193.321
193.336
193.348
193.359
193.368
193.374
193.379
193.382
193.382
193.381
193.377
193.371
193.364
193.354
193.342
193.328
193.312
193.294
193.274
193.251
193.227
193.201
193.174
193.144
193.112
193.079
193.045
193.008
192.97
192.931
192.891
192.849
192.807
192.763
192.719
192.674
192.628
192.583
192.536
192.49
192.444
192.398
192.352
192.308
192.263
192.22
192.178
192.137
192.098
192.06
192.024
191.99
191.958
191.929
191.902
191.877
191.856
191.837
191.821
191.809
191.8
191.794
191.791
191.792
191.797
191.806
191.818
191.833
191.853
191.876
191.903
191.933
191.968
192.005
192.047
192.091
192.139
192.19
192.245
192.302
192.362
192.425
192.49
192.558
192.628
192.701
192.775
192.851
192.928
193.007
193.087
193.168
193.251
193.334
193.417
193.501
193.585
193.669
193.754
193.838
193.921
194.004
194.087
194.169
194.25
194.33
194.409
194.486
194.563
194.638
194.712
194.784
194.855
194.924
194.991
195.057
195.121
195.183
195.243
195.301
195.358
195.412
195.465
195.515
195.564
195.61
195.655
195.698
195.738
195.777
195.814
195.849
195.882
195.913
195.942
195.969
195.994
196.018
196.04
196.06
196.078
196.094
196.109
196.122
196.133
196.143
196.151
196.157
196.162
196.166
196.168
196.168
196.167
196.165
196.161
196.156
196.149
196.142
196.133
196.122
196.111
196.098
196.084
196.069
196.053
196.036
196.018
195.998
195.978
195.957
195.934
195.911
195.887
195.862
195.836
195.809
195.782
195.753
195.724
195.694
195.663
195.632
195.6
195.567
195.534
195.5
195.465
195.429
195.394
195.357
195.32
195.283
195.245
195.206
195.167
195.128
195.088
195.048
195.007
194.966
194.925
194.883
194.841
194.799
194.757
194.714
194.671
194.628
194.585
194.541
194.498
194.454
194.41
194.366
194.322
194.278
194.234
194.19
194.146
194.103
194.059
194.015
193.972
193.928
193.885
193.842
193.799
193.757
193.715
193.673
193.631
193.59
193.549
193.509
193.469
193.43
193.391
193.352
193.314
193.277
193.24
193.204
193.169
193.134
193.1
193.067
193.035
193.003
192.972
192.943
192.913
192.885
192.858
192.832
192.807
192.783
192.76
192.737
192.716
192.697
192.678
192.66
192.644
192.628
192.614
192.602
192.59
192.579
192.57
192.562
192.556
192.55
192.546
192.543
192.542
192.542
192.543
192.545
192.548
192.553
192.559
192.567
192.575
192.585
192.596
192.608
192.622
192.636
192.652
192.669
192.686
192.705
192.725
192.746
192.768
192.791
192.815
192.84
192.866
192.892
192.919
192.947
192.976
193.005
193.035
193.066
193.097
193.129
193.161
193.194
193.227
193.26
193.294
193.328
193.362
193.397
193.432
193.467
193.502
193.537
193.572
193.607
193.642
193.677
193.713
193.747
193.782
193.817
193.851
193.886
193.92
193.953
193.987
194.02
194.053
194.085
194.117
194.149
194.18
194.211
194.242
194.272
194.301
194.331
194.359
194.388
194.415
194.443
194.469
194.496
194.522
194.547
194.572
194.596
194.62
194.644
194.667
194.689
194.711
194.733
194.754
194.775
194.795
194.815
194.834
194.853
194.872
194.89
194.908
194.925
194.943
194.959
194.976
194.992
195.007
195.023
195.038
195.052
195.067
195.081
195.095
195.108
195.122
195.135
195.148
195.16
195.172
195.184
195.196
195.208
195.219
195.23
195.241
195.252
195.262
195.273
195.283
195.293
195.302
195.311
195.321
195.329
195.338
195.347
195.355
195.363
195.37
195.378
195.385
195.392
195.398
195.404
195.41
195.416
195.421
195.426
195.431
195.435
195.439
195.442
195.445
195.448
195.45
195.451
195.453
195.453
195.454
195.453
195.452
195.451
195.449
195.447
195.444
195.44
195.435
195.43
195.425
195.418
195.411
195.403
195.395
195.385
195.375
195.364
195.352
195.34
195.326
195.312
195.296
195.28
195.263
195.245
195.226
195.205
195.184
195.162
195.139
195.114
195.089
195.062
195.034
195.006
194.975
194.944
194.912
194.878
194.843
194.807
194.769
194.73
194.69
194.648
194.606
194.561
194.516
194.469
194.421
194.371
194.32
194.267
194.214
194.158
194.102
194.043
193.984
193.923
193.861
193.797
193.732
193.665
193.597
193.528
193.458
193.386
193.313
193.238
193.163
193.086
193.008
192.929
192.849
192.768
192.686
192.603
192.519
192.435
192.349
192.263
192.177
192.09
192.002
191.914
191.826
191.738
191.649
191.561
191.473
191.385
191.297
191.21
191.123
191.037
190.952
190.868
190.784
190.702
190.621
190.542
190.464
190.388
190.313
190.24
190.17
190.101
190.035
189.971
189.909
189.85
189.793
189.74
189.689
189.641
189.596
189.554
189.515
189.48
189.447
189.418
189.392
189.37
189.351
189.335
189.323
189.314
189.308
189.306
189.307
189.311
189.318
189.329
189.343
189.36
189.379
189.402
189.428
189.456
189.487
189.521
189.556
189.595
189.635
189.678
189.723
189.769
189.817
189.867
189.919
189.972
190.026
190.081
190.138
190.195
190.254
190.313
190.372
190.432
190.493
190.553
190.614
190.676
190.737
190.798
190.859
190.919
190.979
191.039
191.099
191.158
191.216
191.274
191.33
191.387
191.442
191.497
191.55
191.603
191.655
191.705
191.755
191.804
191.852
191.898
191.944
191.988
192.032
192.074
192.115
192.155
192.194
192.232
192.269
192.305
192.34
192.373
192.406
192.437
192.468
192.498
192.526
192.554
192.58
192.606
192.631
192.655
192.678
192.701
192.722
192.743
192.763
192.783
192.802
192.82
192.837
192.854
192.87
192.886
192.901
192.916
192.93
192.944
192.957
192.97
192.982
192.995
193.007
193.018
193.029
193.041
193.051
193.062
193.072
193.083
193.093
193.103
193.113
193.122
193.132
193.142
193.151
193.161
193.17
193.18
193.189
193.199
193.208
193.218
193.227
193.237
193.247
193.256
193.266
193.276
193.286
193.296
193.306
193.317
193.327
193.337
193.348
193.358
193.369
193.38
193.391
193.402
193.413
193.424
193.435
193.446
193.458
193.469
193.481
193.492
193.504
193.515
193.527
193.539
193.551
193.562
193.574
193.586
193.598
193.609
193.621
193.633
193.644
193.656
193.668
193.679
193.691
193.702
193.713
193.724
193.735
193.746
193.757
193.768
193.778
193.789
193.799
193.809
193.819
193.829
193.838
193.848
193.857
193.865
193.874
193.883
193.891
193.899
193.906
193.914
193.921
193.928
193.934
193.94
193.946
193.952
193.957
193.962
193.967
193.971
193.975
193.979
193.982
193.985
193.988
193.99
193.992
193.993
193.994
193.995
193.995
193.995
193.994
193.993
193.991
193.99
193.987
193.984
193.981
193.978
193.974
193.969
193.964
193.959
193.953
193.947
193.94
193.933
193.925
193.917
193.909
193.9
193.89
193.88
193.87
193.859
193.848
193.836
193.824
193.812
193.799
193.785
193.771
193.757
193.742
193.727
193.712
193.696
193.679
193.662
193.645
193.628
193.61
193.592
193.573
193.554
193.535
193.515
193.495
193.474
193.454
193.433
193.412
193.39
193.368
193.346
193.324
193.301
193.279
193.256
193.232
193.209
193.186
193.162
193.138
193.114
193.09
193.065
193.041
193.016
192.992
192.967
192.942
192.918
192.893
192.868
192.843
192.818
192.793
192.768
192.743
192.718
192.693
192.668
192.643
192.618
192.594
192.569
192.544
192.519
192.495
192.47
192.446
192.421
192.397
192.373
192.349
192.324
192.3
192.276
192.252
192.228
192.205
192.181
192.157
192.133
192.109
192.086
192.062
192.038
192.015
191.991
191.967
191.944
191.92
191.896
191.873
191.849
191.825
191.801
191.777
191.753
191.729
191.705
191.681
191.656
191.632
191.608
191.583
191.558
191.534
191.509
191.484
191.459
191.434
191.409
191.384
191.359
191.334
191.308
191.283
191.258
191.233
191.207
191.182
191.157
191.132
191.107
191.082
191.057
191.033
191.008
190.984
190.96
190.936
190.913
190.89
190.867
190.844
190.822
190.8
190.779
190.758
190.738
190.718
190.699
190.68
190.662
190.644
190.627
190.611
190.595
190.58
190.566
190.553
190.54
190.528
190.517
190.506
190.496
190.487
190.479
190.472
190.466
190.46
190.455
190.451
190.447
190.445
190.443
190.442
190.442
190.442
190.443
190.445
190.447
190.45
190.453
190.457
190.462
190.467
190.472
190.478
190.484
190.491
190.497
190.504
190.512
190.519
190.527
190.534
190.542
190.55
190.557
190.565
190.572
190.579
190.586
190.593
190.599
190.605
190.611
190.616
190.62
190.625
190.628
190.631
190.633
190.635
190.636
190.636
190.636
190.634
190.632
190.629
190.625
190.62
190.615
190.608
190.6
190.591
190.582
190.571
190.559
190.546
190.532
190.517
190.501
190.483
190.465
190.445
190.424
190.402
190.379
190.355
190.329
190.303
190.275
190.246
190.215
190.184
190.151
190.118
190.083
190.047
190.009
189.971
189.932
189.891
189.849
189.807
189.763
189.718
189.672
189.625
189.577
189.528
189.478
189.428
189.376
189.323
189.27
189.216
189.161
189.105
189.049
188.992
188.935
188.877
188.818
188.759
188.7
188.64
188.58
188.519
188.459
188.398
188.337
188.276
188.216
188.155
188.095
188.035
187.975
187.915
187.857
187.798
187.741
187.684
187.627
187.572
187.518
187.465
187.412
187.361
187.312
187.263
187.216
187.171
187.127
187.085
187.045
187.006
186.969
186.934
186.902
186.871
186.842
186.816
186.791
186.77
186.75
186.733
186.718
186.705
186.695
186.688
186.683
186.681
186.681
186.683
186.688
186.696
186.706
186.719
186.734
186.752
186.772
186.794
186.819
186.846
186.876
186.907
186.941
186.977
187.015
187.055
187.097
187.141
187.187
187.234
187.283
187.334
187.386
187.44
187.495
187.551
187.608
187.667
187.726
187.786
187.847
187.909
187.972
188.035
188.099
188.163
188.227
188.292
188.357
188.422
188.487
188.552
188.617
188.682
188.746
188.811
188.874
188.938
189.001
189.063
189.125
189.187
189.248
189.308
189.367
189.425
189.483
189.54
189.596
189.652
189.706
189.759
189.812
189.864
189.914
189.964
190.013
190.06
190.107
190.153
190.198
190.242
190.285
190.326
190.367
190.407
190.446
190.485
190.522
190.558
190.593
190.628
190.662
190.694
190.726
190.757
190.787
190.817
190.845
190.873
190.9
190.927
190.952
190.977
191.001
191.024
191.047
191.069
191.09
191.111
191.131
191.15
191.169
191.187
191.204
191.221
191.238
191.253
191.268
191.283
191.297
191.31
191.323
191.336
191.348
191.359
191.37
191.38
191.39
191.399
191.408
191.417
191.425
191.433
191.44
191.446
191.453
191.459
191.464
191.47
191.474
191.479
191.483
191.487
191.49
191.493
191.496
191.499
191.501
191.503
191.505
191.507
191.508
191.509
191.51
191.511
191.512
191.512
191.513
191.513
191.513
191.513
191.513
191.513
191.513
191.512
191.512
191.512
191.512
191.511
191.511
191.511
191.51
191.51
191.51
191.51
191.51
191.51
191.51
191.51
191.51
191.511
191.511
191.512
191.513
191.514
191.515
191.516
191.517
191.519
191.52
191.522
191.524
191.526
191.528
191.531
191.533
191.536
191.539
191.542
191.545
191.549
191.552
191.556
191.56
191.564
191.568
191.572
191.577
191.581
191.586
191.591
191.596
191.601
191.606
191.611
191.617
191.622
191.628
191.633
191.639
191.645
191.651
191.656
191.662
191.668
191.674
191.68
191.686
191.692
191.698
191.703
191.709
191.715
191.721
191.726
191.732
191.737
191.743
191.748
191.753
191.758
191.763
191.768
191.773
191.777
191.782
191.786
191.79
191.794
191.798
191.802
191.805
191.808
191.812
191.814
191.817
191.82
191.822
191.824
191.826
191.828
191.829
191.831
191.832
191.833
191.833
191.834
191.834
191.834
191.834
191.834
191.834
191.833
191.832
191.831
191.83
191.829
191.827
191.826
191.824
191.822
191.82
191.818
191.816
191.813
191.811
191.808
191.805
191.802
191.799
191.796
191.793
191.79
191.786
191.783
191.779
191.776
191.772
191.769
191.765
191.761
191.757
191.754
191.75
191.746
191.742
191.738
191.734
191.729
191.725
191.721
191.717
191.712
191.708
191.703
191.699
191.694
191.69
191.685
191.68
191.675
191.67
191.664
191.659
191.653
191.647
191.641
191.635
191.629
191.622
191.615
191.608
191.601
191.593
191.585
191.576
191.567
191.558
191.549
191.538
191.528
191.517
191.505
191.493
191.48
191.467
191.453
191.438
191.423
191.407
191.39
191.372
191.354
191.335
191.315
191.294
191.272
191.249
191.226
191.201
191.175
191.149
191.121
191.092
191.062
191.031
190.999
190.966
190.932
190.896
190.859
190.822
190.782
190.742
190.701
190.658
190.614
190.569
190.523
190.476
190.427
190.378
190.327
190.275
190.223
190.169
190.114
190.058
190.002
189.944
189.886
189.827
189.767
189.707
189.646
189.585
189.523
189.461
189.398
189.336
189.273
189.21
189.147
189.085
189.023
188.961
188.899
188.838
188.778
188.719
188.66
188.602
188.545
188.49
188.436
188.383
188.331
188.281
188.233
188.186
188.141
188.098
188.057
188.018
187.981
187.947
187.914
187.884
187.856
187.831
187.808
187.787
187.769
187.753
187.74
187.73
187.722
187.716
187.713
187.713
187.715
187.719
187.726
187.736
187.748
187.762
187.778
187.797
187.818
187.841
187.866
187.893
187.922
187.952
187.985
188.019
188.056
188.093
188.132
188.173
188.215
188.258
188.303
188.348
188.395
188.443
188.492
188.542
188.592
188.643
188.695
188.748
188.801
188.855
188.909
188.964
189.019
189.074
189.13
189.186
189.242
189.298
189.355
189.411
189.468
189.525
189.581
189.638
189.694
189.751
189.807
189.864
189.92
189.975
190.031
190.086
190.142
190.197
190.251
190.305
190.359
190.413
190.466
190.519
190.572
190.624
190.675
190.727
190.777
190.827
190.877
190.926
190.975
191.023
191.07
191.117
191.164
191.209
191.254
191.298
191.342
191.385
191.427
191.469
191.509
191.549
191.588
191.626
191.664
191.701
191.736
191.771
191.805
191.838
191.87
191.902
191.932
191.961
191.989
192.017
192.043
192.068
192.093
192.116
192.138
192.159
192.179
192.198
192.216
192.233
192.248
192.263
192.276
192.288
192.299
192.309
192.318
192.326
192.333
192.338
192.342
192.345
192.347
192.348
192.347
192.346
192.343
192.339
192.334
192.328
192.32
192.311
192.302
192.291
192.279
192.266
192.251
192.236
192.219
192.202
192.183
192.163
192.142
192.12
192.097
192.073
192.048
192.022
191.995
191.967
191.938
191.908
191.877
191.845
191.813
191.779
191.745
191.71
191.674
191.638
191.6
191.562
191.524
191.485
191.445
191.405
191.364
191.323
191.282
191.24
191.198
191.156
191.113
191.07
191.027
190.984
190.941
190.898
190.855
190.812
190.77
190.727
190.685
190.643
190.602
190.561
190.52
190.48
190.441
190.402
190.364
190.327
190.29
190.254
190.22
190.186
190.153
190.121
190.09
190.061
190.032
190.005
189.978
189.953
189.93
189.907
189.886
189.867
189.848
189.831
189.816
189.801
189.789
189.777
189.767
189.759
189.752
189.746
189.742
189.739
189.738
189.738
189.739
189.742
189.746
189.752
189.759
189.767
189.776
189.787
189.799
189.812
189.826
189.841
189.858
189.875
189.894
189.913
189.934
189.955
189.978
190.001
190.025
190.05
190.076
190.102
190.13
190.157
190.186
190.215
190.245
190.275
190.306
190.337
190.368
190.401
190.433
190.466
190.499
190.533
190.567
190.601
190.635
190.67
190.705
190.74
190.775
190.81
190.846
190.882
190.917
190.953
190.989
191.025
191.061
191.097
191.133
191.169
191.205
191.242
191.278
191.314
191.35
191.386
191.422
191.457
191.493
191.529
191.565
191.6
191.636
191.671
191.707
191.742
191.777
191.812
191.847
191.882
191.916
191.951
191.986
192.02
192.054
192.088
192.122
192.156
192.19
192.223
192.257
192.29
192.323
192.356
192.389
192.421
192.454
192.486
192.518
192.55
192.582
192.613
192.645
192.676
192.707
192.737
192.768
192.798
192.828
192.858
192.888
192.917
192.946
192.975
193.003
193.031
193.059
193.087
193.114
193.141
193.168
193.194
193.22
193.246
193.271
193.296
193.321
193.345
193.369
193.392
193.415
193.437
193.46
193.481
193.502
193.523
193.543
193.563
193.582
193.601
193.619
193.636
193.653
193.67
193.686
193.701
193.716
193.73
193.743
193.756
193.768
193.78
193.791
193.801
193.81
193.819
193.827
193.834
193.841
193.847
193.852
193.856
193.859
193.862
193.864
193.865
193.865
193.864
193.863
193.861
193.857
193.853
193.848
193.842
193.835
193.828
193.819
193.809
193.798
193.787
193.774
193.761
193.746
193.731
193.714
193.696
193.678
193.658
193.637
193.616
193.593
193.569
193.544
193.518
193.491
193.463
193.434
193.404
193.372
193.34
193.306
193.272
193.236
193.2
193.162
193.123
193.083
193.042
193
192.957
192.913
192.868
192.822
192.775
192.727
192.678
192.628
192.578
192.526
192.473
192.42
192.366
192.311
192.255
192.199
192.142
192.084
192.025
191.966
191.907
191.847
191.786
191.726
191.664
191.603
191.541
191.479
191.417
191.355
191.293
191.231
191.17
191.108
191.047
190.986
190.925
190.865
190.805
190.747
190.688
190.631
190.574
190.519
190.464
190.41
190.358
190.307
190.257
190.208
190.161
190.116
190.072
190.029
189.989
189.95
189.912
189.877
189.843
189.812
189.782
189.755
189.729
189.706
189.684
189.665
189.648
189.633
189.62
189.609
189.601
189.594
189.59
189.587
189.587
189.589
189.592
189.598
189.605
189.615
189.626
189.639
189.654
189.67
189.688
189.707
189.728
189.75
189.774
189.799
189.825
189.852
189.88
189.909
189.938
189.969
190
190.032
190.065
190.097
190.131
190.164
190.198
190.232
190.266
190.301
190.335
190.369
190.403
190.436
190.47
190.503
190.535
190.568
190.599
190.63
190.661
190.691
190.72
190.749
190.777
190.804
190.83
190.855
190.88
190.904
190.926
190.948
190.969
190.989
191.008
191.026
191.043
191.059
191.074
191.088
191.101
191.112
191.123
191.133
191.142
191.15
191.157
191.162
191.167
191.171
191.174
191.176
191.177
191.176
191.176
191.174
191.171
191.167
191.163
191.157
191.151
191.144
191.136
191.127
191.118
191.107
191.096
191.085
191.072
191.059
191.045
191.031
191.016
191
190.984
190.967
190.95
190.932
190.913
190.894
190.875
190.855
190.835
190.814
190.792
190.771
190.749
190.726
190.703
190.68
190.657
190.633
190.609
190.585
190.56
190.535
190.51
190.484
190.459
190.433
190.407
190.38
190.354
190.327
190.3
190.273
190.246
190.218
190.191
190.163
190.135
190.107
190.079
190.051
190.023
189.994
189.966
189.937
189.908
189.879
189.851
189.822
189.793
189.763
189.734
189.705
189.676
189.647
189.617
189.588
189.559
189.529
189.5
189.47
189.441
189.412
189.382
189.353
189.324
189.295
189.266
189.237
189.208
189.179
189.15
189.122
189.093
189.065
189.037
189.009
188.981
188.954
188.926
188.899
188.873
188.846
188.82
188.794
188.768
188.743
188.718
188.694
188.67
188.646
188.623
188.6
188.578
188.556
188.534
188.514
188.493
188.473
188.454
188.435
188.417
188.4
188.383
188.366
188.351
188.336
188.321
188.307
188.294
188.282
188.27
188.259
188.248
188.239
188.23
188.221
188.214
188.207
188.201
188.195
188.19
188.186
188.182
188.18
188.178
188.176
188.175
188.175
188.176
188.177
188.179
188.181
188.184
188.188
188.192
188.196
188.202
188.208
188.214
188.221
188.228
188.236
188.244
188.253
188.262
188.272
188.281
188.292
188.302
188.313
188.325
188.336
188.348
188.36
188.372
188.385
188.398
188.41
188.424
188.437
188.45
188.463
188.477
188.49
188.504
188.517
188.531
188.544
188.558
188.571
188.585
188.598
188.611
188.624
188.637
188.65
188.662
188.675
188.687
188.699
188.711
188.722
188.733
188.744
188.755
188.765
188.775
188.785
188.794
188.803
188.812
188.82
188.828
188.835
188.842
188.849
188.855
188.861
188.866
188.871
188.875
188.879
188.883
188.886
188.888
188.89
188.892
188.892
188.893
188.893
188.892
188.891
188.889
188.887
188.884
188.881
188.877
188.873
188.868
188.862
188.856
188.849
188.842
188.834
188.826
188.817
188.807
188.797
188.787
188.775
188.763
188.751
188.738
188.725
188.711
188.696
188.681
188.665
188.649
188.632
188.614
188.596
188.578
188.559
188.539
188.519
188.498
188.477
188.455
188.433
188.41
188.387
188.363
188.339
188.314
188.289
188.264
188.238
188.211
188.184
188.157
188.129
188.101
188.073
188.044
188.014
187.985
187.955
187.925
187.894
187.863
187.832
187.801
187.77
187.738
187.706
187.674
187.642
187.609
187.577
187.544
187.512
187.479
187.447
187.414
187.382
187.349
187.317
187.285
187.253
187.221
187.189
187.158
187.127
187.096
187.066
187.036
187.007
186.977
186.949
186.921
186.893
186.866
186.84
186.814
186.789
186.765
186.741
186.718
186.696
186.675
186.655
186.635
186.616
186.599
186.582
186.566
186.551
186.538
186.525
186.513
186.503
186.493
186.485
186.478
186.471
186.466
186.463
186.46
186.458
186.458
186.458
186.46
186.463
186.467
186.472
186.479
186.486
186.495
186.504
186.515
186.527
186.539
186.553
186.568
186.583
186.6
186.617
186.635
186.655
186.674
186.695
186.717
186.739
186.762
186.785
186.809
186.834
186.859
186.885
186.911
186.938
186.965
186.992
187.02
187.048
187.076
187.104
187.133
187.161
187.19
187.219
187.248
187.277
187.306
187.334
187.363
187.392
187.42
187.448
187.476
187.504
187.531
187.559
187.585
187.612
187.638
187.663
187.689
187.713
187.738
187.761
187.785
187.807
187.83
187.851
187.872
187.893
187.912
187.931
187.95
187.968
187.985
