0 0 0
0.064633 0 0
0.129266 0 0
0.193899 0 0
0.258532 0 0
0.323165 0 0
0.387798 0 0
0.452431 0 0
0.517064 0 0
0.581697 0 0
0.64633 0 0
0.710963 0 0
0.775596 0 0
0.84023 0.00105368 9.98634e-05
0.904863 0.152208 0.00136575
0.969496 1.06707 0.00475833
1.03413 2.04017 0.00736275
1.09876 2.26494 0.00701256
1.16339 2.086 0.00695557
1.22803 1.83272 0.00600267
1.29266 1.61668 0.00479874
1.35729 1.45002 0.00397665
1.42193 1.33493 0.0034167
1.48656 1.24611 0.00325629
1.55119 1.19073 0.00355176
1.61583 1.14283 0.00304827
1.68046 1.1117 0.00305275
1.74509 1.09071 0.00249515
1.80973 1.07584 0.00258772
1.87436 1.06309 0.00244327
1.93899 1.05761 0.00257506
2.00362 1.05622 0.00257256
2.06826 1.0548 0.0027388
2.13289 1.05113 0.00253719
2.19752 1.0489 0.00230477
2.26216 1.04038 0.00241756
2.32679 1.03493 0.00225478
2.39142 1.02844 0.00207722
2.45606 1.02739 0.00203036
2.52069 1.02227 0.00202125
2.58532 1.01757 0.00194965
2.64995 1.01343 0.00175799
2.71459 1.00899 0.00167242
2.77922 1.0081 0.00166982
2.84385 1.00499 0.00157562
2.90849 1.00235 0.00159544
2.97312 1.00245 0.0014013
3.03775 0.998649 0.00154117
3.10239 0.999241 0.0015642
3.16702 0.996892 0.00160926
3.23165 0.997728 0.00136237
3.29629 0.99563 0.00139175
3.36092 0.995129 0.00143771
3.42555 0.994047 0.00127229
3.49018 0.991733 0.00127355
3.55482 0.990849 0.0011887
3.61945 0.992933 0.00119818
3.68408 0.992655 0.00129124
3.74872 0.991095 0.00113138
3.81335 0.990725 0.00113347
3.87798 0.989382 0.00106885
3.94262 0.989082 0.00101001
4.00725 0.988283 0.00105971
4.07188 0.989019 0.00101353
4.13651 0.988972 0.00101166
4.20115 0.988753 0.000978888
4.26578 0.987329 0.000904335
4.33041 0.987937 0.000928078
4.39505 0.988343 0.000957642
4.45968 0.987884 0.000939578
4.52431 0.98828 0.000739874
4.58895 0.986223 0.000773023
4.65358 0.987066 0.000756769
4.71821 0.988162 0.000788284
4.78285 0.986586 0.000640309
4.84748 0.986716 0.000740271
4.91211 0.986517 0.000782513
4.97674 0.985822 0.00064759
5.04138 0.986102 0.000682111
5.10601 0.986094 0.000609746
5.17064 0.987003 0.000655633
5.23528 0.987131 0.000673009
5.29991 0.985746 0.000700822
5.36454 0.98687 0.000654905
5.42918 0.986356 0.000643796
5.49381 0.98634 0.00062451
5.55844 0.987279 0.00059973
5.62307 0.98697 0.000592445
5.68771 0.987192 0.000549227
5.75234 0.986941 0.000585312
5.81697 0.987188 0.000565127
5.88161 0.985983 0.000571519
5.94624 0.986515 0.0006226
6.01087 0.985976 0.000518553
6.07551 0.985736 0.000558028
6.14014 0.986933 0.000545004
6.20477 0.985848 0.000597524
6.2694 0.986334 0.000579742
6.33404 0.986331 0.000472702
6.39867 0.985541 0.000622486
