           1   -0.412033   -0.412033           0
           2    -0.41264   -0.412337 0.000214473
           3   -0.405082   -0.409918  0.00197954
           4   -0.401507   -0.407816  0.00234963
           5   -0.414741   -0.409201  0.00225127
           6   -0.419759    -0.41096  0.00246983
           7   -0.413704   -0.411352  0.00214786
           8   -0.415106   -0.411822  0.00192996
           9   -0.411973   -0.411838  0.00171559
          10    -0.40851   -0.411506  0.00157599
          11   -0.409262   -0.411302  0.00144585
          12   -0.433464   -0.413148  0.00220982
          13   -0.417731   -0.413501  0.00206776
          14   -0.416122   -0.413688  0.00192852
          15   -0.416992   -0.413908  0.00181249
          16   -0.411896   -0.413783  0.00170357
          17   -0.401871   -0.413082   0.0017415
          18   -0.416282    -0.41326   0.0016538
          19   -0.401192   -0.412625   0.0016843
          20   -0.436463   -0.413817  0.00197735
          21    -0.41567   -0.413905  0.00188516
          22    -0.43846   -0.415021  0.00210411
          23    -0.41224     -0.4149   0.0020161
          24   -0.410212   -0.414705  0.00194154
          25   -0.405801   -0.414349  0.00189626
          26   -0.419823   -0.414559  0.00183498
          27   -0.400959   -0.414055  0.00183485
          28   -0.420361   -0.414281  0.00178308
          29   -0.413022   -0.414237  0.00172212
          30   -0.398545   -0.413714  0.00174235
          31   -0.411954   -0.413657  0.00168707
          32   -0.423538   -0.413966  0.00166236
          33   -0.398961   -0.413511  0.00167302
          34   -0.406385   -0.413302  0.00163689
          35   -0.407237   -0.413129  0.00159927
          36   -0.408034   -0.412987  0.00156109
          37   -0.418443   -0.413134  0.00152585
          38   -0.408011      -0.413  0.00149164
          39   -0.423325   -0.413264   0.0014767
          40   -0.421642   -0.413474  0.00145456
          41   -0.412812   -0.413458  0.00141917
          42   -0.426988    -0.41378  0.00142148
          43   -0.408009   -0.413646  0.00139474
          44   -0.408417   -0.413527  0.00136809
          45     -0.4233   -0.413744  0.00135482
          46   -0.432057   -0.414142  0.00138263
          47   -0.432044   -0.414523   0.0014047
          48   -0.406782   -0.414362  0.00138466
          49   -0.417976   -0.414436  0.00135836
          50     -0.4105   -0.414357  0.00133347
          51   -0.400554   -0.414086  0.00133451
          52   -0.408441   -0.413978  0.00131325
          53   -0.428122   -0.414244  0.00131531
          54   -0.422308   -0.414394   0.0012994
          55   -0.400676   -0.414144  0.00129949
          56   -0.409894   -0.414068   0.0012785
          57   -0.408475    -0.41397  0.00125983
          58   -0.421297   -0.414097  0.00124443
          59   -0.401296    -0.41388  0.00124211
          60   -0.410011   -0.413815  0.00122308
          61   -0.417716   -0.413879   0.0012047
          62   -0.413503   -0.413873  0.00118528
          63   -0.420308   -0.413975  0.00117086
          64   -0.414286    -0.41398  0.00115258
          65   -0.440339   -0.414386  0.00120407
          66   -0.406376   -0.414264  0.00119193
          67   -0.412059   -0.414231  0.00117459
          68   -0.438166   -0.414583  0.00120891
          69   -0.403273   -0.414419  0.00120245
          70   -0.415884    -0.41444  0.00118545
          71   -0.425998   -0.414603  0.00117988
          72    -0.40689   -0.414496  0.00116835
          73   -0.410347   -0.414439  0.00115372
          74   -0.419045   -0.414501  0.00113981
          75   -0.421587   -0.414596  0.00112852
          76   -0.400507   -0.414411   0.0011288
          77   -0.429457   -0.414606  0.00113092
          78   -0.409114   -0.414536  0.00111861
          79   -0.396569   -0.414308  0.00112734
          80   -0.412874    -0.41429  0.00111339
          81   -0.400428   -0.414119  0.00111272
          82    -0.40503   -0.414008  0.00110465
          83   -0.411463   -0.413978  0.00109177
          84   -0.420359   -0.414054  0.00108141
          85   -0.415906   -0.414075  0.00106891
          86   -0.420902   -0.414155  0.00105942
          87   -0.408174   -0.414086  0.00104947
          88   -0.409717   -0.414036  0.00103872
          89   -0.419782   -0.414101  0.00102906
          90   -0.414139   -0.414101  0.00101762
          91   -0.416276   -0.414125  0.00100672
          92   -0.426215   -0.414257  0.00100432
          93   -0.399381   -0.414097  0.00100618
          94   -0.409141   -0.414044 0.000996852
          95   -0.420045   -0.414107 0.000988358
          96    -0.40186   -0.413979 0.000986262
          97   -0.411445   -0.413953  0.00097644
          98   -0.408473   -0.413897 0.000968076
          99   -0.408897   -0.413847 0.000959615
         100   -0.414827   -0.413857 0.000950069
