           1   0.0485625   0.0485625           0
           2   0.0486642   0.0486134 3.59779e-05
           3    0.049292   0.0488396 0.000186254
           4   0.0486042   0.0487807 0.000148696
           5   0.0487269   0.0487699 0.000119346
           6   0.0489582   0.0488013 0.000103498
           7     0.04899   0.0488283 9.21555e-05
           8   0.0490056   0.0488504 8.32581e-05
           9    0.048767   0.0488412 7.45213e-05
          10   0.0481886   0.0487759 9.12724e-05
          11   0.0491623    0.048811 8.94791e-05
          12     0.04897   0.0488243 8.29973e-05
          13   0.0491259   0.0488475 7.97903e-05
          14    0.049393   0.0488865 8.30615e-05
          15   0.0488436   0.0488836 7.75732e-05
          16   0.0488192   0.0488796 7.28293e-05
          17   0.0488267   0.0488765 6.86117e-05
          18   0.0489348   0.0488797 6.48765e-05
          19   0.0497145   0.0489236 7.48754e-05
          20   0.0486515     0.04891 7.23571e-05
          21   0.0487781   0.0489037 6.91839e-05
          22   0.0490808   0.0489118 6.65058e-05
          23   0.0491549   0.0489224 6.44487e-05
          24   0.0490775   0.0489288 6.20865e-05
          25   0.0493957   0.0489475 6.23488e-05
          26   0.0499081   0.0489845 7.00465e-05
          27   0.0494534   0.0490018 6.95719e-05
          28   0.0484535   0.0489822 6.97891e-05
          29   0.0489042   0.0489795 6.74344e-05
          30   0.0499203   0.0490109 7.21096e-05
          31   0.0488923   0.0490071  6.9885e-05
          32   0.0491878   0.0490127 6.79288e-05
          33   0.0493261   0.0490222 6.65306e-05
          34   0.0490762   0.0490238 6.45928e-05
          35   0.0489363   0.0490213 6.27957e-05
          36   0.0494007   0.0490318 6.19292e-05
          37   0.0493118   0.0490394 6.07159e-05
          38   0.0494793    0.049051 6.02117e-05
          39   0.0488443   0.0490457 5.89006e-05
          40   0.0487174   0.0490375 5.79971e-05
          41   0.0493786   0.0490458 5.71764e-05
          42   0.0487884   0.0490397 5.61427e-05
          43   0.0488688   0.0490357 5.49774e-05
          44   0.0494532   0.0490452 5.45405e-05
          45   0.0492491   0.0490497 5.35164e-05
          46   0.0486213   0.0490404 5.31572e-05
          47   0.0478696   0.0490155 5.75682e-05
          48    0.049232     0.04902 5.65453e-05
          49   0.0496682   0.0490332 5.69176e-05
          50   0.0495712    0.049044 5.67873e-05
          51   0.0491745   0.0490465 5.57314e-05
          52   0.0494472   0.0490543 5.51896e-05
          53   0.0493856   0.0490605 5.45012e-05
          54   0.0489249    0.049058 5.35497e-05
          55   0.0493594   0.0490635 5.28557e-05
          56   0.0499774   0.0490798 5.43729e-05
          57    0.049662     0.04909 5.43699e-05
          58   0.0487382   0.0490839 5.37697e-05
          59   0.0489272   0.0490813 5.29239e-05
          60   0.0493641    0.049086 5.22514e-05
          61    0.049201   0.0490879 5.14288e-05
          62   0.0482099   0.0490737 5.25126e-05
          63     0.04938   0.0490786 5.19036e-05
          64   0.0493987   0.0490836 5.13331e-05
          65   0.0490339   0.0490828 5.05491e-05
          66   0.0489162   0.0490803 4.98462e-05
          67   0.0497266   0.0490899 5.00269e-05
          68   0.0485442   0.0490819 4.99308e-05
          69   0.0494949   0.0490879 4.95646e-05
          70    0.048814    0.049084 4.90108e-05
          71   0.0487877   0.0490798 4.84979e-05
          72   0.0492394    0.049082 4.78749e-05
          73   0.0492331   0.0490841 4.72638e-05
          74   0.0488972   0.0490816 4.66926e-05
          75   0.0488115    0.049078 4.62086e-05
          76   0.0494027   0.0490823 4.57977e-05
          77   0.0489318   0.0490803 4.52446e-05
          78   0.0496234   0.0490873 4.51972e-05
          79   0.0489175   0.0490851 4.46762e-05
          80   0.0496542   0.0490922 4.46806e-05
          81   0.0493498   0.0490954 4.42419e-05
          82   0.0499302   0.0491056 4.48583e-05
          83    0.049535   0.0491108 4.46152e-05
          84   0.0491237   0.0491109 4.40843e-05
          85   0.0492381   0.0491124 4.35911e-05
          86    0.049755   0.0491199 4.37199e-05
          87   0.0491549   0.0491203 4.32192e-05
          88   0.0494083   0.0491236 4.28518e-05
          89   0.0489225   0.0491213 4.24299e-05
          90   0.0489646   0.0491196 4.19941e-05
          91   0.0488592   0.0491167 4.16301e-05
          92   0.0495218   0.0491211 4.14097e-05
          93   0.0491009   0.0491209  4.0965e-05
          94    0.049137   0.0491211 4.05296e-05
          95   0.0491334   0.0491212 4.01032e-05
          96    0.049062   0.0491206 3.96902e-05
          97   0.0495429   0.0491249 3.95191e-05
          98    0.048974   0.0491234 3.91458e-05
          99   0.0497393   0.0491296 3.92416e-05
         100   0.0490477   0.0491288 3.88577e-05
