0.32747   -0.406426   0.219769
0.0284367   -0.413516   -0.133888
0.129127   -0.294067   0.254613
-0.43615   0.114886   -0.192722
-0.126316   0.367397   -0.0638645
0.482631   0.402394   -0.0495528
-0.44074   0.190659   -0.0720153
0.190075   0.478768   -0.430796
0.253533   0.389842   0.0610316
0.41047   0.180878   -0.282823
-0.478141   0.316061   -0.10651
0.0046902   0.118605   -0.135865
-0.240854   0.221324   0.134459
-0.395348   -0.442417   -0.262311
-0.381972   -0.294281   0.313735
0.264104   -0.190865   0.387394
0.108128   0.11226   -0.483781
-0.0480456   -0.446562   0.0248124
-0.158804   -0.0873654   -0.432953
0.0405362   -0.249628   -0.2434
-0.289687   -0.221349   0.0657491
-0.452505   0.19884   0.00712648
-0.498717   0.278328   -0.0120819
0.4387   0.317826   0.423657
0.350288   -0.386525   0.111407
0.0671523   0.453896   -0.0959186
-0.268786   -0.179373   0.419289
0.0960516   -0.438552   0.194987
0.409721   0.246785   0.356079
0.383274   -0.495823   -0.131265
0.216303   0.0170076   0.455212
-0.353572   -0.315349   -0.271928
0.22276   -0.432906   0.0393143
0.175764   0.453741   0.251245
-0.0782548   -0.0812353   0.0580819
-0.344369   0.0204635   -0.332192
-0.498371   0.360589   0.330571
0.192987   0.0049652   -0.0960968
0.216707   0.0891438   0.393288
0.336594   -0.489154   -0.0566711
0.156271   0.0425966   -0.0104937
0.147795   0.00652497   0.220879
0.116458   -0.43051   0.0241953
-0.0514045   0.3719   0.42729
-0.215985   -0.027208   -0.157215
0.436012   0.133259   0.080655
-0.190563   0.365342   0.174649
-0.474594   0.156241   0.0870274
-0.183965   0.285601   0.49628
-0.445204   0.038495   0.236255
-0.0811732   -0.0202436   -0.0404676
-0.0634599   0.213614   -0.386263
-0.1733   -0.339422   -0.0739786
-0.00376241   0.00475411   0.422713
-0.416118   -0.289139   -0.192037
-0.180387   -0.240502   -0.42185
-0.114579   -0.0993807   0.264068
0.328882   0.0183625   0.373312
0.40231   0.388851   -0.452614
-0.33945   0.356893   0.489517
0.163662   -0.34718   0.33752
-0.413296   -0.171001   -0.0308452
0.00211215   -0.284455   0.393404
0.272148   -0.277389   0.214297
0.22598   -0.472527   0.453905
0.0641208   -0.0627178   -0.112357
0.135415   -0.105843   0.0436623
0.421875   0.240205   0.252464
0.145398   0.440206   0.179129
0.153641   -0.185114   0.432797
-0.0536096   -0.370975   0.395726
-0.306675   0.3457   -0.393163
0.490874   0.215743   0.305551
0.117823   -0.431772   0.357509
0.158688   0.190902   -0.310711
-0.108751   -0.151817   -0.411979
0.0242204   -0.250074   -0.0397965
-0.0879734   0.0579852   -0.292027
0.310932   -0.15432   0.433441
-0.270798   0.293788   -0.450277
-0.344338   0.0982535   -0.22781
-0.046348   -0.350278   0.105284
0.0677403   0.276227   -0.495507
-0.119161   0.486458   0.255862
0.40884   -0.353066   0.0187702
-0.180891   -0.3108   -0.163894
-0.086603   -0.295686   -0.193824
-0.0630075   0.0136273   0.221764
-0.0931163   0.298046   0.423921
0.148581   -0.0641693   -0.4417
0.0148403   -0.473379   0.0902833
0.16576   0.277794   -0.188709
0.292152   0.158326   -0.241642
-0.0389424   -0.242563   -0.355512
-0.131914   -0.278011   -0.335908
-0.048453   0.289171   0.0689225
-0.122461   0.470721   -0.292985
-0.420793   0.0535975   -0.130281
0.338128   -0.0896382   0.370193
0.141821   0.329593   0.162725
0.0391457   -0.195259   0.390617
-0.225918   -0.183213   -0.362093
0.108474   -0.118674   -0.0885707
-0.0608625   -0.22236   -0.427531
0.0102272   0.1993   -0.423777
-0.141849   0.112398   -0.424837
0.0786102   -0.22015   0.309941
-0.261675   -0.314787   -0.348693
