0 0 0
0.064633 0 0
0.129266 0 0
0.193899 0 0
0.258532 0 0
0.323165 0 0
0.387798 0 0
0.452431 0 0
0.517064 0 0
0.581697 0 0
0.64633 0 0
0.710963 0 0
0.775596 0 0
0.84023 0.00207144 0.000665557
0.904863 0.161939 0.00773554
0.969496 1.00791 0.0270507
1.03413 1.7877 0.0384202
1.09876 2.01743 0.0417776
1.16339 1.81953 0.0347192
1.22803 1.62831 0.030621
1.29266 1.51144 0.0291636
1.35729 1.32788 0.0271092
1.42193 1.22434 0.0221418
1.48656 1.19869 0.0195973
1.55119 1.1595 0.0170174
1.61583 1.13633 0.0188636
1.68046 1.11004 0.0175948
1.74509 1.07953 0.0171023
1.80973 1.08394 0.0186793
1.87436 1.05546 0.0149231
1.93899 1.03299 0.0152259
2.00362 1.05505 0.0131872
2.06826 1.05359 0.014686
2.13289 1.07962 0.0156263
2.19752 1.08329 0.0141219
2.26216 1.06968 0.0125538
2.32679 1.05779 0.0127558
2.39142 1.05347 0.0129887
2.45606 1.02844 0.0123284
2.52069 1.0133 0.012043
2.58532 1.02438 0.0115407
2.64995 1.00458 0.0112592
2.71459 1.00332 0.0111847
2.77922 1.02165 0.0122759
2.84385 1.02036 0.0102357
2.90849 1.02029 0.0095223
2.97312 1.02232 0.0100642
3.03775 0.999641 0.00892508
3.10239 0.997618 0.00859996
3.16702 0.998263 0.00970432
3.23165 0.996172 0.00941639
3.29629 1.00367 0.00876573
3.36092 0.997476 0.00801283
3.42555 0.994962 0.00775622
3.49018 1.00105 0.00780506
3.55482 1.01273 0.00818049
3.61945 1.00053 0.00897964
3.68408 0.998939 0.00719678
3.74872 0.996433 0.00782603
3.81335 0.996909 0.00823984
3.87798 1.00758 0.00796529
3.94262 1.00476 0.00752639
4.00725 0.995645 0.00669092
4.07188 1.00193 0.00614797
4.13651 1.00077 0.00596082
4.20115 0.993248 0.00675509
4.26578 0.994612 0.00687204
4.33041 0.993966 0.0061748
4.39505 0.991037 0.00680074
4.45968 0.98583 0.00734187
4.52431 0.99256 0.00678213
4.58895 0.998618 0.00616455
4.65358 0.986563 0.0066169
4.71821 1.00223 0.00638094
4.78285 0.993813 0.00599786
4.84748 0.998482 0.00601231
4.91211 1.01135 0.00712243
4.97674 1.0007 0.00602404
5.04138 1.00248 0.00583307
5.10601 0.999986 0.00548676
5.17064 0.999825 0.00537051
5.23528 0.993959 0.00468516
5.29991 0.995249 0.0049274
5.36454 0.99674 0.00543198
5.42918 0.997824 0.00633247
5.49381 0.991881 0.00512006
5.55844 0.994901 0.00543499
5.62307 0.995729 0.00542755
5.68771 0.987106 0.00499887
5.75234 0.99296 0.00461714
5.81697 0.996433 0.00469711
5.88161 0.995779 0.00471405
5.94624 0.998489 0.00444841
6.01087 0.994451 0.00528094
6.07551 0.988075 0.00460434
6.14014 0.987108 0.00433942
6.20477 0.98797 0.00438669
6.2694 0.992068 0.00404824
6.33404 0.98192 0.00417907
6.39867 0.986723 0.00503975
