           1 -6.83823e-22 -6.83823e-22            0
           2 -6.94143e-22 -6.88983e-22  3.64867e-24
           3 -7.39817e-22 -7.05927e-22  1.40476e-23
           4  -6.6306e-22 -6.95211e-22  1.40406e-23
           5 -6.96343e-22 -6.95437e-22  1.12343e-23
           6 -6.60286e-22 -6.89578e-22  1.07818e-23
           7 -7.06363e-22 -6.91976e-22  9.50446e-24
           8 -6.58244e-22  -6.8776e-22  9.20431e-24
           9 -6.21464e-22 -6.80393e-22  1.07317e-23
          10 -6.60162e-22  -6.7837e-22  9.84742e-24
          11 -7.32422e-22 -6.83284e-22  1.01041e-23
          12  -6.2306e-22 -6.78265e-22  1.04343e-23
          13 -7.11842e-22 -6.80848e-22  9.94616e-24
          14 -6.48622e-22 -6.78546e-22  9.49835e-24
          15 -5.99624e-22 -6.73285e-22   1.0219e-23
          16 -5.66522e-22 -6.66612e-22  1.15553e-23
          17 -5.14759e-22  -6.5768e-22  1.39059e-23
          18 -6.39272e-22 -6.56657e-22  1.31709e-23
          19 -6.82024e-22 -6.57992e-22  1.25452e-23
          20 -6.41976e-22 -6.57191e-22  1.19435e-23
          21 -6.45637e-22 -6.56641e-22  1.13874e-23
          22 -5.86055e-22 -6.53433e-22  1.13128e-23
          23 -6.08866e-22 -6.51495e-22  1.09856e-23
          24  -5.7118e-22 -6.48149e-22  1.10258e-23
          25 -5.63758e-22 -6.44773e-22  1.10895e-23
          26 -5.99755e-22 -6.43041e-22  1.07973e-23
          27 -6.21636e-22 -6.42249e-22  1.04264e-23
          28 -6.20589e-22 -6.41475e-22  1.00827e-23
          29 -5.75572e-22 -6.39203e-22  9.98785e-24
          30 -5.63153e-22 -6.36668e-22  9.97143e-24
          31 -5.68687e-22 -6.34475e-22  9.88797e-24
          32 -6.27168e-22 -6.34246e-22  9.58161e-24
          33 -6.52905e-22 -6.34812e-22  9.30792e-24
          34 -6.11835e-22 -6.34136e-22  9.05866e-24
          35 -6.04675e-22 -6.33294e-22  8.83886e-24
          36 -6.36625e-22 -6.33387e-22  8.59382e-24
          37 -5.60309e-22 -6.31412e-22  8.58551e-24
          38 -5.71499e-22 -6.29835e-22  8.50312e-24
          39 -7.14498e-22 -6.32006e-22  8.55771e-24
          40 -6.94127e-22 -6.33559e-22  8.48352e-24
          41 -6.16751e-22 -6.33149e-22  8.28651e-24
          42 -6.06146e-22 -6.32506e-22  8.11411e-24
          43 -5.52446e-22 -6.30644e-22  8.13622e-24
          44 -4.80916e-22 -6.27241e-22  8.63365e-24
          45 -4.79238e-22 -6.23952e-22  9.04658e-24
          46 -5.73188e-22 -6.22849e-22  8.91697e-24
          47 -6.23299e-22 -6.22858e-22  8.72726e-24
          48 -5.79398e-22 -6.21953e-22  8.59228e-24
          49 -5.99477e-22 -6.21494e-22  8.42916e-24
          50 -6.10981e-22 -6.21284e-22   8.2632e-24
          51 -6.54458e-22 -6.21934e-22  8.12674e-24
          52 -6.10229e-22 -6.21709e-22  7.97357e-24
          53 -5.21095e-22 -6.19811e-22  8.04594e-24
          54 -5.60412e-22 -6.18711e-22  7.97178e-24
          55 -5.66747e-22 -6.17766e-22  7.88263e-24
          56 -5.78992e-22 -6.17074e-22  7.77222e-24
          57 -5.30552e-22 -6.15556e-22  7.78268e-24
          58 -5.93354e-22 -6.15173e-22   7.6579e-24
          59 -6.07487e-22 -6.15043e-22  7.52921e-24
          60 -7.09992e-22 -6.16625e-22   7.5682e-24
          61 -6.88529e-22 -6.17804e-22  7.53537e-24
          62 -6.83138e-22 -6.18858e-22  7.48715e-24
          63 -6.35316e-22 -6.19119e-22  7.37287e-24
          64 -7.08383e-22 -6.20514e-22  7.38841e-24
          65 -6.97565e-22 -6.21699e-22  7.36923e-24
          66 -7.05252e-22 -6.22965e-22  7.36551e-24
          67 -6.31074e-22 -6.23086e-22  7.25657e-24
          68 -6.32595e-22 -6.23226e-22   7.1512e-24
          69 -6.51893e-22 -6.23641e-22  7.05962e-24
          70 -6.21638e-22 -6.23613e-22  6.95882e-24
          71 -6.06397e-22  -6.2337e-22  6.86504e-24
          72 -6.00789e-22 -6.23057e-22  6.77685e-24
          73 -6.62099e-22 -6.23592e-22  6.70509e-24
          74 -7.43818e-22 -6.25216e-22  6.80847e-24
          75 -7.36232e-22 -6.26696e-22  6.87671e-24
          76 -7.11353e-22  -6.2781e-22  6.87585e-24
          77 -6.45441e-22 -6.28039e-22  6.79036e-24
          78  -6.4905e-22 -6.28309e-22  6.70865e-24
          79 -7.00317e-22  -6.2922e-22  6.68537e-24
          80 -6.36495e-22 -6.29311e-22  6.60242e-24
          81 -6.38547e-22 -6.29425e-22  6.52189e-24
          82 -6.86446e-22 -6.30121e-22  6.47932e-24
          83 -7.75964e-22 -6.31878e-22  6.63524e-24
          84 -6.92911e-22 -6.32604e-22  6.59591e-24
          85 -6.58642e-22 -6.32911e-22  6.52542e-24
          86  -6.8816e-22 -6.33553e-22  6.48109e-24
          87 -6.77348e-22 -6.34056e-22  6.42612e-24
          88 -6.44081e-22  -6.3417e-22   6.3541e-24
          89 -7.05981e-22 -6.34977e-22  6.33373e-24
          90 -6.88341e-22  -6.3557e-22  6.29105e-24
          91 -6.23711e-22  -6.3544e-22  6.22327e-24
          92 -5.74664e-22 -6.34779e-22  6.19058e-24
          93 -6.45754e-22 -6.34897e-22  6.12514e-24
          94  -6.4206e-22 -6.34973e-22  6.06046e-24
          95 -6.63684e-22 -6.35276e-22  6.00419e-24
          96 -5.65866e-22 -6.34553e-22  5.98502e-24
          97 -5.88846e-22 -6.34081e-22  5.94184e-24
          98 -5.98615e-22 -6.33719e-22  5.89222e-24
          99 -6.56701e-22 -6.33952e-22  5.83728e-24
         100 -6.02172e-22 -6.33634e-22  5.78755e-24
