           1  1.63429e+06  1.63429e+06            0
           2  2.03903e+06  1.83666e+06       143099
           3  2.17502e+06  1.94945e+06       132594
           4   1.9207e+06  1.94226e+06      99640.3
           5  1.96265e+06  1.94634e+06      79795.6
           6  1.95641e+06  1.94802e+06        66514
           7   2.0743e+06  1.96606e+06      59408.3
           8  1.94537e+06  1.96347e+06      52038.5
           9  1.91884e+06  1.95851e+06      46492.1
          10  1.98989e+06  1.96165e+06      41948.7
          11    2.231e+06  1.98614e+06      44714.4
          12  2.03929e+06  1.99057e+06      41207.1
          13  2.00698e+06  1.99183e+06      38056.6
          14    2.185e+06  2.00563e+06      37756.7
          15  2.03242e+06  2.00741e+06      35281.9
          16  2.38368e+06  2.03093e+06      40156.5
          17  1.97797e+06  2.02781e+06        37915
          18  2.08505e+06  2.03099e+06      35941.7
          19  2.37598e+06  2.04915e+06      38363.3
          20    2.083e+06  2.05084e+06      36482.4
          21  2.13172e+06   2.0547e+06      34947.9
          22  2.22924e+06  2.06263e+06      34248.1
          23  2.19791e+06  2.06851e+06      33260.3
          24  2.16714e+06  2.07262e+06      32127.3
          25  2.13521e+06  2.07512e+06      30939.6
          26  2.24127e+06  2.08151e+06      30402.4
          27  2.13828e+06  2.08362e+06        29349
          28  2.12504e+06   2.0851e+06      28338.1
          29  1.92567e+06   2.0796e+06        27889
          30   2.3331e+06  2.08805e+06      28210.4
          31   2.0444e+06  2.08664e+06      27335.6
          32  2.18171e+06  2.08961e+06      26642.3
          33  2.12284e+06  2.09062e+06      25853.9
          34  1.99068e+06  2.08768e+06      25260.1
          35  2.07302e+06  2.08726e+06      24541.8
          36  2.46954e+06  2.09788e+06      26056.4
          37  1.94167e+06  2.09366e+06      25691.9
          38  2.12033e+06  2.09436e+06      25025.4
          39  2.11145e+06   2.0948e+06      24387.6
          40  2.27792e+06  2.09938e+06      24203.7
          41  2.08562e+06  2.09904e+06      23615.7
          42  2.26051e+06  2.10288e+06      23364.3
          43  2.17718e+06  2.10461e+06      22884.7
          44  1.93597e+06  2.10078e+06      22683.3
          45  2.07344e+06  2.10017e+06      22187.4
          46  2.05397e+06  2.09917e+06      21727.8
          47    2.134e+06  2.09991e+06      21278.1
          48  2.12711e+06  2.10048e+06      20842.4
          49  2.02485e+06  2.09893e+06      20474.1
          50  2.06765e+06  2.09831e+06      20074.1
          51  1.95334e+06  2.09546e+06      19880.8
          52  2.10118e+06  2.09557e+06      19498.7
          53  2.13214e+06  2.09626e+06        19143
          54  2.16492e+06  2.09754e+06      18830.7
          55  2.38931e+06  2.10284e+06      19221.1
          56  2.30093e+06  2.10638e+06      19200.6
          57  1.93714e+06  2.10341e+06      19091.9
          58   2.1076e+06  2.10348e+06      18762.9
          59  1.91448e+06  2.10028e+06      18716.3
          60  2.06821e+06  2.09974e+06        18412
          61  1.85288e+06   2.0957e+06      18549.6
          62  1.96147e+06  2.09353e+06      18376.3
          63  2.10255e+06  2.09367e+06      18085.2
          64  2.09975e+06  2.09377e+06      17802.9
          65  2.18856e+06  2.09523e+06      17588.6
          66  2.20082e+06  2.09683e+06      17394.7
          67  1.86399e+06  2.09335e+06      17478.8
          68  2.04042e+06  2.09257e+06      17239.1
          69   2.0003e+06  2.09124e+06        17041
          70  2.13662e+06  2.09188e+06      16809.9
          71  2.03255e+06  2.09105e+06      16593.9
          72  2.25738e+06  2.09336e+06      16523.5
          73   2.2121e+06  2.09499e+06        16377
          74  2.08439e+06  2.09484e+06      16156.3
          75  2.05333e+06  2.09429e+06      15950.4
          76  2.16109e+06  2.09517e+06      15764.7
          77  2.16199e+06  2.09604e+06      15583.8
          78  2.01149e+06  2.09495e+06      15421.7
          79  2.14385e+06  2.09557e+06      15238.9
          80  2.20541e+06  2.09694e+06      15110.1
          81   2.1957e+06  2.09816e+06      14972.7
          82   2.1306e+06  2.09856e+06      14795.3
          83  2.08645e+06  2.09841e+06      14617.8
          84  2.16567e+06  2.09921e+06      14465.7
          85  2.01726e+06  2.09825e+06      14327.6
          86  2.05474e+06  2.09774e+06      14169.9
          87  1.96799e+06  2.09625e+06      14085.3
          88   1.9552e+06  2.09465e+06      14016.1
          89  2.21051e+06  2.09595e+06        13919
          90    1.979e+06  2.09465e+06      13824.9
          91  1.87826e+06  2.09227e+06      13875.9
          92  2.20188e+06  2.09347e+06      13776.2
          93  2.03844e+06  2.09287e+06      13640.7
          94  2.19317e+06  2.09394e+06      13537.3
          95  2.27458e+06  2.09584e+06      13527.7
          96  2.04611e+06  2.09532e+06      13396.7
          97  1.97954e+06  2.09413e+06      13311.6
          98  2.03606e+06  2.09354e+06        13189
          99  2.34639e+06  2.09609e+06      13300.8
         100  2.00658e+06   2.0952e+06      13197.8
