-0.335433   0.202786   -0.365895
0.0963974   -0.415166   0.238514
0.456524   0.291071   0.333986
0.233324   -0.364318   0.0709975
-0.0258719   0.267484   0.333912
-0.167133   -0.431335   0.457295
0.150391   -0.361848   0.420606
0.280115   0.303648   0.125943
-0.228731   -0.36405   -0.114262
-0.431091   0.146098   0.458035
0.308436   0.479972   0.179073
0.266654   -0.255872   -0.307563
-0.179169   0.00135963   -0.138171
0.189191   0.345508   -0.453417
0.013094   0.0688773   0.356997
0.237273   0.456303   0.365322
0.0820515   -0.181141   -0.161477
0.376511   -0.0321427   0.00523549
-0.43248   0.347   0.498424
-0.411271   -0.0443676   -0.34747
0.103928   0.37234   0.202541
-0.017634   -0.00114188   -0.385245
0.251441   0.00778328   -0.146424
0.383463   0.151086   0.0256594
0.35455   0.0917779   -0.331495
0.488762   0.308489   -0.0881868
-0.302138   0.0461249   0.346828
-0.238573   -0.103298   0.153646
0.133358   0.469221   0.0087458
0.404122   0.0840435   0.366293
-0.146193   0.382198   -0.281104
-0.479381   0.0563919   -0.193212
0.213482   0.0742459   0.152504
-0.161917   0.338198   -0.091717
0.4485   -0.19247   0.373434
0.193518   -0.453883   -0.37673
-0.0709071   -0.0331612   0.128782
-0.434377   -0.30454   -0.123165
-0.242588   -0.316631   0.273334
0.0259218   -0.281838   -0.439739
0.35727   -0.361518   0.327167
0.00717035   0.321665   0.0157972
0.37344   0.486068   -0.0418209
-0.0525356   -0.315871   0.352676
0.494227   0.383933   0.128629
-0.0157499   0.480226   0.387795
-0.0273514   0.247023   -0.420322
0.498669   -0.326731   -0.325001
0.280206   -0.187115   -0.0695997
0.187898   0.248645   0.349813
-0.280101   0.174145   -0.129042
0.155623   -0.411761   -0.133956
-0.113029   -0.155537   -0.258792
0.179327   -0.163709   0.19777
-0.312532   -0.428358   -0.351087
0.217796   0.0114434   0.351678
-0.47867   -0.496566   -0.240441
-0.112197   -0.452754   0.190085
-0.049147   -0.454397   -0.0784825
-0.417054   -0.487522   -0.0442019
-0.476597   -0.152578   0.0129068
0.17091   0.150519   -0.264052
-0.291572   -0.242455   -0.27272
-0.435699   -0.350471   0.259014
0.290731   0.25645   -0.105721
0.0324444   0.180837   0.143758
-0.172476   0.358416   0.498959
0.436438   -0.104685   -0.174181
-0.135038   0.304491   0.165762
-0.455259   -0.0818854   0.214327
-0.345382   0.248965   0.0445377
0.146612   0.378891   -0.202816
-0.324168   0.375904   -0.174912
-0.155965   0.141788   0.0222856
-0.142738   -0.168994   -0.011114
-0.496775   0.250219   -0.26344
0.362252   -0.382487   -0.18907
-0.317979   0.289232   0.288886
-0.23168   -0.0465342   -0.461174
0.471332   0.476859   0.354759
-0.0591744   -0.37052   -0.281075
-0.136517   0.149746   -0.281581
0.000185065   -0.286014   0.0738596
-0.382333   -0.416978   0.459867
-0.176842   -0.242835   -0.47435
0.35693   0.362114   -0.332565
0.374441   0.499092   -0.463093
0.00426601   0.246063   -0.210702
-0.410556   0.0549184   0.00997859
-0.327565   -0.151427   0.374398
-0.310494   0.435273   0.126893
-0.344392   -0.117581   -0.125581
0.0137142   0.00390057   -0.191739
-0.335731   -0.300245   0.0711189
0.450364   -0.372647   0.074879
-0.179288   0.107391   0.22095
0.368434   -0.14823   0.178112
0.168059   -0.0677672   -0.303362
-0.131974   0.125886   0.478794
0.0763741   -0.104497   0.463676
0.166568   0.124899   -0.47571
0.380545   0.244141   -0.491359
0.0690335   -0.0453973   -0.00469962
-0.45574   0.154482   0.216891
0.138072   0.165151   -0.0119712
-0.106608   -0.126961   0.310637
0.343949   -0.289245   -0.488822
-0.000284469   0.482406   -0.407352
