0.388796   -0.304953   0.468713
-0.214825   -0.231182   -0.000975827
0.318491   -0.458503   -0.399037
0.144989   0.140976   -0.262921
0.154012   -0.23911   -0.201078
0.222971   -0.457589   -0.207515
-0.196632   0.466965   -0.34973
-0.0210868   0.0819417   -0.443421
-0.0418034   -0.0682619   0.192361
-0.361849   -0.353502   0.104563
0.21706   0.109758   -0.0572961
-0.124991   -0.363646   -0.462265
-0.105764   -0.0329748   -0.0385058
0.0227249   0.471259   -0.366093
0.313915   0.0285786   0.357086
0.399718   -0.257925   0.0721849
0.187072   -0.303768   0.331808
-0.0948489   -0.107167   -0.390001
-0.0578806   -0.443809   0.341735
0.000110917   0.309412   -0.0569614
0.36419   0.394235   0.360662
-0.063356   -0.0314368   0.404767
0.380338   0.365532   -0.160709
-0.260239   0.261198   -0.329811
-0.486111   -0.278653   -0.352108
0.496487   -0.415465   -0.0362516
-0.0731249   0.360497   0.494163
0.165577   0.427551   0.440529
0.149292   0.0787528   0.204789
-0.234114   -0.113259   -0.229978
-0.0781406   0.466314   -0.186483
-0.0963167   0.0687344   -0.261701
0.362411   0.417161   0.155123
-0.223437   -0.171862   0.426806
-0.281691   -0.47912   -0.0411005
0.0990426   -0.0568694   0.0144823
0.349966   -0.15745   0.322734
0.120064   -0.183295   0.191872
-0.0534848   0.118668   0.137094
0.333494   0.280227   -0.0111704
0.282717   -0.00549378   -0.300939
0.0739997   -0.408975   -0.0743225
0.0440184   -0.462527   0.10886
-0.25941   0.142943   0.0742976
-0.496214   0.258578   0.145872
-0.229098   0.0257002   0.310301
-0.250338   0.0605209   -0.402559
-0.372058   0.0230387   -0.128145
-0.414078   0.372828   0.307115
0.153104   -0.337587   -0.477885
0.180573   0.294371   -0.138514
-0.203668   0.270894   -0.121246
-0.100047   -0.327127   0.159097
-0.422908   0.24509   -0.490479
-0.364848   -0.361651   -0.204847
0.00452741   -0.224822   0.0192617
0.0101259   0.108072   -0.0538358
-0.465525   0.217457   -0.0472661
-0.498384   -0.486597   0.482301
0.151283   0.116428   0.448108
-0.457565   0.251681   -0.242909
-0.159716   0.381639   0.296683
-0.298838   0.423721   0.163095
0.236353   -0.26114   -0.0104834
0.451542   0.186952   0.342786
-0.0656354   -0.248644   0.348858
-0.432406   0.407363   0.0236867
-0.322599   0.215616   0.258003
0.105757   -0.0486667   -0.388684
-0.457249   -0.139203   0.145006
-0.292466   -0.261466   -0.387948
-0.217706   -0.133707   0.22435
0.266467   0.362817   -0.334237
-0.162817   -0.333314   -0.187371
0.255348   -0.0705968   -0.116645
-0.232826   0.213447   0.443118
-0.396932   0.0651918   0.406087
0.369144   0.154518   -0.198564
-0.447893   -0.199556   -0.0646635
-0.458554   0.0315381   -0.298978
0.332047   0.123946   0.15256
-0.299675   0.416476   0.491657
-0.278439   -0.432336   0.332329
-0.429743   -0.301788   0.359897
0.0380208   0.346336   0.30115
-0.0756385   0.168153   0.334576
-0.00269566   -0.298114   -0.301969
0.306505   0.208282   -0.489594
0.210766   -0.495713   0.262913
-0.0677802   0.301311   -0.290221
0.0147779   -0.1187   -0.202898
0.403143   -0.396124   0.264238
0.37809   -0.33982   -0.167869
-0.318515   -0.0763189   0.021381
-0.411065   0.445202   -0.295101
-0.470152   0.0634377   0.198569
0.421953   0.038108   -0.488765
-0.37738   -0.0810007   -0.43119
0.288948   -0.0718739   0.114721
-0.124755   0.310645   0.0930929
0.235855   0.24672   0.317257
0.301757   -0.45587   -0.0166831
0.181319   0.312976   0.122949
0.151593   -0.131378   0.431097
0.443298   -0.126796   -0.205318
0.409048   0.0225226   -0.0379175
0.0994908   0.302084   -0.428338
0.32679   -0.181308   -0.386073
