           1  5.80499e+07  5.80499e+07            0
           2  7.13285e+07  6.46892e+07  4.69469e+06
           3  7.02839e+07  6.65541e+07  3.48054e+06
           4   6.6097e+07  6.64398e+07  2.61228e+06
           5  7.63708e+07   6.8426e+07  2.74287e+06
           6  7.15119e+07  6.89403e+07  2.33344e+06
           7  7.73389e+07  7.01401e+07  2.28785e+06
           8  6.34456e+07  6.93033e+07  2.14947e+06
           9   6.2359e+07  6.85317e+07  2.04444e+06
          10  7.25835e+07  6.89369e+07  1.87972e+06
          11  6.97626e+07   6.9012e+07  1.71033e+06
          12  7.39263e+07  6.94215e+07  1.61609e+06
          13  6.03738e+07  6.87255e+07  1.63478e+06
          14  6.07017e+07  6.81524e+07  1.61536e+06
          15  7.75813e+07   6.8781e+07  1.62538e+06
          16   8.3098e+07  6.96758e+07  1.75288e+06
          17  5.67177e+07  6.89136e+07  1.80792e+06
          18   7.2848e+07  6.91321e+07  1.72064e+06
          19  5.24344e+07  6.82533e+07  1.84088e+06
          20  7.10979e+07  6.83955e+07  1.75433e+06
          21  7.18609e+07  6.85606e+07  1.67853e+06
          22  6.44981e+07  6.83759e+07  1.61236e+06
          23  5.66715e+07   6.7867e+07  1.62057e+06
          24  5.70138e+07  6.74148e+07  1.61491e+06
          25  7.47158e+07  6.77068e+07   1.5765e+06
          26  7.24621e+07  6.78897e+07  1.52644e+06
          27  7.94395e+07  6.83175e+07  1.52867e+06
          28  6.61197e+07   6.8239e+07  1.47609e+06
          29  6.58153e+07  6.81554e+07  1.42755e+06
          30  4.91693e+07  6.75226e+07  1.51376e+06
          31  7.03738e+07  6.76145e+07  1.46773e+06
          32  6.92041e+07  6.76642e+07   1.4227e+06
          33  8.90294e+07  6.83116e+07  1.51978e+06
          34  6.78832e+07   6.8299e+07  1.47513e+06
          35  6.47848e+07  6.81986e+07   1.4364e+06
          36  6.32711e+07  6.80618e+07    1.403e+06
          37   5.5233e+07   6.7715e+07  1.40728e+06
          38  5.25137e+07   6.7315e+07  1.42597e+06
          39  6.53836e+07  6.72655e+07  1.39026e+06
          40    6.213e+07  6.71371e+07  1.36142e+06
          41  6.74056e+07  6.71436e+07  1.32823e+06
          42  6.94776e+07  6.71992e+07  1.29777e+06
          43  6.89898e+07  6.72408e+07  1.26826e+06
          44  7.56466e+07  6.74319e+07  1.25374e+06
          45    6.827e+07  6.74505e+07  1.22602e+06
          46  6.85375e+07  6.74741e+07  1.19959e+06
          47  6.44025e+07  6.74088e+07  1.17585e+06
          48  4.77775e+07  6.69998e+07  1.22041e+06
          49  5.92515e+07  6.68417e+07   1.2057e+06
          50  6.38036e+07  6.67809e+07  1.18312e+06
          51  6.39831e+07  6.67261e+07  1.16119e+06
          52  5.84002e+07  6.65659e+07  1.14984e+06
          53   6.1923e+07  6.64783e+07  1.13148e+06
          54  5.51081e+07  6.62678e+07  1.12995e+06
          55  5.89737e+07  6.61352e+07  1.11716e+06
          56  6.87866e+07  6.61825e+07  1.09821e+06
          57  6.60555e+07  6.61803e+07  1.07895e+06
          58  6.76808e+07  6.62061e+07  1.06066e+06
          59  7.00743e+07  6.62717e+07   1.0447e+06
          60   7.2984e+07  6.63836e+07  1.03326e+06
          61   6.4894e+07  6.63592e+07  1.01661e+06
          62  6.88156e+07  6.63988e+07  1.00099e+06
          63  6.14741e+07  6.63206e+07       988148
          64  6.65124e+07  6.63236e+07       972713
          65  6.36419e+07  6.62824e+07       958623
          66  5.13321e+07  6.60558e+07       970492
          67  7.07411e+07  6.61258e+07       958523
          68   6.5178e+07  6.61118e+07       944528
          69  6.57903e+07  6.61072e+07       930851
          70  7.62591e+07  6.62522e+07       928782
          71  6.80481e+07  6.62775e+07       916045
          72  5.03487e+07  6.60563e+07       929653
          73   6.1653e+07  6.59959e+07       918873
          74  5.70482e+07   6.5875e+07       914377
          75  6.10557e+07  6.58108e+07       904440
          76  6.00229e+07  6.57346e+07       895740
          77  5.82002e+07  6.56368e+07       889436
          78   7.0444e+07  6.56984e+07       880166
          79  4.89325e+07  6.54862e+07       894244
          80  6.37303e+07  6.54642e+07       883336
          81  7.39156e+07  6.55686e+07       878571
          82  6.31087e+07  6.55386e+07       868368
          83  5.47867e+07   6.5409e+07       867514
          84  6.54229e+07  6.54092e+07       857187
          85  6.11819e+07  6.53594e+07       848544
          86  7.79765e+07  6.55062e+07       851265
          87  6.44582e+07  6.54941e+07       841566
          88  5.21886e+07  6.53429e+07       845476
          89  7.15694e+07  6.54129e+07       838866
          90  5.90654e+07  6.53423e+07       832505
          91  6.29778e+07  6.53164e+07       823762
          92  7.89663e+07  6.54647e+07       828061
          93  6.17582e+07  6.54249e+07       820116
          94  7.83173e+07   6.5562e+07       822780
          95  6.78977e+07  6.55866e+07       814486
          96  6.64426e+07  6.55955e+07       806051
          97  6.25764e+07  6.55644e+07       798342
          98  7.36173e+07  6.56466e+07       794413
          99  7.01855e+07  6.56924e+07       787711
         100  7.57912e+07  6.57934e+07       786280
