           1 -9.04367e-21 -9.04367e-21            0
           2 -8.97464e-21 -9.00915e-21  2.44031e-23
           3 -9.01981e-21  -9.0127e-21  1.65249e-23
           4 -8.97373e-21 -9.00296e-21  1.49934e-23
           5 -8.94134e-21 -8.99064e-21  1.62904e-23
           6 -8.94878e-21 -8.98366e-21  1.49951e-23
           7  -8.9155e-21 -8.97392e-21   1.5699e-23
           8 -8.96983e-21 -8.97341e-21   1.3745e-23
           9 -9.02309e-21 -8.97893e-21  1.32799e-23
          10 -8.99668e-21 -8.98071e-21  1.20699e-23
          11  -8.9805e-21 -8.98069e-21  1.09726e-23
          12 -8.94706e-21 -8.97789e-21  1.04099e-23
          13 -9.01813e-21 -8.98098e-21   1.0059e-23
          14 -9.01892e-21 -8.98369e-21  9.69861e-24
          15 -8.93266e-21 -8.98029e-21   9.6302e-24
          16  -8.9057e-21 -8.97563e-21  1.00938e-23
          17 -9.08162e-21 -8.98186e-21  1.12623e-23
          18 -8.91278e-21 -8.97802e-21  1.12715e-23
          19 -9.01929e-21  -8.9802e-21  1.08855e-23
          20 -8.95961e-21 -8.97917e-21  1.03898e-23
          21 -8.94033e-21 -8.97732e-21  1.00583e-23
          22 -8.96496e-21 -8.97676e-21  9.61681e-24
          23 -9.03414e-21 -8.97925e-21  9.51682e-24
          24 -9.03907e-21 -8.98174e-21  9.44103e-24
          25 -8.88913e-21 -8.97804e-21  9.76316e-24
          26 -8.91423e-21 -8.97558e-21   9.6912e-24
          27 -8.88768e-21 -8.97233e-21  9.86404e-24
          28 -8.95816e-21 -8.97182e-21  9.52472e-24
          29 -8.95611e-21 -8.97128e-21  9.21167e-24
          30  -9.1073e-21 -8.97581e-21  9.95814e-24
          31 -8.94743e-21  -8.9749e-21  9.67892e-24
          32 -8.98651e-21 -8.97526e-21  9.38326e-24
          33 -8.83359e-21 -8.97097e-21   1.0033e-23
          34 -8.99961e-21 -8.97181e-21  9.77323e-24
          35 -8.98806e-21 -8.97228e-21  9.50501e-24
          36 -8.99665e-21 -8.97295e-21  9.26506e-24
          37 -9.08146e-21 -8.97589e-21  9.46738e-24
          38 -9.09367e-21 -8.97898e-21  9.71236e-24
          39 -8.99081e-21 -8.97929e-21  9.46805e-24
          40 -8.99617e-21 -8.97971e-21  9.24076e-24
          41 -8.99009e-21 -8.97996e-21  9.01884e-24
          42 -8.98657e-21 -8.98012e-21  8.80547e-24
          43 -8.98281e-21 -8.98018e-21  8.60092e-24
          44 -8.91185e-21 -8.97863e-21  8.54452e-24
          45 -8.97319e-21 -8.97851e-21   8.3555e-24
          46 -9.00269e-21 -8.97903e-21  8.19038e-24
          47 -9.05604e-21 -8.98067e-21  8.17833e-24
          48 -9.10409e-21 -8.98324e-21  8.40239e-24
          49 -9.01478e-21 -8.98389e-21  8.25552e-24
          50 -9.01625e-21 -8.98453e-21  8.11574e-24
          51 -9.03572e-21 -8.98554e-21  8.01843e-24
          52 -9.05943e-21 -8.98696e-21  7.98916e-24
          53 -9.00173e-21 -8.98724e-21  7.84328e-24
          54 -9.03593e-21 -8.98814e-21   7.7497e-24
          55 -8.99514e-21 -8.98827e-21  7.60984e-24
          56 -8.99194e-21 -8.98833e-21  7.47423e-24
          57 -8.97257e-21 -8.98806e-21  7.34822e-24
          58 -8.94345e-21 -8.98729e-21  7.26166e-24
          59 -8.99263e-21 -8.98738e-21  7.13914e-24
          60 -8.93031e-21 -8.98643e-21  7.08323e-24
          61 -9.00493e-21 -8.98673e-21  6.97361e-24
          62 -8.93632e-21 -8.98592e-21  6.90836e-24
          63 -9.06606e-21 -8.98719e-21  6.91484e-24
          64 -8.98147e-21  -8.9871e-21  6.80737e-24
          65  -9.0019e-21 -8.98733e-21  6.70645e-24
          66 -9.10184e-21 -8.98906e-21   6.8256e-24
          67 -8.96941e-21 -8.98877e-21  6.73002e-24
          68 -9.00719e-21 -8.98904e-21   6.6365e-24
          69  -9.0023e-21 -8.98923e-21   6.5431e-24
          70 -8.96951e-21 -8.98895e-21  6.45569e-24
          71 -8.97165e-21 -8.98871e-21  6.36936e-24
          72 -9.09552e-21 -8.99019e-21  6.45136e-24
          73 -9.03563e-21 -8.99081e-21  6.39295e-24
          74 -9.05129e-21 -8.99163e-21  6.35859e-24
          75 -9.03681e-21 -8.99223e-21  6.30227e-24
          76 -9.02924e-21 -8.99272e-21  6.23813e-24
          77 -9.03589e-21 -8.99328e-21  6.18226e-24
          78 -8.95662e-21 -8.99281e-21  6.12084e-24
          79 -9.08158e-21 -8.99393e-21  6.14563e-24
          80  -8.9934e-21 -8.99393e-21  6.06881e-24
          81  -8.9549e-21 -8.99345e-21  6.01298e-24
          82 -8.98688e-21 -8.99337e-21  5.94019e-24
          83 -9.04704e-21 -8.99401e-21  5.90372e-24
          84 -9.01886e-21 -8.99431e-21  5.84084e-24
          85 -9.03394e-21 -8.99477e-21  5.79071e-24
          86 -8.91265e-21 -8.99382e-21  5.80157e-24
          87  -8.9883e-21 -8.99376e-21  5.73523e-24
          88 -9.06608e-21 -8.99458e-21  5.72865e-24
          89 -8.95474e-21 -8.99413e-21  5.68174e-24
          90 -9.07346e-21 -8.99501e-21  5.68657e-24
          91 -9.00521e-21 -8.99512e-21  5.62518e-24
          92 -8.90155e-21 -8.99411e-21  5.65524e-24
          93 -9.01668e-21 -8.99435e-21  5.59964e-24
          94  -8.9124e-21 -8.99348e-21  5.60752e-24
          95 -8.95307e-21 -8.99305e-21   5.5646e-24
          96 -8.99586e-21 -8.99308e-21  5.50671e-24
          97 -9.01769e-21 -8.99333e-21  5.45578e-24
          98  -8.9759e-21 -8.99316e-21  5.40301e-24
          99 -8.97709e-21 -8.99299e-21  5.35088e-24
         100 -8.92707e-21 -8.99234e-21  5.33782e-24
