0 0 0
0.0256496 0 0
0.0512993 0 0
0.0769489 0 0
0.102599 0 0
0.128248 0 0
0.153898 0 0
0.179547 0 0
0.205197 0 0
0.230847 0 0
0.256496 0 0
0.282146 0 0
0.307796 0 0
0.333445 0 0
0.359095 0 0
0.384745 0 0
0.410394 0 0
0.436044 0 0
0.461694 0 0
0.487343 0 0
0.512993 0 0
0.538642 0 0
0.564292 0 0
0.589942 0 0
0.615591 0 0
0.641241 0 0
0.666891 0 0
0.69254 0 0
0.71819 0 0
0.74384 0 0
0.769489 0 0
0.795139 0 0
0.820788 0 0
0.846438 2.5288e-05 2.51612e-05
0.872088 0.00151864 0.000200032
0.897737 0.028458 0.000920842
0.923387 0.183864 0.00217805
0.949037 0.6019 0.00420329
0.974686 1.2446 0.00713536
1.00034 1.89713 0.00862051
1.02599 2.34108 0.0109325
1.05164 2.52848 0.0105667
1.07728 2.50767 0.00918881
1.10293 2.37597 0.00929373
1.12858 2.16675 0.00895861
1.15423 1.9477 0.00779562
1.17988 1.73663 0.00738805
1.20553 1.555 0.00802244
1.23118 1.38716 0.00725169
1.25683 1.25407 0.00725859
1.28248 1.13707 0.00632582
1.30813 1.02732 0.00652701
1.33378 0.949169 0.00555078
1.35943 0.870571 0.00562949
1.38508 0.81586 0.00503902
1.41073 0.769341 0.00434607
1.43638 0.7388 0.00426281
1.46203 0.713261 0.00407387
1.48768 0.690989 0.00401897
1.51333 0.6818 0.00453506
1.53898 0.674323 0.00376552
1.56463 0.675242 0.00376594
1.59028 0.678097 0.00405385
1.61593 0.69048 0.00387561
1.64158 0.706591 0.00396351
1.66723 0.731698 0.00396655
1.69288 0.755148 0.00434727
1.71853 0.784585 0.00411109
1.74418 0.814504 0.00393029
1.76983 0.853163 0.00370044
1.79547 0.895837 0.00388075
1.82112 0.936446 0.00372765
1.84677 0.974116 0.00390901
1.87242 1.02068 0.00376845
1.89807 1.05794 0.00421972
1.92372 1.09971 0.00395455
1.94937 1.13122 0.00380436
1.97502 1.16015 0.00405786
2.00067 1.182 0.00390632
2.02632 1.20178 0.00409583
2.05197 1.20835 0.0037083
2.07762 1.20896 0.00381733
2.10327 1.19846 0.00390952
2.12892 1.18567 0.00412547
2.15457 1.16737 0.00410525
2.18022 1.1466 0.00401105
2.20587 1.12254 0.00394579
2.23152 1.09168 0.00384954
2.25717 1.06588 0.00373377
2.28282 1.04027 0.00326021
2.30847 1.01053 0.00295748
2.33412 0.988045 0.0030692
2.35977 0.972172 0.00307567
2.38542 0.948959 0.00320076
2.41107 0.932716 0.00311791
2.43672 0.920315 0.00316183
2.46237 0.906306 0.00327776
2.48802 0.898755 0.00285771
2.51366 0.892698 0.00284176
2.53931 0.894857 0.00270633
