148.454
148.383
148.312
148.238
148.164
148.087
148.009
147.93
147.848
147.766
147.681
147.596
147.508
147.419
147.329
147.238
147.145
147.05
146.955
146.859
146.761
146.662
146.563
146.462
146.36
146.258
146.155
146.051
145.947
145.841
145.736
145.629
145.523
145.416
145.309
145.201
145.093
144.985
144.877
144.769
144.662
144.554
144.446
144.338
144.231
144.124
144.018
143.912
143.806
143.701
143.597
143.494
143.392
143.292
143.193
143.095
142.999
142.905
142.814
142.725
142.639
142.555
142.476
142.399
142.327
142.26
142.197
142.139
142.086
142.039
141.999
141.965
141.939
141.919
141.908
141.905
141.911
141.925
141.949
141.983
142.027
142.082
142.147
142.223
142.31
142.409
142.519
142.641
142.775
142.921
143.078
143.247
143.428
143.62
143.824
144.039
144.264
144.5
144.747
145.003
145.269
145.543
145.827
146.118
146.417
146.723
147.035
147.353
147.676
148.004
148.336
148.672
149.01
149.351
149.693
150.037
150.381
150.725
151.068
151.41
151.751
152.09
152.425
152.758
153.087
153.412
153.733
154.049
154.36
154.665
154.964
155.258
155.544
155.824
156.097
156.362
156.619
156.869
157.111
157.344
157.569
157.785
157.993
158.191
158.38
158.56
158.73
158.891
159.042
159.184
159.316
159.438
159.55
159.653
159.745
159.827
159.9
159.962
160.015
160.057
160.089
160.112
160.125
160.128
160.121
160.104
160.078
160.042
159.997
159.943
159.879
159.806
159.725
159.634
159.535
159.428
159.312
159.188
159.057
158.918
158.771
158.617
158.457
158.29
158.116
157.936
157.751
157.56
157.363
157.162
156.955
156.745
156.53
156.311
156.089
155.863
155.635
155.404
155.17
154.935
154.698
154.459
154.219
153.978
153.737
153.495
153.253
153.011
152.769
152.527
152.286
152.047
151.808
151.57
151.334
151.099
150.865
150.633
150.403
150.175
149.948
149.723
149.5
149.279
149.06
148.843
148.627
148.414
148.202
147.992
147.784
147.577
147.372
147.168
146.966
146.765
146.566
146.367
146.17
145.974
145.778
145.584
145.39
145.197
145.004
144.811
144.619
144.428
144.236
144.045
143.855
143.664
143.473
143.283
143.092
142.902
142.712
142.522
142.332
142.142
141.952
141.763
141.574
141.385
141.197
141.009
140.822
140.635
140.45
140.266
140.083
139.901
139.721
139.543
139.366
139.192
139.02
138.85
138.683
138.519
138.357
138.199
138.045
137.893
137.746
137.603
137.463
137.328
137.198
137.072
136.951
136.835
136.724
136.618
136.517
136.421
136.331
136.247
136.167
136.094
136.025
135.962
135.904
135.852
135.804
135.762
135.725
135.693
135.665
135.642
135.623
135.608
135.597
135.591
135.587
135.588
135.591
135.597
135.605
135.616
135.63
135.645
135.661
135.679
135.698
135.719
135.739
135.761
135.782
135.804
135.825
135.846
135.867
135.887
135.906
135.924
135.942
135.958
135.973
135.987
136
136.011
136.021
136.03
136.037
136.044
136.049
136.053
136.055
136.057
136.058
136.058
136.056
136.055
136.052
136.05
136.046
136.043
136.04
136.036
136.033
136.031
136.029
136.028
136.027
136.028
136.029
136.033
136.037
136.043
136.051
136.061
136.073
136.086
136.102
136.121
136.142
136.165
136.191
136.22
136.252
136.287
136.324
136.365
136.409
136.456
136.506
136.559
136.616
136.676
136.739
136.806
136.876
136.95
137.027
137.108
137.192
137.279
137.37
137.463
137.561
137.661
137.765
137.872
137.982
138.095
138.211
138.33
138.451
138.576
138.703
138.832
138.964
139.098
139.235
139.374
139.514
139.657
139.802
139.948
140.096
140.245
140.396
140.548
140.702
140.856
141.012
141.168
141.325
141.483
141.642
141.801
141.961
142.122
142.283
142.445
142.607
142.769
142.932
143.095
143.259
143.423
143.588
143.752
143.918
144.084
144.251
144.418
144.586
144.755
144.925
145.096
145.269
145.443
145.618
145.795
145.973
146.153
146.335
146.519
146.706
146.894
147.085
147.278
147.474
147.672
147.873
148.077
148.284
148.493
148.705
148.92
149.138
149.358
149.581
149.807
150.036
150.267
150.5
150.735
150.973
151.212
151.454
151.696
151.94
152.186
152.432
152.679
152.926
153.174
153.422
153.669
153.915
154.161
154.406
154.649
154.89
155.13
155.367
155.602
155.833
156.062
156.288
156.509
156.727
156.941
157.15
157.355
157.555
157.75
157.94
158.124
158.303
158.476
158.643
158.805
158.96
159.108
159.251
159.386
159.515
159.638
159.753
159.861
159.963
160.057
160.144
160.224
160.297
160.363
160.422
160.474
160.518
160.555
160.585
160.608
160.623
160.632
160.633
160.628
160.616
160.597
160.571
160.538
160.5
160.454
160.403
160.345
160.281
160.211
160.135
160.054
159.967
159.874
159.777
159.674
159.567
159.455
159.338
159.217
159.092
158.963
158.83
158.694
158.554
158.411
158.265
158.117
157.966
157.812
157.657
157.5
157.341
157.18
157.018
156.856
156.692
156.528
156.364
156.199
156.034
155.87
155.706
155.542
155.38
155.218
155.057
154.898
154.74
154.584
154.43
154.277
154.127
153.979
153.833
153.69
153.55
153.412
153.277
153.145
153.016
152.89
152.767
152.647
152.53
152.417
152.307
152.2
152.096
151.996
151.899
151.806
151.715
151.628
151.545
151.465
151.388
151.315
151.244
151.177
151.113
151.052
150.995
150.94
150.888
150.839
150.793
150.749
150.709
150.671
150.636
150.603
150.573
150.545
150.52
150.497
150.476
150.458
150.442
150.428
150.416
150.406
150.398
150.392
150.388
150.386
150.386
150.387
150.39
150.395
150.402
150.41
150.419
150.43
150.442
150.455
150.47
150.485
150.502
150.52
150.538
150.558
150.578
150.599
150.621
150.643
150.666
150.689
150.713
150.736
150.76
150.783
150.807
150.83
150.854
150.876
150.899
150.921
150.942
150.963
150.983
151.002
151.02
151.038
151.054
151.069
151.082
151.095
151.106
151.116
151.125
151.132
151.137
151.141
151.143
151.144
151.143
151.14
151.136
151.13
151.122
151.112
151.101
151.088
151.074
151.058
151.041
151.021
151
150.978
150.954
150.929
150.902
150.874
150.845
150.815
150.783
150.751
150.717
150.683
150.648
150.612
150.575
150.538
150.501
150.463
150.425
150.386
150.348
150.309
150.27
150.232
150.194
150.156
150.119
150.082
150.046
150.011
149.976
149.943
149.91
149.879
149.849
149.82
149.792
149.767
149.742
149.72
149.7
149.681
149.665
149.65
149.638
149.628
149.62
149.615
149.613
149.613
149.615
149.621
149.629
149.64
149.654
149.671
149.691
149.714
149.74
149.77
149.802
149.838
149.877
149.92
149.965
150.014
150.066
150.122
150.181
150.243
150.308
150.376
150.448
150.522
150.599
150.679
150.762
150.848
150.936
151.026
151.119
151.214
151.31
151.409
151.509
151.611
151.714
151.819
151.924
152.03
152.137
152.244
152.351
152.458
152.564
152.67
152.775
152.879
152.982
153.083
153.183
153.28
153.375
153.467
153.557
153.643
153.727
153.807
153.883
153.955
154.024
154.088
154.148
154.203
154.254
154.299
154.34
154.376
154.407
154.432
154.453
154.468
154.478
154.483
154.483
154.477
154.466
154.451
154.43
154.405
154.375
154.34
154.302
154.259
154.212
154.161
154.107
154.05
153.991
153.928
153.864
153.797
153.729
153.66
153.59
153.519
153.448
153.378
153.308
153.238
153.17
153.104
153.039
152.977
152.918
152.861
152.808
152.759
152.714
152.673
152.636
152.604
152.578
152.556
152.54
152.53
152.525
152.526
152.534
152.547
152.568
152.594
152.627
152.667
152.713
152.765
152.824
152.89
152.962
153.04
153.125
153.216
153.313
153.416
153.525
153.639
153.76
153.886
154.017
154.154
154.295
154.442
154.593
154.749
154.909
155.073
155.241
155.413
155.588
155.767
155.948
156.133
156.32
156.51
156.702
156.896
157.092
157.29
157.489
157.689
157.891
158.093
158.296
158.499
158.702
158.906
159.109
159.312
159.514
159.715
159.915
160.114
160.311
160.507
160.701
160.893
161.083
161.27
161.455
161.637
161.816
161.992
162.164
162.333
162.499
162.661
162.818
162.971
163.12
163.265
163.405
163.539
163.669
163.794
163.913
164.027
164.135
164.237
164.333
164.423
164.507
164.584
164.655
164.719
164.776
164.827
164.87
164.906
164.935
164.956
164.969
164.975
164.973
164.964
164.946
164.92
164.886
164.844
164.793
164.735
164.667
164.592
164.508
164.415
164.314
164.205
164.088
163.962
163.828
163.686
163.535
163.377
163.212
163.038
162.858
162.67
162.476
162.275
162.067
161.854
161.635
161.41
161.181
160.947
160.709
160.468
160.223
159.976
159.726
159.475
159.222
158.968
158.714
158.461
158.208
157.957
157.708
157.461
157.217
156.977
156.74
156.508
156.281
156.058
155.842
155.631
155.427
155.229
155.038
154.855
154.678
154.509
154.348
154.195
154.05
153.912
153.782
153.66
153.546
153.439
153.339
153.247
153.161
153.083
153.01
152.944
152.884
152.83
152.781
152.737
152.697
152.661
152.629
152.601
152.575
152.553
152.532
152.513
152.496
152.48
152.465
152.449
152.434
152.419
152.403
152.387
152.369
152.349
152.328
152.305
152.28
152.253
152.223
152.19
152.154
152.115
152.073
152.028
151.979
151.927
151.872
151.813
151.75
151.684
151.615
151.542
151.465
151.385
151.301
151.214
151.124
151.031
150.934
150.835
150.732
150.627
150.518
150.408
150.294
150.179
150.061
149.94
149.818
149.694
149.567
149.439
149.309
149.178
149.045
148.911
148.775
148.638
148.5
148.361
148.22
148.079
147.936
147.792
147.648
147.502
147.355
147.208
147.059
146.91
146.759
146.608
146.455
146.302
146.147
145.992
145.835
145.678
145.52
145.36
145.2
145.039
144.877
144.714
144.55
144.385
144.219
144.053
143.886
143.719
143.551
143.382
143.213
143.044
142.874
142.704
142.534
142.364
142.194
142.025
141.856
141.688
141.52
141.353
141.187
141.022
140.858
140.696
140.535
140.376
140.218
140.062
139.909
139.758
139.609
139.463
139.319
139.178
139.04
138.905
138.774
138.645
138.52
138.399
138.281
138.168
138.058
137.952
137.85
137.752
137.658
137.568
137.483
137.402
137.325
137.253
137.185
137.121
137.061
137.006
136.956
136.909
136.867
136.828
136.794
136.764
136.738
136.715
136.696
136.68
136.668
136.659
136.653
136.65
136.649
136.652
136.657
136.664
136.674
136.685
136.698
136.713
136.73
136.748
136.767
136.787
136.807
136.829
136.851
136.873
136.896
136.918
136.941
136.963
136.985
137.006
137.027
137.047
137.066
137.085
137.103
137.119
137.135
137.149
137.162
137.174
137.185
137.194
137.202
137.208
137.214
137.217
137.22
137.221
137.221
137.219
137.216
137.212
137.207
137.2
137.192
137.183
137.173
137.161
137.149
137.135
137.12
137.104
137.088
137.07
137.051
137.032
137.012
136.991
136.969
136.947
136.924
136.901
136.877
136.852
136.827
136.802
136.776
136.75
136.724
136.698
136.671
136.645
136.619
136.592
136.567
136.541
136.516
136.491
136.467
136.444
136.421
136.4
136.379
136.36
136.342
136.325
136.309
136.295
136.283
136.273
136.264
136.258
136.253
136.251
136.251
136.254
136.259
136.268
136.279
136.293
136.31
136.33
136.354
136.381
136.412
136.447
136.485
136.527
136.573
136.623
136.677
136.736
136.798
136.865
136.936
137.011
137.091
137.175
137.263
137.356
137.453
137.554
137.66
137.77
137.884
138.003
138.125
138.251
138.381
138.515
138.653
138.794
138.938
139.086
139.236
139.39
139.546
139.704
139.865
140.028
140.193
140.359
140.527
140.696
140.865
141.035
141.206
141.376
141.547
141.716
141.885
142.053
142.219
142.383
142.545
142.705
142.862
143.017
143.168
143.315
143.458
143.598
143.732
143.862
143.987
144.106
144.22
144.328
144.43
144.525
144.613
144.695
144.769
144.836
144.895
144.947
144.99
145.025
145.052
145.071
145.08
145.081
145.073
145.056
145.03
144.995
144.951
144.897
144.834
144.762
144.68
144.589
144.489
144.38
144.261
144.133
143.997
143.851
143.697
143.534
143.363
143.184
142.996
142.8
142.597
142.386
142.168
141.943
141.711
141.472
141.227
140.977
140.72
140.458
140.192
139.92
139.645
139.365
139.081
138.794
138.504
138.212
137.917
137.62
137.322
137.022
136.722
136.421
136.12
135.819
135.519
135.22
134.923
134.627
134.334
134.043
133.754
133.469
133.188
132.911
132.638
132.369
132.106
131.847
131.594
131.348
131.107
130.873
130.645
130.425
130.212
130.007
129.81
129.621
129.441
129.269
129.106
128.952
128.808
128.674
128.549
128.434
128.329
128.235
128.151
128.078
128.016
127.965
127.924
127.895
127.878
127.872
127.877
127.894
127.923
127.963
128.014
128.077
128.152
128.239
128.336
128.445
128.566
128.698
128.841
128.994
129.159
129.335
129.521
129.717
129.924
130.141
130.367
130.603
130.847
131.101
131.364
131.634
131.913
132.199
132.493
132.793
133.1
133.413
133.733
134.057
134.387
134.721
135.059
135.401
135.747
136.095
136.446
136.799
137.154
137.51
137.866
138.223
138.58
138.936
139.291
139.645
139.997
140.346
140.693
141.037
141.378
141.714
142.047
142.375
142.698
143.016
143.328
143.635
143.935
144.229
144.517
144.797
145.071
145.337
145.595
145.846
146.089
146.323
146.55
146.769
146.979
147.181
147.374
147.559
147.735
147.902
148.062
148.212
148.354
148.488
148.613
148.73
148.839
148.94
149.033
149.118
149.195
149.266
149.329
149.385
149.434
149.476
149.512
149.542
149.566
149.585
149.598
149.605
149.608
149.606
149.6
149.59
149.576
149.558
149.536
149.512
149.484
149.453
149.42
149.385
149.347
149.308
149.266
149.223
149.178
149.132
149.084
149.035
148.986
148.935
148.884
148.832
148.779
148.726
148.672
148.618
148.564
148.509
148.454
148.399
148.343
148.288
148.233
148.177
148.122
148.068
148.013
147.959
147.906
147.853
147.8
147.749
147.698
147.648
147.6
147.553
147.507
147.463
147.42
147.38
147.341
147.305
147.271
147.239
147.21
147.184
147.162
147.142
147.126
147.113
147.104
147.099
147.098
147.1
147.107
147.119
147.134
147.155
147.179
147.209
147.243
147.281
147.325
147.373
147.425
147.482
147.544
147.611
147.681
147.757
147.836
147.92
148.007
148.098
148.193
148.291
148.393
148.497
148.605
148.715
148.827
148.941
149.056
149.174
149.292
149.411
149.531
149.651
149.771
149.891
150.01
150.128
150.245
150.36
150.473
150.585
150.694
150.8
150.903
151.003
151.099
151.191
151.28
151.364
151.444
151.519
151.589
151.655
151.715
151.77
151.82
151.865
151.904
151.938
151.967
151.989
152.007
152.019
152.025
152.027
152.023
152.014
152
151.982
151.959
151.931
151.9
151.864
151.825
151.782
151.736
151.688
151.636
151.583
151.527
151.47
151.412
151.352
151.292
151.231
151.17
151.109
151.048
150.988
150.928
150.87
150.812
150.756
150.702
150.649
150.598
150.549
150.502
150.457
150.413
150.372
150.333
150.295
150.259
150.225
150.192
150.161
150.131
150.102
150.074
150.047
150.021
149.995
149.969
149.943
149.917
149.89
149.863
149.835
149.807
149.777
149.746
149.713
149.679
149.644
149.606
149.566
149.525
149.481
149.436
149.388
149.338
149.286
149.232
149.176
149.117
149.057
148.995
148.93
148.864
148.796
148.727
148.656
148.583
148.51
148.435
148.359
148.282
148.205
148.127
148.048
147.969
147.89
147.811
147.732
147.653
147.575
147.498
147.421
147.345
147.27
147.196
147.124
147.053
146.984
146.916
146.85
146.786
146.723
146.662
146.604
146.547
146.493
146.441
146.391
146.344
146.299
146.256
146.216
146.179
146.143
146.111
146.08
146.053
146.027
146.005
145.984
145.966
145.951
145.938
145.927
145.919
145.913
145.91
145.908
145.909
145.912
145.916
145.923
145.932
145.942
145.954
145.967
145.983
145.999
146.018
146.037
146.058
146.08
146.102
146.126
146.151
146.176
146.202
146.229
146.256
146.283
146.31
146.338
146.365
146.392
146.418
146.444
146.47
146.494
146.518
146.541
146.562
146.583
146.601
146.619
146.634
146.648
146.66
146.669
146.676
146.681
146.684
146.684
146.681
146.676
146.668
146.656
146.642
146.625
146.605
146.582
146.555
146.526
146.492
146.456
146.416
146.373
146.327
146.277
146.224
146.168
146.108
146.046
145.98
145.911
145.839
145.764
145.687
145.607
145.524
145.438
145.351
145.261
145.169
145.075
144.98
144.883
144.784
144.684
144.584
144.482
144.38
144.278
144.175
144.072
143.97
143.868
143.767
143.667
143.568
143.47
143.375
143.281
143.189
143.099
143.013
142.929
142.848
142.77
142.696
142.626
142.56
142.498
142.44
142.387
142.338
142.295
142.256
142.223
142.195
142.172
142.156
142.144
142.139
142.14
142.147
142.16
142.179
142.204
142.236
142.274
142.319
142.37
142.427
142.491
142.561
142.637
142.719
142.808
142.903
143.003
143.11
143.222
143.34
143.464
143.593
143.728
143.867
144.012
144.161
144.315
144.474
144.637
144.804
144.976
145.151
145.329
145.511
145.696
145.884
146.074
146.267
146.463
146.66
146.859
147.06
147.262
147.466
147.67
147.876
148.081
148.288
148.494
148.701
148.907
149.112
149.318
149.522
149.725
149.928
150.129
150.328
150.525
150.721
150.915
151.107
151.296
151.483
151.667
151.848
152.027
152.203
152.375
152.545
152.711
152.873
153.033
153.188
153.34
153.489
153.633
153.774
153.91
154.043
154.171
154.295
154.415
154.53
154.641
154.747
154.849
154.946
155.038
155.126
155.209
155.287
155.36
155.429
155.492
155.55
155.604
155.652
155.695
155.733
155.765
155.792
155.814
155.831
155.842
155.847
155.847
155.842
155.83
155.813
155.79
155.762
155.727
155.687
155.64
155.588
155.529
155.464
155.393
155.315
155.232
155.141
155.044
154.941
154.831
154.714
154.59
154.459
154.322
154.177
154.026
153.867
153.701
153.528
153.347
153.159
152.964
152.762
152.552
152.336
152.112
151.88
151.642
151.397
151.145
150.887
150.622
150.35
150.073
149.79
149.502
149.209
148.911
148.609
148.303
147.993
147.682
147.368
147.052
146.735
146.418
146.102
145.787
145.473
145.163
144.856
144.553
144.256
143.964
143.68
143.403
143.136
142.877
142.63
142.393
142.169
141.957
141.759
141.575
141.407
141.253
141.116
140.995
140.891
140.804
140.735
140.683
140.649
140.632
140.633
140.652
140.688
140.74
140.808
140.893
140.993
141.107
141.236
141.377
141.532
141.697
141.874
142.061
142.256
142.46
142.67
142.887
143.11
143.336
143.566
143.798
144.032
144.266
144.501
144.734
144.966
145.195
145.42
145.642
145.859
146.071
146.277
146.477
146.67
146.856
147.034
147.204
147.366
147.519
147.663
147.798
147.923
148.039
148.145
148.241
148.326
148.402
148.468
148.523
148.569
148.604
148.628
148.643
148.648
148.642
148.627
148.601
148.566
148.521
148.466
148.402
148.328
148.244
148.151
148.049
147.938
147.817
147.688
147.55
147.404
147.248
147.085
146.914
146.734
146.547
146.352
146.15
145.941
145.725
145.502
145.273
145.038
144.797
144.552
144.301
144.046
143.786
143.523
143.257
142.988
142.717
142.444
142.17
141.896
141.621
141.347
141.074
140.803
140.533
140.267
140.004
139.745
139.49
139.241
138.997
138.759
138.528
138.304
138.087
137.878
137.678
137.486
137.303
137.128
136.964
136.809
136.663
136.527
136.401
136.285
136.178
136.081
135.994
135.916
135.846
135.786
135.734
135.691
135.655
135.627
135.606
135.592
135.584
135.581
135.584
135.592
135.604
135.62
135.639
135.66
135.684
135.71
135.736
135.764
135.791
135.818
135.845
135.869
135.893
135.914
135.932
135.947
135.959
135.967
135.971
135.97
135.965
135.955
135.939
135.919
135.892
135.86
135.821
135.777
135.726
135.669
135.606
135.536
135.461
135.379
135.291
135.197
135.097
134.992
134.881
134.765
134.643
134.517
134.387
134.253
134.114
133.973
133.828
133.681
133.532
133.381
133.229
133.076
132.923
132.77
132.618
132.467
132.318
132.172
132.028
131.888
131.751
131.619
131.492
131.371
131.256
131.147
131.046
130.951
130.865
130.788
130.719
130.659
130.61
130.57
130.541
130.523
130.516
130.52
130.536
130.564
130.604
130.656
130.721
130.798
130.888
130.991
131.106
131.234
131.375
131.529
131.696
131.875
132.067
132.271
132.487
132.715
132.955
133.206
133.469
133.743
134.027
134.321
134.626
134.94
135.263
135.596
135.936
136.284
136.64
137.003
137.372
137.748
138.129
138.515
138.906
139.301
139.7
140.102
140.506
140.913
141.321
141.731
142.141
142.552
142.962
143.372
143.781
144.188
144.594
144.997
145.397
145.795
146.189
146.579
146.965
147.346
147.723
148.095
148.461
148.822
149.177
149.525
149.868
150.204
150.533
150.855
151.169
151.477
151.777
152.07
152.355
152.632
152.901
153.162
153.415
153.659
153.895
154.123
154.342
154.553
154.755
154.949
155.135
155.311
155.479
155.639
155.789
155.932
156.065
156.19
156.306
156.414
156.513
156.603
156.685
156.758
156.823
156.879
156.927
156.967
156.998
157.021
157.036
157.042
157.041
157.031
157.014
156.988
156.955
156.914
156.866
156.81
156.747
156.676
156.599
156.514
156.423
156.324
156.22
156.108
155.991
155.867
155.737
155.602
155.461
155.314
155.163
155.006
154.845
154.679
154.51
154.336
154.158
153.977
153.793
153.606
153.416
153.224
153.03
152.834
152.637
152.439
152.239
152.039
151.839
151.64
151.44
151.241
151.043
150.846
150.651
150.457
150.266
150.076
149.889
149.704
149.522
149.343
149.167
148.994
148.824
148.658
148.495
148.336
148.18
148.028
147.879
147.734
147.592
147.454
147.319
147.188
147.06
146.935
146.812
146.693
146.577
146.463
146.351
146.242
146.136
146.031
145.928
145.827
145.728
145.631
145.536
145.441
145.349
145.258
145.168
145.079
144.992
144.906
144.822
144.739
144.657
144.576
144.497
144.419
144.343
144.269
144.196
144.125
144.056
143.988
143.923
143.86
143.8
143.741
143.686
143.632
143.582
143.534
143.488
143.446
143.406
143.369
143.335
143.304
143.276
143.251
143.228
143.208
143.191
143.177
143.165
143.155
143.148
143.143
143.14
143.139
143.14
143.142
143.146
143.151
143.158
143.165
143.173
143.182
143.192
143.202
143.212
143.223
143.233
143.244
143.254
143.264
143.274
143.284
143.293
143.302
143.31
143.318
143.325
143.332
143.338
143.344
143.349
143.354
143.359
143.363
143.367
143.371
143.375
143.378
143.382
143.386
143.39
143.395
143.4
143.405
143.412
143.419
143.427
143.436
143.447
143.458
143.472
143.487
143.503
143.521
143.542
143.564
143.589
143.616
143.645
143.677
143.712
143.75
143.791
143.835
143.882
143.933
143.987
144.044
144.106
144.171
144.24
144.313
144.39
144.472
144.557
144.647
144.741
144.84
144.943
145.051
145.163
145.279
145.4
145.525
145.655
145.789
145.927
146.07
146.216
146.367
146.522
146.681
146.843
147.009
147.179
147.352
147.528
147.707
147.89
148.075
148.262
148.452
148.644
148.837
149.033
149.23
149.428
149.627
149.827
150.027
150.228
150.428
150.629
150.829
151.028
151.226
151.424
151.62
151.814
152.006
152.197
152.385
152.571
152.753
152.933
153.11
153.283
153.453
153.619
153.781
153.939
154.093
154.242
154.386
154.525
154.66
154.789
154.913
155.031
155.144
155.25
155.351
155.446
155.535
155.617
155.693
155.762
155.825
155.881
155.93
155.972
156.006
156.034
156.055
156.069
156.075
156.074
156.066
156.05
156.027
155.996
155.958
155.912
155.859
155.798
155.73
155.654
155.571
155.481
155.383
155.278
155.166
155.046
154.92
154.787
154.647
154.501
154.348
154.19
154.025
153.854
153.677
153.495
153.308
153.116
152.919
152.718
152.513
152.303
152.091
151.874
151.655
151.434
151.21
150.984
150.756
150.527
150.298
150.067
149.837
149.607
149.377
149.149
148.921
148.696
148.472
148.251
148.032
147.816
147.604
147.396
147.192
146.992
146.797
146.607
146.422
146.243
146.07
145.902
145.741
145.587
145.439
145.298
145.163
145.036
144.916
144.803
144.698
144.599
144.508
144.425
144.348
144.279
144.217
144.162
144.114
144.073
144.039
144.011
143.99
143.975
143.966
143.963
143.966
143.974
143.987
144.005
144.028
144.055
144.087
144.123
144.162
144.205
144.251
144.3
144.352
144.406
144.463
144.521
144.581
144.643
144.705
144.769
144.834
144.899
144.964
145.03
145.095
145.161
145.226
145.29
145.354
145.417
145.479
145.54
145.599
145.657
145.714
145.769
145.823
145.874
145.924
145.972
146.018
146.062
146.104
146.144
146.182
146.217
146.251
146.282
146.311
146.339
146.364
146.387
146.408
146.427
146.444
146.459
146.472
146.482
146.491
146.498
146.503
146.506
146.508
146.508
146.505
146.502
146.496
146.489
146.481
146.471
146.46
146.447
146.432
146.416
146.399
146.38
146.36
146.339
146.316
146.292
146.267
146.24
146.212
146.182
146.151
146.119
146.085
146.05
146.013
145.975
145.936
145.895
145.852
145.808
145.762
145.715
145.666
145.614
145.561
145.506
145.449
145.39
145.329
145.266
145.2
145.132
145.062
144.989
144.914
144.836
144.755
144.672
144.586
144.497
144.405
144.31
144.212
144.111
144.006
143.899
143.788
143.674
143.556
143.435
143.311
143.183
143.051
142.916
142.778
142.636
142.491
142.342
142.19
142.035
141.876
141.714
141.549
141.381
141.21
141.036
140.859
140.68
140.497
140.313
140.126
139.937
139.746
139.554
139.36
139.164
138.967
138.769
138.571
138.371
138.171
137.971
137.771
137.572
137.372
137.174
136.977
136.78
136.586
136.393
136.202
136.013
135.827
135.643
135.462
135.285
135.111
134.94
134.773
134.611
134.452
134.298
134.149
134.005
133.865
133.731
133.603
133.479
133.362
133.251
133.146
133.047
132.954
132.868
132.788
132.715
132.65
132.591
132.539
132.495
132.458
132.428
132.406
132.392
132.385
132.386
132.394
132.411
132.436
132.468
132.508
132.557
132.613
132.677
132.75
132.83
132.918
133.014
133.117
133.229
133.347
133.474
133.608
133.749
133.897
134.052
134.214
134.383
134.558
134.739
134.926
135.119
135.317
135.521
135.73
135.943
136.161
136.383
136.608
136.838
137.07
137.305
137.543
137.783
138.024
138.268
138.512
138.757
139.003
139.248
139.494
139.738
139.982
140.225
140.466
140.705
140.942
141.176
141.407
141.635
141.86
142.08
142.297
142.51
142.718
142.921
143.119
143.312
143.5
143.682
143.858
144.029
144.193
144.352
144.504
144.65
144.79
144.923
145.05
145.17
145.285
145.392
145.494
145.589
145.678
145.76
145.837
145.908
145.973
146.032
146.086
146.134
146.177
146.216
146.249
146.278
146.303
146.323
146.339
146.352
146.361
146.367
146.37
146.37
146.368
146.363
146.357
146.348
146.338
146.327
146.315
146.302
146.288
146.273
146.259
146.244
146.23
146.216
146.203
146.19
146.179
146.169
146.16
146.152
146.147
146.143
146.14
146.14
146.142
146.146
146.153
146.162
146.173
146.187
146.204
146.224
146.246
146.271
146.299
146.331
146.365
146.403
146.443
146.487
146.534
146.584
146.637
146.693
146.752
146.814
146.879
146.947
147.018
147.092
147.169
147.249
147.332
147.417
147.505
147.596
147.689
147.784
147.882
147.982
148.084
148.189
148.295
148.403
148.513
148.624
148.737
148.851
148.967
149.084
149.202
149.321
149.44
149.561
149.681
149.803
149.924
150.045
150.167
150.288
150.409
150.529
150.648
150.767
150.885
151.002
151.117
151.232
151.344
151.455
151.565
151.672
151.777
151.88
151.98
152.078
152.173
152.265
152.354
152.44
152.523
152.602
152.678
152.75
152.818
152.883
152.943
152.999
153.051
153.098
153.141
153.18
153.213
153.242
153.266
153.284
153.298
153.307
153.311
153.309
153.303
153.291
153.274
153.251
153.223
153.19
153.152
153.108
153.058
153.004
152.944
152.88
152.81
152.735
152.655
152.57
152.48
152.386
152.287
152.184
152.076
151.965
151.849
151.73
151.607
151.48
151.35
151.218
151.082
150.944
150.804
150.661
150.516
150.37
150.222
150.073
149.923
149.772
149.621
149.469
149.318
149.167
149.016
148.867
148.718
148.572
148.426
148.283
148.142
148.003
147.867
147.734
147.604
147.477
147.354
147.235
147.119
147.008
146.9
146.798
146.7
146.606
146.517
146.434
146.355
146.282
146.214
146.151
146.094
146.042
145.995
145.954
145.919
145.889
145.864
145.845
145.831
145.822
145.819
145.82
145.826
145.838
145.853
145.874
145.898
145.927
145.96
145.997
146.037
146.081
146.128
146.177
146.23
146.285
146.342
146.401
146.462
146.524
146.587
146.651
146.715
146.78
146.845
146.909
146.972
147.035
147.096
147.156
147.214
147.269
147.322
147.372
147.419
147.463
147.503
147.538
147.57
147.597
147.62
147.637
147.65
147.656
147.657
147.653
147.642
147.625
147.601
147.572
147.535
147.492
147.443
147.387
147.324
147.255
147.18
147.098
147.01
146.916
146.816
146.71
146.6
146.484
146.364
146.24
146.113
145.982
145.849
145.713
145.576
145.438
145.3
145.162
145.025
144.89
144.757
144.627
144.5
144.378
144.261
144.15
144.045
143.946
143.855
143.772
143.697
143.631
143.574
143.526
143.488
143.46
143.442
143.433
143.435
143.446
143.468
143.499
143.539
143.588
143.646
143.712
143.786
143.867
143.955
144.05
144.151
144.256
144.367
144.481
144.599
144.719
144.842
144.967
145.092
145.218
145.344
145.469
145.594
145.716
145.837
145.955
146.071
146.183
146.291
146.396
146.496
146.592
146.683
146.769
146.851
146.927
146.997
147.062
147.122
147.176
147.224
147.266
147.303
147.334
147.359
147.379
147.393
147.402
147.406
147.405
147.398
147.387
147.371
147.351
147.326
147.297
147.263
147.226
147.186
147.142
147.094
147.044
146.991
146.935
146.877
146.816
146.754
146.69
146.624
146.558
146.49
146.421
146.351
146.281
146.211
146.14
146.069
145.999
145.929
145.86
145.791
145.723
145.656
145.59
145.525
145.462
145.4
145.339
145.279
145.222
145.166
145.111
145.059
145.008
144.959
144.912
144.867
144.823
144.782
144.743
144.705
144.67
144.636
144.604
144.574
144.546
144.52
144.496
144.473
144.452
144.432
144.414
144.398
144.384
144.371
144.36
144.35
144.342
144.335
144.33
144.327
144.325
144.324
144.326
144.328
144.333
144.339
144.348
144.357
144.369
144.383
144.399
144.417
144.437
144.46
144.485
144.513
144.543
144.577
144.613
144.652
144.695
144.741
144.791
144.845
144.902
144.964
145.03
145.1
145.175
145.255
145.339
145.429
145.524
145.624
145.729
145.84
145.956
146.078
146.205
146.338
146.477
146.621
146.771
146.927
147.088
147.255
147.427
147.604
147.787
147.974
148.166
148.363
148.564
148.77
148.979
149.193
149.41
149.63
149.853
150.079
150.307
150.537
150.768
151.001
151.235
151.469
151.704
151.939
152.173
152.406
152.639
152.869
153.098
153.324
153.548
153.769
153.986
154.2
154.41
154.616
154.817
155.013
155.203
155.388
155.567
155.741
155.907
156.067
156.22
156.366
156.505
156.636
156.759
156.875
156.983
157.082
157.173
157.256
157.33
157.396
157.453
157.501
157.54
157.571
157.593
157.606
157.61
157.604
157.591
157.568
157.536
157.495
157.446
157.389
157.322
157.248
157.165
157.074
156.975
156.868
156.754
156.632
156.504
156.368
156.225
156.076
155.92
155.759
155.592
155.419
155.242
155.059
154.872
154.681
154.487
154.289
154.088
153.885
153.679
153.472
153.263
153.053
152.843
152.633
152.423
152.214
152.007
151.801
151.597
151.396
151.198
151.003
150.812
150.625
150.443
150.266
150.095
149.929
149.769
149.616
149.47
149.331
149.199
149.075
148.959
148.851
148.751
148.659
148.576
148.502
148.436
148.38
148.332
148.293
148.263
148.241
148.229
148.225
148.231
148.244
148.266
148.297
148.336
148.382
148.437
148.499
148.569
148.646
148.73
148.821
148.919
149.022
149.132
149.248
149.369
149.495
149.626
149.762
149.902
150.046
150.193
150.345
150.499
150.657
150.817
150.979
151.143
151.31
151.477
151.646
151.815
151.985
152.155
152.324
152.494
152.663
152.831
152.998
153.163
153.327
153.489
153.648
153.805
153.96
154.111
154.259
154.403
154.544
154.68
154.812
154.94
155.063
155.181
155.294
155.401
155.503
155.599
155.689
155.772
155.849
155.92
155.983
156.039
156.088
156.129
156.163
156.189
156.207
156.217
156.218
156.211
156.195
156.171
156.138
156.096
156.045
155.985
155.916
155.838
155.75
155.653
155.547
155.432
155.308
155.174
155.031
154.879
154.718
154.548
154.37
154.182
153.987
153.783
153.571
153.352
153.125
152.891
152.65
152.402
152.148
151.888
151.623
151.353
151.078
150.798
150.515
150.228
149.939
149.646
149.352
149.056
148.759
148.462
148.164
147.866
147.57
147.274
146.98
146.688
146.398
146.111
145.827
145.547
145.271
144.999
144.731
144.468
144.211
143.958
143.711
143.469
143.234
143.004
142.78
142.562
142.351
142.145
141.946
141.753
141.566
141.385
141.21
141.041
140.878
140.721
140.57
140.424
140.283
140.148
140.018
139.893
139.773
139.657
139.547
139.44
139.338
139.24
139.146
139.056
138.969
138.885
138.805
138.727
138.653
138.581
138.512
138.445
138.38
138.317
138.256
138.197
138.139
138.083
138.028
137.974
137.921
137.869
137.818
137.767
137.717
137.667
137.618
137.569
137.521
137.472
137.424
137.376
137.328
137.281
137.234
137.187
137.14
137.094
137.049
137.004
136.959
136.916
136.873
136.832
136.792
136.754
136.717
136.682
136.649
136.619
136.591
136.566
136.544
136.526
136.511
136.499
136.492
136.489
136.49
136.496
136.507
136.524
136.545
136.572
136.604
136.643
136.687
136.738
136.794
136.857
136.927
137.003
137.086
137.175
137.271
137.373
137.482
137.597
137.719
137.848
137.982
138.123
138.27
138.422
138.58
138.744
138.913
139.087
139.266
139.45
139.638
139.831
140.027
140.227
140.431
140.638
140.848
141.06
141.275
141.493
141.712
141.933
142.155
142.378
142.603
142.828
143.054
143.28
143.506
143.732
143.957
144.182
144.407
144.63
144.852
145.073
145.292
145.51
145.726
145.94
146.152
146.362
146.569
146.774
146.976
147.176
147.373
147.566
147.757
147.945
148.129
148.31
148.488
148.663
148.835
149.003
149.167
149.328
149.486
149.64
149.791
149.938
150.082
150.222
150.359
150.492
150.623
150.75
150.874
150.994
151.112
151.226
151.338
151.447
151.553
151.657
151.758
151.857
151.953
152.047
152.139
152.229
152.317
152.404
152.489
152.572
152.655
152.735
152.815
152.894
152.972
153.049
153.125
153.201
153.276
153.351
153.426
153.501
153.576
153.651
153.726
153.801
153.876
153.952
154.029
154.106
154.183
154.262
154.34
154.42
154.5
154.581
154.663
154.745
154.828
154.912
154.996
155.082
155.167
155.254
155.341
155.428
155.516
155.604
155.693
155.782
155.871
155.96
156.05
156.139
156.228
156.317
156.406
156.494
156.581
156.668
156.754
156.839
156.923
157.005
157.087
157.166
157.244
157.32
157.395
157.467
157.537
157.604
157.669
157.732
157.791
157.848
157.901
157.951
157.998
158.041
158.081
158.117
158.149
158.176
158.2
158.219
158.234
158.244
158.249
158.25
158.245
158.234
158.219
158.198
158.171
158.139
158.101
158.057
158.006
157.95
157.887
157.818
157.742
157.659
157.57
157.474
157.371
157.261
157.144
157.02
156.889
156.751
156.605
156.452
156.292
156.125
155.951
155.77
155.582
155.387
155.185
154.976
154.762
154.541
154.314
154.082
153.844
153.602
153.355
153.105
152.851
152.595
152.336
152.076
151.815
151.553
151.293
151.033
150.776
150.521
150.271
150.025
149.785
149.551
149.324
149.106
148.897
148.697
148.508
148.33
148.164
148.01
147.869
147.741
147.627
147.527
147.441
147.369
147.311
147.267
147.236
147.219
147.215
147.223
147.242
147.273
147.314
147.365
147.425
147.492
147.567
147.648
147.734
147.824
147.918
148.014
148.112
148.21
148.309
148.406
148.502
148.596
148.686
148.773
148.856
148.934
149.007
149.075
149.136
149.192
149.241
149.283
149.319
149.348
149.37
149.385
149.393
149.395
149.389
149.377
149.359
149.334
149.303
149.266
149.223
149.175
149.122
149.064
149.001
148.934
148.862
148.787
148.708
148.626
148.541
148.454
148.364
148.272
148.178
148.083
147.987
147.889
147.791
147.692
147.593
147.494
147.396
147.297
147.199
147.102
147.006
146.912
146.818
146.726
146.636
146.548
146.462
146.377
146.295
146.216
146.138
146.064
145.992
145.923
145.857
145.793
145.733
145.675
145.621
145.57
145.522
145.477
145.436
145.397
145.362
145.33
145.301
145.275
145.253
145.233
145.216
145.203
145.192
145.184
145.178
145.176
145.175
145.177
145.181
145.187
145.195
145.205
145.216
145.228
145.242
145.257
145.273
145.289
145.306
145.323
145.34
145.357
145.375
145.391
145.407
145.423
145.437
145.45
145.463
145.473
145.483
145.491
145.497
145.502
145.505
145.506
145.505
145.502
145.497
145.49
145.481
145.47
145.457
145.441
145.423
145.403
145.381
145.358
145.332
145.304
145.274
145.243
145.21
145.175
145.138
145.101
145.061
145.021
144.979
144.936
144.892
144.846
144.8
144.753
144.705
144.657
144.608
144.558
144.508
144.457
144.406
144.354
144.302
144.25
144.197
144.145
144.092
144.039
143.985
143.932
143.878
143.824
143.771
143.717
143.662
143.608
143.554
143.499
143.445
143.39
143.335
143.28
143.224
143.169
143.113
143.057
143.001
142.945
142.889
142.832
142.776
142.719
142.662
142.606
142.549
142.492
142.435
142.379
142.322
142.266
142.21
142.155
142.1
142.045
141.992
141.938
141.886
141.835
141.784
141.735
141.687
141.641
141.596
141.553
141.511
141.472
141.434
141.399
141.366
141.335
141.306
141.281
141.258
141.238
141.221
141.207
141.196
141.188
141.183
141.182
141.184
141.19
141.198
141.211
141.226
141.246
141.268
141.294
141.324
141.356
141.392
141.431
141.474
141.519
141.567
141.617
141.671
141.727
141.785
141.845
141.908
141.972
142.038
142.105
142.174
142.244
142.315
142.386
142.458
142.529
142.601
142.673
142.744
142.815
142.885
142.954
143.021
143.087
143.151
143.213
143.273
143.331
143.386
143.438
143.488
143.534
143.578
143.617
143.654
143.686
143.715
143.74
143.761
143.778
143.79
143.799
143.803
143.802
143.797
143.788
143.774
143.755
143.732
143.704
143.672
143.635
143.594
143.548
143.498
143.444
143.385
143.321
143.254
143.182
143.107
143.027
142.943
142.856
142.766
142.671
142.574
142.473
142.37
142.263
142.155
142.043
141.93
141.815
141.698
141.58
141.46
141.34
141.219
141.098
140.977
140.856
140.735
140.616
140.497
140.381
140.266
140.153
140.043
139.935
139.831
139.731
139.634
139.542
139.454
139.371
139.293
139.221
139.154
139.093
139.038
138.99
138.948
138.913
138.885
138.864
138.85
138.843
138.844
138.852
138.868
138.891
138.921
138.959
139.004
139.057
139.117
139.184
139.259
139.34
139.428
139.523
139.624
139.732
139.846
139.966
140.092
140.223
140.36
140.502
140.649
140.801
140.958
141.119
141.284
141.453
141.626
141.803
141.983
142.166
142.352
142.541
142.733
142.927
143.123
143.322
143.522
143.724
143.928
144.133
144.34
144.547
144.756
144.966
145.176
145.387
145.598
145.81
146.022
146.234
146.445
146.657
146.868
147.078
147.288
147.496
147.704
147.911
148.116
148.319
148.521
148.722
148.92
149.116
149.309
149.501
149.689
149.874
150.057
150.236
150.411
150.583
150.752
150.916
151.076
151.232
151.383
151.53
151.671
151.808
151.94
152.067
152.188
152.304
152.415
152.52
152.619
152.713
152.801
152.883
152.958
153.028
153.092
153.15
153.201
153.247
153.286
153.32
153.348
153.37
153.387
153.397
153.402
153.402
153.396
153.386
153.37
153.349
153.324
153.294
153.26
153.221
153.179
153.133
153.083
153.03
152.974
152.916
152.854
152.79
152.724
152.656
152.586
152.515
152.443
152.37
152.296
152.222
152.148
152.073
151.999
151.926
151.853
151.781
151.711
151.642
151.575
151.51
151.447
151.387
151.328
151.273
151.22
151.171
151.124
151.081
151.041
151.005
150.972
150.943
150.918
150.896
150.879
150.866
150.856
150.851
150.849
150.852
150.859
150.869
150.884
150.902
150.924
150.95
150.979
151.012
151.048
151.087
151.129
151.174
151.222
151.272
151.324
151.379
151.436
151.494
151.554
151.615
151.678
151.741
151.805
151.869
151.933
151.998
152.062
152.126
152.19
152.252
152.314
152.374
152.433
152.49
152.546
152.6
152.651
152.7
152.747
152.791
152.833
152.871
152.907
152.94
152.969
152.996
153.019
153.038
153.054
153.066
153.075
153.08
153.081
153.078
153.071
153.06
153.046
153.027
153.004
152.977
152.946
152.911
152.872
152.829
152.781
152.729
152.673
152.613
152.549
152.48
152.408
152.331
152.25
152.165
152.076
151.983
151.886
151.785
151.68
151.571
151.458
151.341
151.221
151.097
150.97
150.838
150.704
150.565
150.424
150.279
150.131
149.98
149.826
149.669
149.509
149.347
149.182
149.014
148.844
148.672
148.497
148.32
148.142
147.961
147.779
147.595
147.41
147.223
147.035
146.846
146.655
146.464
146.271
146.078
145.883
145.688
145.493
145.296
145.099
144.902
144.704
144.506
144.307
144.108
143.909
143.709
143.51
143.31
143.111
142.911
142.711
142.511
142.311
142.111
141.912
141.712
141.513
141.314
141.115
140.916
140.718
140.52
140.322
140.126
139.929
139.733
139.538
139.344
139.15
138.957
138.765
138.575
138.385
138.197
138.01
137.824
137.64
137.457
137.277
137.098
136.921
136.746
136.573
136.403
136.234
136.068
135.904
135.743
135.584
135.428
135.274
135.124
134.975
134.83
134.687
134.547
134.41
134.276
134.144
134.016
133.89
133.767
133.646
133.528
133.413
133.3
133.19
133.082
132.977
132.874
132.774
132.675
132.579
132.486
132.394
132.304
132.216
132.131
132.047
131.965
131.884
131.806
131.729
131.653
131.58
131.508
131.438
131.369
131.301
131.236
131.171
131.108
131.047
130.987
130.928
130.871
130.815
130.761
130.708
130.656
130.606
130.557
130.509
130.463
130.419
130.376
130.334
130.295
130.256
130.22
130.185
130.151
130.12
130.09
130.063
130.037
130.013
129.991
129.971
129.954
129.938
129.925
129.915
129.907
129.901
129.898
129.898
129.901
129.907
129.916
129.928
129.943
129.962
129.984
130.01
130.04
130.074
130.112
130.154
130.201
130.251
130.307
130.367
130.432
130.501
130.576
130.655
130.74
130.83
130.926
131.027
131.134
131.246
131.364
131.487
131.617
131.752
131.893
132.041
132.194
132.353
132.518
132.688
132.865
133.047
133.235
133.429
133.629
133.833
134.044
134.259
134.48
134.706
134.936
135.172
135.411
135.656
135.904
136.157
136.413
136.673
136.936
137.203
137.472
137.744
138.019
138.295
138.574
138.854
139.135
139.418
139.701
139.985
140.269
140.553
140.837
141.12
141.403
141.684
141.964
142.242
142.518
142.792
143.064
143.333
143.6
143.863
144.123
144.379
144.632
144.88
145.125
145.364
145.6
145.83
146.056
146.276
146.491
146.701
146.905
147.103
147.296
147.482
147.663
147.837
148.005
148.166
148.321
148.47
148.611
148.747
148.875
148.997
149.112
149.22
149.321
149.415
149.503
149.583
149.657
149.724
149.785
149.838
149.885
149.926
149.96
149.988
150.01
150.025
150.035
150.038
150.036
150.028
150.015
149.996
149.972
149.943
149.909
149.871
149.829
149.782
149.732
149.677
149.62
149.559
149.496
149.429
149.361
149.29
149.217
149.143
149.067
148.991
148.913
148.835
148.757
148.679
148.601
148.523
148.447
148.371
148.298
148.225
148.155
148.086
148.02
147.956
147.895
147.837
147.783
147.731
147.683
147.639
147.598
147.562
147.53
147.502
147.478
147.459
147.444
147.435
147.43
147.43
147.434
147.444
147.458
147.477
147.501
147.53
147.563
147.601
147.643
147.69
147.741
147.795
147.854
147.917
147.983
148.052
148.124
148.2
148.278
148.359
148.443
148.528
148.615
148.704
148.794
148.885
148.978
149.07
149.163
149.257
149.35
149.442
149.535
149.626
149.716
149.805
149.893
149.978
150.063
150.145
150.225
150.302
150.378
150.451
150.521
150.588
150.653
150.714
150.773
150.829
150.882
150.931
150.978
151.022
151.063
151.102
151.137
151.17
151.2
151.228
151.253
151.276
151.297
151.317
151.334
151.35
151.365
151.378
151.391
151.402
151.413
151.424
151.435
151.446
151.457
151.468
151.481
151.494
151.508
151.524
151.541
151.56
151.581
151.604
151.63
151.658
151.688
151.721
151.757
151.797
151.839
151.884
151.932
151.983
152.038
152.096
152.156
152.22
152.288
152.358
152.431
152.507
152.586
152.667
152.751
152.837
152.926
153.017
153.109
153.204
153.299
153.397
153.495
153.594
153.695
153.795
153.897
153.998
154.099
154.201
154.301
154.402
154.501
154.6
154.697
154.793
154.888
154.981
155.073
155.163
155.251
155.337
155.421
155.503
155.582
155.659
155.734
155.806
155.876
155.944
156.008
156.071
156.131
156.188
156.243
156.295
156.345
156.392
156.437
156.48
156.52
156.558
156.594
156.628
156.659
156.689
156.717
156.743
156.768
156.79
156.812
156.831
156.849
156.866
156.882
156.896
156.91
156.922
156.934
156.944
156.954
156.963
156.971
156.979
156.986
156.993
156.999
157.004
157.01
157.014
157.019
157.023
157.027
157.03
157.033
157.036
157.039
157.041
157.043
157.044
157.045
157.046
157.046
157.045
157.044
157.042
157.039
157.035
157.03
157.024
157.017
157.008
156.998
156.987
156.974
156.959
156.942
156.924
156.903
156.88
156.855
156.828
156.798
156.765
156.73
156.692
156.651
156.607
156.559
156.509
156.456
156.399
156.339
156.275
156.208
156.137
156.063
155.985
155.903
155.818
155.729
155.637
155.541
155.442
155.339
155.232
155.123
155.01
154.894
154.774
154.652
154.527
154.399
154.269
154.136
154.001
153.863
153.724
153.582
153.439
153.294
153.147
152.999
152.85
152.7
152.548
152.396
152.243
152.089
151.935
151.78
151.624
151.468
151.312
151.156
150.999
150.841
150.684
150.526
150.368
150.209
150.05
149.891
149.731
149.57
149.409
149.247
149.084
148.92
148.755
148.589
148.422
148.254
148.085
147.914
147.742
147.569
147.394
147.218
147.04
146.861
146.681
146.499
146.317
146.133
145.948
145.762
145.576
145.389
145.202
145.015
144.827
144.641
144.455
144.27
144.086
143.903
143.723
143.545
143.369
143.197
143.027
142.862
142.701
142.544
142.392
142.245
142.104
141.969
141.841
141.719
141.604
141.497
141.397
141.306
141.223
141.148
141.083
141.027
140.981
140.944
140.917
140.9
140.893
140.896
140.91
140.935
140.97
141.016
141.073
141.14
141.219
141.308
141.409
141.52
141.642
141.775
141.918
142.073
142.237
142.412
142.598
142.794
143
143.215
143.441
143.676
143.92
144.173
144.435
144.705
144.984
145.27
145.565
145.866
146.174
146.489
146.811
147.138
147.471
147.809
148.152
148.499
148.851
149.206
149.564
149.924
150.288
150.653
151.02
151.388
151.757
152.126
152.495
152.864
153.232
153.599
153.964
154.327
154.688
155.046
155.402
155.754
156.102
156.447
156.788
157.124
157.456
157.782
158.104
158.42
158.73
159.035
159.333
159.625
159.911
160.19
160.462
160.727
160.985
161.236
161.479
161.714
161.942
162.161
162.373
162.576
162.771
162.957
163.135
163.304
163.465
163.616
163.759
163.892
164.017
164.132
164.238
164.334
164.421
164.498
164.565
164.623
164.671
164.71
164.738
164.757
164.765
164.764
164.752
164.731
164.7
164.658
164.607
164.545
164.474
164.392
164.301
164.199
164.088
163.967
163.836
163.695
163.544
163.384
163.215
163.035
162.847
162.649
162.442
162.226
162.002
161.769
161.527
161.276
161.018
160.751
160.477
160.195
159.905
159.609
159.305
158.994
158.677
158.353
158.024
157.688
157.347
157.001
156.649
156.293
155.932
155.567
155.199
154.827
154.451
154.073
153.692
153.31
152.925
152.539
152.151
151.763
151.375
150.987
150.598
150.211
149.825
149.44
149.057
148.677
148.299
147.924
147.552
147.184
146.82
146.46
146.106
145.756
145.412
145.073
144.74
144.414
144.095
143.783
143.478
143.18
142.891
142.609
142.336
142.071
141.815
141.569
141.331
141.102
140.883
140.673
140.473
140.282
140.101
139.93
139.768
139.616
139.474
139.342
139.219
139.106
139.002
138.907
138.822
138.746
138.678
138.619
138.569
138.527
138.494
138.468
138.449
138.438
138.434
138.437
138.446
138.461
138.482
138.509
138.541
138.578
138.62
138.666
138.716
138.77
138.827
138.888
138.951
139.017
139.085
139.155
139.227
139.301
139.375
139.451
139.527
139.604
139.682
139.759
139.836
139.914
139.991
140.067
140.143
140.218
140.292
140.366
140.439
140.51
140.581
140.651
140.719
140.787
140.854
140.919
140.984
141.048
141.111
141.173
141.234
141.295
141.355
141.415
141.474
141.533
141.591
141.65
141.708
141.766
141.825
141.883
141.942
142.001
142.061
142.121
142.182
142.243
142.305
142.368
142.431
142.496
142.561
142.627
142.694
142.761
142.83
142.899
142.97
143.041
143.113
143.186
143.26
143.334
143.409
143.485
143.561
143.639
143.716
143.794
143.872
143.951
144.029
144.108
144.187
144.265
144.344
144.422
144.499
144.577
144.653
144.729
144.804
144.878
144.951
145.023
145.094
145.164
145.232
145.298
145.363
145.427
145.489
145.549
145.607
145.664
145.718
145.771
145.822
145.871
145.918
145.963
146.006
146.047
146.086
146.122
146.157
146.189
146.219
146.247
146.273
146.296
146.317
146.337
146.354
146.368
146.381
146.391
146.4
146.406
146.41
146.412
146.412
146.409
146.405
146.399
146.391
146.38
146.368
146.354
146.337
146.319
146.299
146.277
146.253
146.228
146.201
146.172
146.141
146.109
146.076
146.041
146.004
145.966
145.927
145.886
145.845
145.802
145.757
145.712
145.666
145.619
145.57
145.521
145.472
145.421
145.37
145.317
145.265
145.211
145.157
145.102
145.047
144.992
144.935
144.878
144.821
144.763
144.704
144.646
144.586
144.526
144.466
144.405
144.344
144.282
144.219
144.156
144.093
144.029
143.965
143.901
143.836
143.77
143.705
143.638
143.572
143.505
143.437
143.37
143.302
143.234
143.166
143.098
143.029
142.961
142.893
142.825
142.758
142.691
142.625
142.559
142.494
142.43
142.367
142.304
142.243
142.183
142.124
142.067
142.011
141.957
141.904
141.853
141.804
141.756
141.711
141.667
141.626
141.586
141.548
141.512
141.479
141.447
141.417
141.389
141.363
141.338
141.316
141.295
141.276
141.258
141.242
141.227
141.214
141.202
141.191
141.182
141.173
141.164
141.157
141.15
141.144
141.138
141.132
141.127
141.122
141.117
141.112
141.107
141.102
141.097
141.091
141.086
141.08
141.074
141.069
141.063
141.057
141.05
141.044
141.038
141.031
141.025
141.019
141.012
141.007
141.001
140.996
140.991
140.986
140.983
140.98
140.978
140.977
140.977
140.978
140.98
140.983
140.987
140.993
141.001
141.01
141.021
141.033
141.047
141.063
141.081
141.1
141.122
141.145
141.17
141.197
141.226
141.257
141.29
141.325
141.361
141.399
141.438
141.48
141.523
141.567
141.612
141.659
141.707
141.756
141.806
141.857
141.908
141.96
142.013
142.066
142.119
142.172
142.225
142.278
142.33
142.382
142.433
142.483
142.533
142.581
142.628
142.674
142.719
142.762
142.804
142.844
142.882
142.917
142.951
142.983
143.013
143.041
143.066
143.088
143.109
143.126
143.142
143.154
143.164
143.171
143.176
143.178
143.177
143.174
143.167
143.159
143.147
143.133
143.117
143.098
143.077
143.053
143.027
142.999
142.969
142.936
142.902
142.866
142.828
142.789
142.748
142.705
142.662
142.618
142.572
142.526
142.479
142.431
142.383
142.335
142.286
142.238
142.189
142.141
142.093
142.046
142
141.954
141.909
141.865
141.823
141.782
141.742
141.704
141.668
141.633
141.6
141.57
141.541
141.515
141.491
141.47
141.451
141.434
141.42
141.408
141.399
141.393
141.389
141.387
141.389
141.392
141.399
141.407
141.419
141.432
141.449
141.467
141.488
141.511
141.537
141.564
141.593
141.625
141.658
141.693
141.73
141.769
141.809
141.851
141.893
141.938
141.983
142.029
142.076
142.124
142.173
142.222
142.272
142.322
142.372
142.423
142.474
142.526
142.577
142.628
142.679
142.731
142.781
142.832
142.882
142.932
142.982
143.031
143.08
143.128
143.176
143.224
143.271
143.317
143.363
143.408
143.453
143.498
143.542
143.586
143.63
143.674
143.717
143.76
143.803
143.846
143.889
143.932
143.975
144.018
144.062
144.106
144.151
144.196
144.242
144.288
144.335
144.384
144.432
144.482
144.533
144.585
144.639
144.693
144.749
144.807
144.865
144.925
144.987
145.05
145.115
145.181
145.249
145.318
145.389
145.462
145.536
145.611
145.688
145.766
145.846
145.926
146.008
146.091
146.176
146.261
146.347
146.435
146.522
146.611
146.7
146.789
146.879
146.97
147.06
147.15
147.241
147.331
147.421
147.512
147.601
147.691
147.78
147.869
147.957
148.045
148.132
148.219
148.306
148.392
148.477
148.562
148.647
148.732
148.816
148.9
148.984
149.068
149.152
149.236
149.32
149.405
149.491
149.576
149.663
149.75
149.837
149.925
150.015
150.104
150.195
150.287
150.379
150.473
150.567
150.662
150.757
150.853
150.95
151.047
151.145
151.242
151.34
151.438
151.535
151.632
151.728
151.824
151.919
152.012
152.104
152.194
152.283
152.369
152.453
152.534
152.613
152.689
152.761
152.83
152.895
152.956
153.014
153.067
153.116
153.161
153.201
153.236
153.267
153.292
153.313
153.329
153.339
153.344
153.345
153.34
153.329
153.314
153.294
153.268
153.238
153.203
153.163
153.118
153.068
153.014
152.955
152.892
152.825
152.754
152.679
152.6
152.517
152.431
152.342
152.249
152.154
152.056
151.956
151.853
151.748
151.641
151.532
151.422
151.309
151.196
151.081
150.966
150.849
150.732
150.615
150.497
150.379
150.261
150.143
150.026
149.908
149.792
149.675
149.56
149.445
149.332
149.219
149.108
148.998
148.89
148.783
148.678
148.574
148.472
148.372
148.274
148.178
148.084
147.993
147.903
147.816
147.731
147.649
147.569
147.491
147.417
147.344
147.275
147.208
147.144
147.082
147.024
146.968
146.915
146.865
146.818
146.774
146.733
146.694
146.658
146.626
146.596
146.569
146.546
146.525
146.507
146.491
146.479
146.469
146.463
146.458
146.457
146.458
146.462
146.469
146.478
146.489
146.504
146.52
146.539
146.561
146.585
146.611
146.64
146.67
146.703
146.739
146.776
146.816
146.857
146.9
146.946
146.993
147.042
147.093
147.146
147.201
147.257
147.315
147.375
147.437
147.499
147.564
147.63
147.697
147.766
147.836
147.908
147.98
148.054
148.129
148.206
148.283
148.361
148.44
148.52
148.601
148.683
148.766
148.849
148.933
149.017
149.102
149.187
149.272
149.358
149.443
149.529
149.615
149.701
149.786
149.871
149.956
150.041
150.125
150.208
150.291
150.373
150.454
150.534
150.613
150.691
150.768
150.844
150.918
150.991
151.063
151.133
151.201
151.268
151.334
151.397
151.46
151.52
151.579
151.636
151.692
151.746
151.798
151.849
151.898
151.947
151.993
152.039
152.084
152.127
152.17
152.212
152.254
152.295
152.336
152.377
152.418
152.46
152.502
152.545
152.589
152.634
152.68
152.728
152.778
152.83
152.884
152.941
153
153.061
153.126
153.194
153.264
153.338
153.415
153.495
153.579
153.666
153.757
153.85
153.947
154.046
154.149
154.254
154.361
154.471
154.583
154.697
154.812
154.928
155.046
155.163
155.281
155.399
155.516
155.632
155.746
155.859
155.969
156.076
156.18
156.281
156.378
156.47
156.557
156.64
156.717
156.788
156.853
156.911
156.963
157.008
157.046
157.076
157.099
157.114
157.122
157.122
157.114
157.098
157.075
157.043
157.004
156.958
156.903
156.842
156.774
156.699
156.617
156.529
156.436
156.337
156.232
156.123
156.01
155.892
155.771
155.647
155.52
155.392
155.261
155.13
154.997
154.865
154.732
154.601
154.47
154.341
154.214
154.089
153.967
153.847
153.731
153.619
153.51
153.405
153.305
153.209
153.117
153.03
152.948
152.871
152.797
152.729
152.665
152.606
152.551
152.5
152.453
152.411
152.372
152.336
152.304
152.275
152.249
152.226
152.205
152.187
152.17
152.155
152.142
152.13
152.12
152.11
152.102
152.094
152.087
152.08
152.073
152.067
152.061
152.055
152.049
152.044
152.038
152.032
152.027
152.021
152.015
152.01
152.005
152.001
151.996
151.993
151.99
151.987
151.985
151.984
151.984
151.985
151.988
151.991
151.996
152.003
152.011
152.02
152.032
152.046
152.061
152.078
152.098
152.119
152.142
152.168
152.195
152.224
152.255
152.287
152.322
152.358
152.395
152.433
152.473
152.514
152.555
152.597
152.64
152.682
152.725
152.767
152.808
152.849
152.888
152.926
152.963
152.997
153.03
153.059
153.087
153.111
153.131
153.148
153.162
153.171
153.176
153.176
153.172
153.163
153.148
153.128
153.103
153.072
153.035
152.992
152.943
152.888
152.827
152.759
152.685
152.605
152.518
152.425
152.325
152.22
152.107
151.989
151.864
151.733
151.597
151.454
151.305
151.151
150.991
150.826
150.655
150.48
150.299
150.114
149.924
149.73
149.532
149.33
149.125
148.916
148.704
148.489
148.272
148.053
147.831
147.608
147.384
147.158
146.932
146.705
146.479
146.252
146.026
145.801
145.577
145.354
145.134
144.916
144.7
144.486
144.276
144.07
143.867
143.668
143.473
143.283
143.098
142.917
142.743
142.573
142.41
142.253
142.102
141.958
141.82
141.689
141.565
141.448
141.339
141.236
141.14
141.052
140.971
140.897
140.831
140.772
140.72
140.675
140.637
140.605
140.58
140.562
140.55
140.544
140.544
140.55
140.561
140.577
140.598
140.623
140.653
140.686
140.724
140.764
140.808
140.854
140.903
140.953
141.005
141.059
141.114
141.169
141.225
141.281
141.336
141.392
141.447
141.501
141.553
141.605
141.655
141.703
141.75
141.794
141.836
141.876
141.914
141.949
141.982
142.012
142.04
142.065
142.088
142.108
142.126
142.142
142.155
142.166
142.175
142.182
142.187
142.19
142.191
142.191
142.189
142.185
142.181
142.175
142.168
142.16
142.151
142.141
142.13
142.118
142.106
142.093
142.079
142.065
142.05
142.035
142.019
142.003
141.986
141.969
141.951
141.933
141.914
141.894
141.874
141.854
141.833
141.812
141.79
141.768
141.745
141.722
141.698
141.675
141.65
141.626
141.602
141.577
141.553
141.528
141.504
141.481
141.457
141.435
141.413
141.393
141.373
141.354
141.337
141.322
141.307
141.295
141.284
141.275
141.269
141.264
141.262
141.263
141.266
141.271
141.28
141.291
141.305
141.322
141.342
141.366
141.392
141.421
141.454
141.489
141.528
141.57
141.615
141.663
141.714
141.768
141.824
141.884
141.947
142.012
142.079
142.15
142.222
142.297
142.374
142.452
142.533
142.615
142.699
142.785
142.871
142.959
143.048
143.138
143.229
143.321
143.413
143.505
143.598
143.691
143.785
143.878
143.97
144.063
144.155
144.246
144.337
144.427
144.516
144.605
144.692
144.778
144.863
144.946
145.028
145.109
145.188
145.265
145.341
145.414
145.487
145.557
145.625
145.691
145.756
145.818
145.878
145.936
145.992
146.045
146.096
146.145
146.192
146.236
146.278
146.317
146.354
146.388
146.42
146.449
146.476
146.5
146.521
146.54
146.556
146.569
146.58
146.588
146.593
146.595
146.595
146.592
146.586
146.577
146.566
146.552
146.536
146.517
146.495
146.471
146.445
146.416
146.385
146.352
146.317
146.28
146.241
146.201
146.159
146.115
146.07
146.025
145.978
145.931
145.883
145.835
145.787
145.739
145.691
145.645
145.599
145.554
145.51
145.468
145.428
145.39
145.355
145.322
145.291
145.264
145.24
145.219
145.201
145.187
145.177
145.171
145.168
145.169
145.174
145.183
145.197
145.214
145.235
145.259
145.288
145.32
145.355
145.394
145.436
145.48
145.527
145.577
145.629
145.682
145.737
145.793
145.851
145.909
145.967
146.026
146.085
146.143
146.201
146.257
146.313
146.367
146.42
146.471
146.52
146.566
146.611
146.653
146.692
146.729
146.763
146.794
146.822
146.848
146.87
146.89
146.907
146.921
146.932
146.941
146.947
146.951
146.952
146.951
146.948
146.944
146.937
146.929
146.92
146.909
146.898
146.886
146.873
146.86
146.847
146.833
146.82
146.808
146.796
146.785
146.775
146.767
146.76
146.754
146.75
146.749
146.75
146.753
146.759
146.767
146.778
146.793
146.81
146.831
146.855
146.883
146.914
146.949
146.988
147.03
147.076
147.126
147.18
147.238
147.3
147.366
147.436
147.509
147.587
147.668
147.753
147.842
147.934
148.03
148.129
148.231
148.337
148.446
148.558
148.672
148.79
148.909
149.032
149.157
149.283
149.412
149.543
149.675
149.809
149.944
150.081
150.218
150.356
150.495
150.634
150.773
150.912
151.051
151.19
151.329
151.466
151.603
151.738
151.872
152.005
152.135
152.264
152.391
152.515
152.636
152.755
152.871
152.983
153.092
153.197
153.298
153.395
153.487
153.574
153.657
153.735
153.807
153.874
153.935
153.989
154.038
154.08
154.116
154.145
154.167
154.181
154.188
154.188
154.179
154.163
154.139
154.106
154.065
154.016
153.958
153.891
153.815
153.729
153.635
153.532
153.419
153.297
153.166
153.025
152.876
152.717
152.549
152.372
152.185
151.99
151.786
151.574
151.353
151.123
150.886
150.64
150.387
150.127
149.86
149.586
149.307
149.021
148.73
148.434
148.133
147.829
147.521
147.21
146.897
146.583
146.267
145.95
145.634
145.319
145.005
144.693
144.384
144.079
143.778
143.481
143.191
142.906
142.629
142.359
142.098
141.845
141.603
141.37
141.149
140.938
140.74
140.554
140.381
140.222
140.076
139.944
139.827
139.724
139.637
139.564
139.507
139.465
139.439
139.428
139.433
139.452
139.488
139.538
139.603
139.683
139.777
139.886
140.008
140.144
140.294
140.456
140.63
140.817
141.015
141.225
141.445
141.676
141.916
142.166
142.425
142.693
142.968
143.251
143.542
143.839
144.143
144.452
144.768
145.088
145.414
145.744
146.078
146.416
146.757
147.101
147.449
147.799
148.151
148.505
148.86
149.217
149.575
149.934
150.294
150.654
151.014
151.374
151.734
152.093
152.451
152.808
153.163
153.517
153.87
154.22
154.568
154.913
155.256
155.597
155.933
156.267
156.597
156.923
157.246
157.564
157.878
158.187
158.491
158.791
159.085
159.374
159.658
159.936
160.208
160.473
160.733
160.986
161.233
161.473
161.706
161.932
162.151
162.363
162.568
162.765
162.955
163.137
163.311
163.478
163.637
163.787
163.93
164.065
164.192
164.311
164.422
164.525
164.62
164.706
164.785
164.856
164.919
164.974
165.021
165.061
165.093
165.117
165.134
165.143
165.145
165.14
165.128
165.109
165.084
165.051
165.013
164.967
164.916
164.859
164.796
164.727
164.652
164.573
164.488
164.398
164.303
164.204
164.1
163.992
163.88
163.763
163.643
163.52
163.392
163.262
163.128
162.991
162.852
162.709
162.564
162.417
162.267
162.115
161.961
161.804
161.646
161.486
161.324
161.16
160.994
160.827
160.659
160.489
160.317
160.145
159.97
159.794
159.617
159.439
159.259
159.078
158.895
158.711
158.526
158.339
158.151
157.961
157.77
157.578
157.384
157.188
156.99
156.791
156.591
156.389
156.185
155.979
155.771
155.561
155.349
155.136
154.92
154.703
154.483
154.262
154.038
153.812
153.585
153.355
153.123
152.89
152.654
152.417
152.178
151.937
151.694
151.45
151.205
150.958
150.71
150.461
150.211
149.96
149.709
149.458
149.206
148.954
148.703
148.452
148.202
147.952
147.704
147.458
147.213
146.97
146.73
146.491
146.256
146.024
145.795
145.569
145.348
145.13
144.917
144.708
144.505
144.306
144.112
143.924
143.742
143.565
143.395
143.23
143.072
142.921
142.776
142.638
142.506
142.382
142.264
142.153
142.049
141.953
141.862
141.779
141.703
141.633
141.571
141.515
141.465
141.422
141.386
141.355
141.331
141.313
141.301
141.294
141.294
141.298
141.309
141.324
141.345
141.37
141.401
141.436
141.476
141.52
141.569
141.622
141.68
141.741
141.807
141.876
141.949
142.025
142.105
142.189
142.275
142.365
142.457
142.553
142.651
142.751
142.854
142.959
143.065
143.173
143.283
143.394
143.505
143.618
143.731
143.844
143.957
144.07
144.182
144.294
144.403
144.512
144.618
144.723
144.824
144.923
145.019
145.111
145.2
145.285
145.365
145.441
145.512
145.578
145.639
145.694
145.744
145.787
145.825
145.856
145.881
145.9
145.912
145.917
145.916
145.907
145.892
145.87
145.841
145.806
145.763
145.714
145.658
145.596
145.527
145.452
145.371
145.284
145.19
145.091
144.986
144.876
144.76
144.64
144.514
144.384
144.249
144.109
143.966
143.819
143.668
143.513
143.355
143.195
143.031
142.864
142.695
142.524
142.351
142.176
141.999
141.821
141.641
141.46
141.279
141.096
140.913
140.73
140.546
140.362
140.177
139.993
139.81
139.626
139.443
139.261
139.079
138.898
138.718
138.539
138.36
138.183
138.008
137.833
137.66
137.488
137.317
137.148
136.98
136.814
136.649
136.486
136.324
136.163
136.005
135.847
135.692
135.537
135.385
135.234
135.084
134.936
134.79
134.644
134.501
134.359
134.218
134.079
133.942
133.806
133.672
133.539
133.409
133.28
133.152
133.027
132.904
132.782
132.663
132.546
132.431
132.319
132.209
132.102
131.997
131.896
131.798
131.703
131.611
131.523
131.439
131.358
131.282
131.21
131.142
131.079
131.021
130.967
130.918
130.875
130.837
130.804
130.777
130.755
130.739
130.729
130.724
130.725
130.733
130.746
130.765
130.79
130.821
130.858
130.901
130.95
131.005
131.065
131.131
131.202
131.279
131.361
131.449
131.541
131.639
131.742
131.849
131.962
132.079
132.2
132.327
132.457
132.591
132.73
132.873
133.02
133.17
133.324
133.482
133.644
133.809
133.978
134.149
134.325
134.503
134.684
134.869
135.056
135.247
135.44
135.635
135.834
136.035
136.238
136.444
136.651
136.861
137.073
137.287
137.502
137.719
137.937
138.156
138.376
138.598
138.819
139.042
139.265
139.487
139.71
139.932
140.154
140.375
140.595
140.814
141.032
141.248
141.462
141.674
141.884
142.091
142.295
142.497
142.696
142.891
143.083
143.272
143.456
143.637
143.813
143.986
144.154
144.318
144.477
144.631
144.78
144.925
145.064
145.199
145.328
145.453
145.572
145.686
145.794
145.898
145.996
146.089
146.177
146.26
146.338
146.41
146.478
146.541
146.599
146.652
146.7
146.744
146.783
146.818
146.848
146.874
146.896
146.913
146.927
146.936
146.942
146.944
146.942
146.937
146.928
146.916
146.901
146.882
146.861
146.836
146.808
146.778
146.745
146.709
146.671
146.63
146.587
146.542
146.494
146.444
146.392
146.338
146.282
146.225
146.165
146.104
146.04
145.976
145.909
145.841
145.772
145.701
145.629
145.555
145.48
145.404
145.326
145.247
145.167
145.086
145.004
144.921
144.837
144.751
144.665
144.578
144.49
144.401
144.311
144.221
144.13
144.038
143.945
143.852
143.758
143.664
143.569
143.473
143.377
143.281
143.184
143.086
142.988
142.89
142.791
142.693
142.593
142.494
142.395
142.295
142.195
142.096
141.996
141.896
141.795
141.695
141.595
141.496
141.396
141.297
141.198
141.099
141.001
140.904
140.807
140.711
140.615
140.521
140.427
140.334
140.243
140.152
140.064
139.976
139.89
139.806
139.724
139.643
139.565
139.489
139.415
139.344
139.276
139.21
139.147
139.088
139.032
138.979
138.929
138.883
138.841
138.803
138.769
138.739
138.713
138.692
138.675
138.662
138.654
138.651
138.652
138.659
138.67
138.686
138.707
138.733
138.763
138.799
138.84
138.885
138.936
138.991
139.05
139.115
139.184
139.257
139.335
139.417
139.503
139.593
139.686
139.783
139.884
139.988
140.095
140.205
140.318
140.433
140.55
140.669
140.791
140.913
141.038
141.163
141.289
141.416
141.544
141.671
141.799
141.926
142.053
142.179
142.305
142.429
142.552
142.673
142.793
142.911
143.026
143.139
143.25
143.357
143.462
143.564
143.662
143.757
143.848
143.936
144.019
144.098
144.173
144.244
144.31
144.372
144.428
144.48
144.527
144.569
144.606
144.637
144.664
144.685
144.7
144.71
144.715
144.714
144.708
144.696
144.678
144.655
144.626
144.592
144.552
144.506
144.455
144.398
144.336
144.269
144.196
144.118
144.035
143.946
143.853
143.755
143.651
143.544
143.431
143.314
143.193
143.067
142.937
142.803
142.665
142.524
142.379
142.231
142.079
141.925
141.767
141.607
141.445
141.281
141.114
140.946
140.777
140.606
140.435
140.263
140.09
139.917
139.744
139.572
139.401
139.23
139.06
138.893
138.727
138.563
138.401
138.243
138.087
137.935
137.787
137.642
137.501
137.365
137.234
137.108
136.987
136.871
136.761
136.657
136.56
136.468
136.384
136.306
136.235
136.171
136.114
136.064
136.022
135.988
135.961
135.942
135.93
135.927
135.931
135.943
135.962
135.989
136.024
136.066
136.116
136.173
136.238
136.309
136.388
136.473
136.565
136.664
136.769
136.88
136.997
137.119
137.247
137.381
137.519
137.661
137.808
137.959
138.114
138.273
138.435
138.599
138.767
138.936
139.108
139.282
139.457
139.633
139.811
139.989
140.167
140.346
140.524
140.702
140.879
141.055
141.231
141.404
141.576
141.747
141.915
142.081
142.244
142.405
142.564
142.719
142.871
143.02
143.165
143.307
143.445
143.58
143.71
143.837
143.96
144.079
144.195
144.306
144.413
144.516
144.615
144.71
144.801
144.888
144.971
145.05
145.125
145.197
145.264
145.328
145.389
145.446
145.5
145.55
145.597
145.641
145.682
145.721
145.756
145.789
145.819
145.846
145.871
145.894
145.914
145.932
145.948
145.962
145.974
145.984
145.992
145.999
146.004
146.008
146.01
146.01
146.009
146.006
146.003
145.997
145.991
145.983
145.974
145.963
145.951
145.938
145.924
145.908
145.891
145.873
145.853
145.832
145.809
145.785
145.76
145.733
145.704
145.674
145.642
145.609
145.574
145.537
145.499
145.459
145.418
145.374
145.329
145.283
145.234
145.185
145.133
145.08
145.025
144.969
144.911
144.851
144.79
144.728
144.664
144.598
144.531
144.463
144.394
144.324
144.253
144.18
144.107
144.033
143.958
143.882
143.806
143.729
143.651
143.573
143.495
143.417
143.338
143.259
143.181
143.102
143.023
142.944
142.866
142.787
142.709
142.631
142.553
142.476
142.399
142.322
142.246
142.171
142.095
142.021
141.946
141.872
141.799
141.726
141.653
141.58
141.508
141.437
141.366
141.295
141.224
141.154
141.084
141.014
140.945
140.876
140.807
140.739
140.671
140.603
140.535
140.468
140.402
140.335
140.27
140.204
140.139
140.075
140.011
139.948
139.885
139.824
139.763
139.702
139.643
139.584
139.527
139.471
139.415
139.361
139.308
139.257
139.206
139.157
139.109
139.063
139.018
138.975
138.933
138.893
138.854
138.817
138.781
138.747
138.715
138.684
138.655
138.627
138.601
138.577
138.554
138.533
138.513
138.495
138.478
138.463
138.449
138.436
138.426
138.416
138.408
138.402
138.397
138.393
138.391
138.39
138.391
138.393
138.396
138.401
138.408
138.415
138.425
138.436
138.448
138.462
138.478
138.496
138.515
138.536
138.56
138.585
138.612
138.642
138.673
138.707
138.744
138.783
138.825
138.869
138.916
138.967
139.02
139.077
139.137
139.2
139.267
139.338
139.412
139.49
139.572
139.659
139.749
139.843
139.942
140.044
140.151
140.262
140.377
140.497
140.621
140.749
140.881
141.017
141.156
141.3
141.447
141.597
141.75
141.907
142.066
142.228
142.392
142.557
142.725
142.894
143.064
143.235
143.406
143.577
143.747
143.917
144.086
144.254
144.419
144.583
144.744
144.903
145.058
145.211
145.359
145.504
145.644
145.78
145.911
146.037
146.157
146.272
146.382
146.485
146.583
146.674
146.759
146.837
146.909
146.974
147.032
147.083
147.128
147.165
147.195
147.219
147.235
147.245
147.247
147.243
147.232
147.214
147.189
147.158
147.121
147.077
147.027
146.971
146.909
146.842
146.768
146.69
146.606
146.518
146.424
146.326
146.224
146.118
146.007
145.894
145.776
145.656
145.533
145.407
145.279
145.149
145.018
144.885
144.75
144.615
144.479
144.343
144.207
144.071
143.935
143.8
143.666
143.534
143.403
143.274
143.146
143.022
142.899
142.78
142.663
142.55
142.44
142.334
142.231
142.133
142.039
141.949
141.863
141.782
141.705
141.633
141.566
141.504
141.447
141.395
141.348
141.307
141.27
141.238
141.212
141.19
141.173
141.161
141.154
141.152
141.154
141.16
141.172
141.187
141.206
141.23
141.257
141.288
141.322
141.36
141.401
141.445
141.492
141.541
141.592
141.646
141.702
141.759
141.818
141.878
141.94
142.002
142.065
142.129
142.192
142.256
142.32
142.383
142.445
142.507
142.568
142.628
142.687
142.744
142.799
142.853
142.905
142.954
143.002
143.047
143.09
143.13
143.167
143.201
143.233
143.261
143.286
143.308
143.327
143.342
143.354
143.362
143.367
143.368
143.365
143.359
143.349
143.335
143.318
143.296
143.271
143.243
143.21
143.174
143.135
143.092
143.045
142.994
142.941
142.884
142.823
142.76
142.693
142.623
142.551
142.475
142.397
142.316
142.233
142.147
142.059
141.969
141.877
141.783
141.688
141.591
141.493
141.394
141.294
141.193
141.092
140.991
140.889
140.788
140.686
140.586
140.485
140.386
140.288
140.191
140.095
140.001
139.909
139.818
139.73
139.644
139.56
139.479
139.401
139.326
139.253
139.184
139.118
139.055
138.996
138.94
138.888
138.839
138.794
138.753
138.716
138.682
138.653
138.627
138.605
138.586
138.572
138.561
138.554
138.551
138.551
138.555
138.562
138.572
138.586
138.604
138.624
138.647
138.674
138.703
138.735
138.77
138.807
138.847
138.889
138.933
138.98
139.029
139.079
139.131
139.185
139.24
139.297
139.355
139.414
139.475
139.536
139.598
139.661
139.725
139.788
139.852
139.917
139.981
140.045
140.109
140.173
140.237
140.3
140.362
140.424
140.485
140.545
140.604
140.662
140.719
140.775
140.829
140.882
140.933
140.983
141.031
141.078
141.122
141.165
141.206
141.244
141.281
141.316
141.348
141.379
141.407
141.433
141.456
141.478
141.497
141.514
141.528
141.54
141.55
141.557
141.563
141.565
141.566
141.564
141.559
141.553
141.544
141.533
141.52
141.504
141.487
141.467
141.445
141.42
141.394
141.366
141.335
141.303
141.268
141.232
141.194
141.154
141.112
141.068
141.022
140.974
140.925
140.874
140.821
140.766
140.71
140.652
140.593
140.532
140.47
140.406
140.34
140.274
140.206
140.136
140.066
139.994
139.92
139.846
139.771
139.695
139.617
139.539
139.46
139.38
139.3
139.219
139.138
139.056
138.973
138.891
138.808
138.725
138.641
138.558
138.475
138.393
138.31
138.228
138.146
138.064
137.983
137.902
137.823
137.743
137.665
137.587
137.509
137.433
137.357
137.283
137.209
137.136
137.064
136.993
136.922
136.853
136.785
136.717
136.65
136.585
136.52
136.456
136.394
136.332
136.272
136.213
136.155
136.099
136.045
135.992
135.941
135.892
135.845
135.801
135.758
135.719
135.683
135.65
135.62
135.593
135.571
135.552
135.538
135.528
135.523
135.523
135.529
135.54
135.556
135.578
135.607
135.641
135.682
135.73
135.784
135.845
135.913
135.988
136.069
136.158
136.254
136.356
136.466
136.582
136.705
136.835
136.971
137.114
137.264
137.419
137.581
137.748
137.921
138.099
138.283
138.472
138.665
138.864
139.066
139.273
139.485
139.7
139.919
140.141
140.367
140.596
140.827
141.062
141.3
141.54
141.782
142.027
142.274
142.522
142.773
143.025
143.279
143.534
143.791
144.049
144.309
144.569
144.831
145.093
145.356
145.62
145.884
146.149
146.415
146.681
146.947
147.213
147.48
147.747
148.013
148.28
148.547
148.813
149.079
149.344
149.609
149.873
150.137
150.399
150.661
150.922
151.181
151.439
151.696
151.951
152.205
152.456
152.706
152.954
153.2
153.443
153.685
153.923
154.159
154.392
154.622
154.849
155.072
155.293
155.51
155.723
155.932
156.138
156.339
156.537
156.73
156.918
157.103
157.282
157.457
157.627
157.792
157.952
158.106
158.256
158.399
158.538
158.671
158.798
158.919
159.034
159.144
159.248
159.345
159.436
159.522
159.601
159.674
159.74
159.8
159.854
159.901
159.942
159.977
160.005
160.027
160.042
160.05
160.052
160.047
160.036
160.018
159.994
159.963
159.926
159.883
159.833
159.776
159.713
159.644
159.569
159.488
159.4
159.307
159.207
159.102
158.991
158.874
158.752
158.624
158.491
158.353
158.209
158.061
157.907
157.749
157.587
157.419
157.248
157.072
156.892
156.708
156.521
156.33
156.135
155.938
155.737
155.534
155.328
155.119
154.909
154.696
154.482
154.266
154.048
153.829
153.61
153.389
153.168
152.947
152.725
152.504
152.282
152.061
151.841
151.622
151.403
151.186
150.971
150.756
150.544
150.334
150.125
149.919
149.716
149.515
149.317
149.122
148.93
148.741
148.556
148.374
148.195
148.02
147.849
147.682
147.519
147.36
147.205
147.054
146.908
146.766
146.629
146.497
146.369
146.246
146.128
146.014
145.906
145.803
145.705
145.612
145.525
145.443
145.366
145.295
145.229
145.168
145.114
145.065
145.022
144.984
144.953
144.927
144.908
144.894
144.886
144.885
144.889
144.9
144.916
144.939
144.968
145.003
145.044
145.091
145.144
145.203
145.267
145.338
145.414
145.496
145.583
145.676
145.773
145.876
145.985
146.097
146.215
146.336
146.462
146.593
146.727
146.864
147.005
147.15
147.297
147.447
147.6
147.756
147.913
148.073
148.234
148.396
148.56
148.725
148.891
149.058
149.224
149.391
149.558
149.725
149.891
150.057
150.221
150.385
150.548
150.709
150.869
151.028
151.184
151.338
151.491
151.641
151.788
151.933
152.076
152.215
152.352
152.486
152.618
152.746
152.871
152.992
153.111
153.226
153.338
153.446
153.551
153.652
153.75
153.845
153.936
154.023
154.107
154.187
154.264
154.337
154.406
154.473
154.535
154.595
154.651
154.703
154.753
154.799
154.842
154.881
154.918
154.951
154.982
155.01
155.034
155.057
155.076
155.093
155.107
155.119
155.128
155.135
155.14
155.142
155.143
155.141
155.138
155.133
155.125
155.117
155.106
155.094
155.08
155.065
155.048
155.03
155.011
154.99
154.968
154.945
154.921
154.896
154.87
154.843
154.816
154.787
154.758
154.727
154.697
154.665
154.633
154.601
154.568
154.534
154.5
154.466
154.431
154.396
154.361
154.325
154.289
154.254
154.218
154.182
154.146
154.111
154.075
154.04
154.006
153.972
153.939
153.906
153.874
153.844
153.814
153.786
153.759
153.734
153.71
153.688
153.668
153.65
153.635
153.622
153.612
153.604
153.6
153.598
153.6
153.604
153.613
153.625
153.641
153.661
153.685
153.713
153.745
153.783
153.824
153.871
153.922
153.978
154.04
154.106
154.177
154.254
154.337
154.424
154.517
154.616
154.72
154.83
154.945
155.066
155.193
155.325
155.462
155.606
155.754
155.908
156.068
156.232
156.403
156.578
156.758
156.944
157.134
157.33
157.53
157.735
157.944
158.158
158.376
158.599
158.825
159.056
159.29
159.529
159.77
160.016
160.264
160.515
160.769
161.026
161.285
161.547
161.81
162.076
162.343
162.611
162.881
163.152
163.424
163.696
163.969
164.241
164.514
164.786
165.057
165.328
165.597
165.865
166.132
166.396
166.658
166.917
167.174
167.427
167.678
167.924
168.167
168.405
168.639
168.869
169.093
169.313
169.527
169.735
169.938
170.134
170.324
170.508
170.685
170.855
171.018
171.173
171.322
171.462
171.595
171.72
171.838
171.947
172.047
172.14
172.224
172.3
172.367
172.426
172.476
172.517
172.55
172.574
172.59
172.597
172.596
172.586
172.568
172.541
172.506
172.462
172.411
172.351
172.284
172.208
172.126
172.035
171.937
171.832
171.72
171.601
171.475
171.343
171.204
171.06
170.909
170.753
170.591
170.423
170.251
170.074
169.892
169.706
169.515
169.321
169.123
168.921
168.716
168.508
168.298
168.084
167.869
167.652
167.432
167.212
166.99
166.767
166.543
166.319
166.094
165.87
165.646
165.422
165.199
164.977
164.755
164.536
164.317
164.101
163.887
163.674
163.464
163.257
163.052
162.851
162.652
162.457
162.265
162.077
161.893
161.713
161.537
161.364
161.197
161.033
160.874
160.72
160.57
160.425
160.285
160.15
160.019
159.893
159.772
159.656
159.545
159.439
159.338
159.241
159.149
159.061
158.978
158.899
158.824
158.754
158.688
158.626
158.568
158.513
158.462
158.414
158.369
158.328
158.289
158.252
158.218
158.186
158.156
158.128
158.101
158.075
158.051
158.027
158.004
157.982
157.959
157.936
157.913
157.889
157.865
157.839
157.812
157.784
157.754
157.722
157.688
157.652
157.613
157.571
157.527
157.48
157.43
157.377
157.32
157.26
157.196
157.129
157.058
156.983
156.905
156.822
156.735
156.645
156.55
156.451
156.348
156.241
156.13
156.015
155.896
155.773
155.646
155.515
155.38
155.241
155.099
154.953
154.803
154.65
154.494
154.334
154.171
154.006
153.837
153.666
153.493
153.317
153.139
152.959
152.777
152.593
152.408
152.221
152.033
151.844
151.654
151.464
151.273
151.083
150.892
150.701
150.51
150.32
150.131
149.943
149.757
149.571
149.387
149.205
149.025
148.847
148.672
148.499
148.329
148.161
147.997
147.837
147.68
147.526
147.376
147.231
147.09
146.953
146.82
146.692
146.569
146.451
146.337
146.229
146.126
146.028
145.936
145.849
145.767
145.691
145.62
145.555
145.496
145.443
145.395
145.352
145.316
145.285
145.259
145.239
145.225
145.216
145.212
145.214
145.221
145.233
145.249
145.271
145.297
145.328
145.364
145.403
145.447
145.495
145.547
145.603
145.662
145.725
145.792
145.861
145.934
146.009
146.087
146.168
146.252
146.338
146.426
146.516
146.608
146.701
146.797
146.894
146.993
147.093
147.194
147.296
147.4
147.504
147.61
147.717
147.825
147.933
148.043
148.153
148.264
148.376
148.489
148.603
148.718
148.835
148.952
149.07
149.189
149.31
149.432
149.555
149.68
149.806
149.934
150.064
150.195
150.329
150.464
150.601
150.74
150.882
151.025
151.171
151.319
151.47
151.623
151.778
151.936
152.096
152.259
152.424
152.591
152.761
152.933
153.108
153.284
153.462
153.643
153.825
154.009
154.194
154.381
154.569
154.757
154.947
155.137
155.328
155.518
155.709
155.899
156.088
156.277
156.465
156.651
156.835
157.018
157.198
157.376
157.552
157.724
157.893
158.058
158.219
158.376
158.529
158.678
158.821
158.96
159.093
159.22
159.342
159.458
159.568
159.671
159.768
159.858
159.941
160.018
160.087
160.149
160.204
160.251
160.29
160.322
160.346
160.362
160.371
160.371
160.364
160.348
160.325
160.293
160.254
160.206
160.151
160.088
160.016
159.937
159.851
159.756
159.654
159.545
159.428
159.304
159.172
159.034
158.889
158.738
158.58
158.415
158.244
158.068
157.886
157.698
157.505
157.306
157.103
156.895
156.683
156.467
156.247
156.023
155.796
155.565
155.332
155.097
154.858
154.618
154.376
154.133
153.888
153.642
153.396
153.149
152.902
152.655
152.408
152.162
151.917
151.673
151.43
151.189
150.95
150.713
150.478
150.246
150.017
149.791
149.567
149.348
149.132
148.919
148.711
148.506
148.306
148.111
147.92
147.733
147.552
147.376
147.204
147.038
146.877
146.722
146.572
146.427
146.288
146.155
146.027
145.906
145.79
145.68
145.575
145.477
145.384
145.298
145.217
145.142
145.072
145.009
144.951
144.899
144.853
144.812
144.776
144.747
144.723
144.704
144.69
144.682
144.68
144.682
144.689
144.702
144.72
144.742
144.769
144.801
144.838
144.879
144.925
144.975
145.029
145.088
145.151
145.217
145.288
145.363
145.441
145.523
145.609
145.699
145.792
145.888
145.988
146.091
146.197
146.306
146.418
146.534
146.652
146.773
146.896
147.023
147.152
147.283
147.417
147.553
147.691
147.831
147.974
148.118
148.264
148.411
148.56
148.711
148.863
149.016
149.17
149.326
149.482
149.639
149.797
149.955
150.113
150.272
150.431
150.59
150.749
150.908
151.066
151.223
151.38
151.535
151.69
151.843
151.995
152.145
152.294
152.441
152.585
152.728
152.868
153.005
153.14
153.272
153.4
153.525
153.647
153.765
153.88
153.99
154.097
154.199
154.298
154.391
154.48
154.565
154.644
154.719
154.788
154.852
154.911
154.964
155.012
155.054
155.09
155.121
155.145
155.163
155.175
155.181
155.18
155.173
155.159
155.139
155.112
155.079
155.038
154.991
154.937
154.876
154.808
154.733
154.651
154.562
154.465
154.361
154.25
154.132
154.006
153.873
153.732
153.584
153.429
153.266
153.096
152.918
152.733
152.54
152.34
152.133
151.918
151.696
151.467
151.231
150.988
150.739
150.482
150.218
149.949
149.672
149.39
149.101
148.806
148.506
148.2
147.888
147.572
147.25
146.924
146.594
146.259
145.92
145.578
145.232
144.884
144.533
144.18
143.825
143.468
143.111
142.753
142.394
