-1.1368
-4.35567
-1.87414
-0.563885
0.584316
-6.89313
0.20592
0.69483
15.236
0.934745
-2.6016
0.546727
-171.336
2.29799
-1.59362
-1.57425
0.167288
-0.0936817
-0.260593
0.0564275
-1.26096
3.0458
-8.30359
0.0184911
0.375198
0.472394
0.936677
-2.14058
-1.63264
1.65344
4.97724
-12.0004
-1.36133
-0.20206
-0.388955
0.0350246
-1.07425
-0.483282
-3.5286
-0.174022
0.124465
85.7025
0.179613
-0.238683
1.90796
-0.201747
0.249806
-1.61047
0.66787
0.43961
0.515525
-0.915449
5.86127
0.990299
75.9533
0.502173
-0.683981
-3.0241
0.000204467
-1.83343
0.361503
-0.175226
-0.37989
1.01439
-0.734761
0.508343
-7.88516
0.569495
4.22234
0.102803
-25.1646
-2.97323
-0.311912
-3.27985
0.242315
3.80355
1.89516
0.0709455
-0.990992
-0.101079
-0.634048
0.416012
-2.87228
-0.33161
-1.08371
95.5674
-4.9703
1.42134
31.9475
-1.79359
2.7312
2.08897
2.21965
0.301232
-0.856157
0.726913
-4.62238
-2.65757
0.0311303
1.10883
-0.138699
0.204363
3.21321
0.56332
0.482977
-1.15989
-0.497506
0.617111
-0.410793
0.109525
-0.50917
0.905326
-0.300044
1.19478
-0.756293
-0.600606
0.957079
-0.424456
-1.16734
-1.98991
-0.115577
2.82263
7.6345
-31.4813
-7.496
-1.64836
-11.5702
-0.251016
5.99722
3.71113
0.830863
0.735289
-0.0499231
-0.807385
0.686918
-2.11868
0.0435619
5.72325
6.20067
2.22484
-0.0995153
17.0754
-0.477257
11.1535
0.266687
-0.37517
1.12719
-0.343331
0.199511
231.297
-0.297971
10.3397
-26.1581
-1.35034
1.32153
-1.6176
-0.330459
-0.356831
17.9791
-2.98096
0.209684
5.68031
3.67311
93.8948
1.51207
-0.233186
1.48072
-2.687
-1.35142
25.8237
-0.684004
-3.07044
-0.193013
-2.05827
-1.43607
-0.790752
1.25989
0.185834
-0.656964
0.327165
0.822813
34.6526
-0.0882449
0.121642
-0.542634
-12.6797
1.39473
-1.94758
-2.67517
0.276387
-1.14491
-0.719652
-0.17659
0.787138
583.168
1.34961
2.83217
-22.0558
1.42336
-1.93057
0.841121
-6.02594
0.332584
1.11097
0.145091
-0.634048
0.0568453
1.66627
1.26355
-0.927943
-1.29746
-3.33782
-0.276662
2.35187
-1.64665
-0.512539
-1.65074
4.19797
1.93683
-0.26189
0.268295
-2.15696
-2.01366
-0.650514
-3.18868
2.28314
-0.0763129
-2.8207
0.232747
-5.94784
-0.368452
-2.37283
6.92656
0.0461844
2.98979
2.11252
0.570209
0.45939
-0.940792
1.86898
0.350924
0.167667
0.241866
-0.305975
-5.61722
1.48011
-3.83441
0.96283
-0.0429666
-1.61702
-1.18371
0.379425
-1.11899
-0.189828
0.554835
-1.44512
0.0841161
-0.297692
9.21792
-0.766195
-1.81967
0.187934
9.54953
-0.319048
1.80375
-3.34557
-1.65035
-0.626812
65.0916
-0.206769
-0.527063
2.52664
1.9218
-28.3947
1.63278
-0.120511
-5.03521
0.629169
-0.14443
4.08318
-0.295589
-0.909675
-0.167528
-139.699
2.02537
5.31146
-1.34523
-0.485037
-2.41987
0.23639
-0.65422
1.5557
0.821628
3.09972
0.432418
3.40289
0.80877
-0.143749
0.580687
3.004
1.22464
-1.19696
0.492359
-2.85178
3.1593
-0.446787
-1.5853
-0.589479
-0.209982
4.32694
-3.65272
-0.553977
1.03466
1.99908
3.43274
5.41369
-0.0808858
-0.947322
-0.373882
2.60466
8.50131
-0.12949
-0.773575
-0.828133
0.566737
-0.126035
0.288476
-2.8103
1.52548
1.17533
0.180727
-0.0382245
-4.63881
-1.42278
-2.3677
1.20952
-3.67004
-0.638578
-0.822485
0.951929
-2.93163
-0.78416
-3.12761
-0.106751
-1.2276
-1.64666
-0.523048
-0.373859
0.911105
-0.441868
-0.366045
-0.318304
-0.0396232
-0.73038
1.98767
0.554795
0.392659
0.387423
-3.47017
1.6823
2.72119
-1.09418
15.0585
-20.1676
-0.11942
-0.550049
-1.20185
1.69429
0.467489
0.190556
2.83543
-0.457197
-5.08934
-0.784625
0.802159
8.6665
-1.40889
2.69813
-1.95075
-0.430712
1.42206
1.97508
-6.08619
0.4193
0.366987
-0.113772
-14.2539
2.23179
0.159539
-5.74142
1.15611
34.9191
87.1888
-0.10857
-0.377491
1.38832
5.29366
-3.38667
-0.335075
0.30178
0.551585
16.5082
0.614529
1.67085
-1.0444
0.293017
12.2637
-1.27296
-0.781819
-0.450265
0.06587
0.0516179
1.47397
-1.16324
0.671204
0.0777588
-1.32026
-2.09764
-0.559401
0.00703808
-1.63793
-0.401435
0.0367761
-1.2637
-0.172034
4.99073
-1.11521
-0.185554
0.554855
0.224611
6.7874
0.577069
3.30887
-3.7323
-4.95855
0.0856377
-1.33238
-1.90599
-0.267948
-1.07305
-0.259498
-0.207059
-0.174455
0.129151
1.31124
-0.547128
0.312587
-2.55905
22.343
0.828026
2.56434
4.2602
0.465596
-4.87343
0.697824
-0.707868
2.23944
-0.732497
-29.0156
-1.37508
1.46167
-0.363626
-23.6814
3.11926
0.0385733
0.265707
-1.26775
-1.89603
0.205977
-1.29414
0.891523
-13.8697
0.40149
0.187869
0.0632002
1.16972
-1.49767
1.78612
-0.763528
3.71794
1.35658
2.17966
3.41926
0.140892
-0.0786003
0.840198
13.2453
0.441698
-0.179136
0.538496
0.339805
3.19844
-0.12245
-11.8839
0.914237
0.0825262
0.324902
-1.32725
-7.10521
-23.6134
-1.23728
-4.97579
-0.46444
-1.53291
-0.0993658
-0.106866
0.352892
0.673437
1.65408
0.684
-0.163438
14.9962
-0.68943
-0.822975
-5.64356
-0.434138
1.66275
0.638056
-0.0208306
-0.382839
-0.739039
1.40657
33.5171
-0.524899
-0.0713957
1.17919
0.907707
-0.305879
1.28678
0.654435
-0.426944
-3.94326
-0.633881
0.796424
-4.57252
-5.8393
-1.96963
-1.17876
-0.604238
-0.238068
-0.105156
1.49952
0.139315
0.387155
-3.74109
-1.40211
-2.31801
1.82064
6.8502
2.81571
0.103627
0.711562
-34.4195
-0.382743
-0.849549
-1.35477
-0.2841
-0.942756
0.7812
-0.229471
0.349491
5.95084
-2.78764
1.55868
-4.84553
-0.749988
-0.117192
-2.28044
-1.39832
1.06043
-0.398161
-0.536417
1.75366
0.876739
-1.1486
0.863133
-4.17023
0.036257
-0.0186997
2.87952
204.082
-1.88658
0.574723
0.66284
-0.737238
-17.578
-4.8149
-0.167509
-0.154736
0.0474331
-0.749223
-10.2039
1.28707
0.00112032
0.244559
1.13057
-1.34398
-0.576017
-0.026611
3.85539
2.19409
1.60325
0.801083
0.199438
-1.31789
-0.60347
-0.357242
0.978164
-0.00186169
0.532422
-9.67712
-0.730207
-7.63897
0.581972
-0.536487
-0.530279
1.86268
-0.464324
-1.70645
-0.807917
-0.422605
0.530428
-3.08878
2.03121
-0.0221983
-28.4176
2.41915
2.45917
-0.454237
1.71547
2.71732
-2.06572
-2.10433
-0.335281
0.0963459
0.0789982
-0.00418214
0.601689
6.09549
-0.933433
-2.59709
-2.01051
0.737765
-1.01308
-0.25887
2.66382
6.17259
-0.591028
-0.941547
-2.71828
0.487264
0.254981
0.0919513
-3.34055
18.4772
0.0944664
-0.351778
-3.84819
-0.448121
0.280383
-2.28094
-1.70178
0.262224
-0.479428
-0.203905
0.175562
-2.91214
0.181115
2.8127
2.95635
-0.565198
-1.15454
3.43718
1.75673
0.591732
-1.37357
-0.634915
0.788179
-0.646865
0.448671
-1.23812
8.71196
-1.62199
1.47073
2.03542
-0.55665
0.077895
0.334615
0.662512
-1.23872
-1.20766
0.717246
3.20059
1.59498
-4.36762
4.31546
2.7313
1.05848
-0.0883145
-0.182256
10.8595
-1.91195
0.807114
1.79547
-1.84348
1.92115
-8.25646
42.3114
0.509802
-58.5176
0.774172
-2.20245
0.760661
0.0118787
1.26889
0.0310751
2.92179
-0.43255
0.790406
0.272352
78.1645
59.8011
-4.90918
11.1206
0.0697516
3.30221
1.04585
-0.326271
-0.546931
0.342723
4.12931
-78.5794
-0.336233
0.51264
2.81121
-17.3249
3.63816
-1.1788
-1.89645
-1.37986
-1.60317
-0.315713
-0.984073
-9.34441
-0.100865
-5.40112
2.89577
-1.11389
2.1565
0.22384
1.80414
-2.10451
-1.76253
-0.235686
0.753351
-0.0046364
0.614684
0.130823
-1.12232
-0.982501
7.07535
-18.8643
-0.468857
0.678708
-3.34848
0.970881
4.75378
0.162672
2.46246
-0.968662
0.0204572
1.04746
5.81799
-0.0939084
1.76456
-1.72121
0.140084
-0.0652821
0.666766
-17.5043
0.770083
-1.10535
0.347414
-0.285261
6.73403
0.0305217
6.19152
1.64261
-4.16815
-10.8152
0.118146
-9.83978
-0.0648961
2.54138
-0.121853
-1.68338
7.57014
-2.70136
0.0777813
1.84007
0.553854
0.0249513
-1.32821
1.83382
8.48674
-1.6943
-0.0838609
-1.2536
-71.0283
2.51657
2.07364
-0.448524
-1.11027
0.509077
-0.158004
-0.124194
0.465383
19.724
-0.0167863
1.80287
-0.305267
2.12209
-0.394407
2.23753
-1.82918
-2.35675
0.759829
5.55786
-2.79434
25.3376
-797.624
-0.689849
-0.101663
0.164662
-5.99025
-114.221
-1.79452
0.495383
-2.4572
1.1701
1.41264
-0.668215
0.512346
0.822993
-1.38195
0.980284
-4.81676
2.20923
0.0185681
-0.852087
4.12175
-0.319148
-6.35959
0.102493
-0.694859
-0.447821
-0.71282
-0.931785
-1.16586
5.47542
0.45711
-0.0929387
-2.64113
-0.290792
-1.89896
-0.402188
-1.43263
0.210539
0.464434
-0.56151
10.1993
-0.555319
1.34458
-0.338395
-0.901431
-0.139855
-0.0457021
-0.655723
-1.99304
-0.226759
-1.05887
0.4731
1.15619
1.04622
0.26624
-1.37167
1.81297
3.37088
-0.0294478
-0.596328
-0.052735
-1.82105
2.76085
3.46677
0.0360855
-0.686794
0.722822
0.047143
-0.473806
-0.834423
-1.85273
-0.328182
-1.77095
-2.25756
2.90423
2.62053
0.267308
-0.376901
-0.966389
1.34386
-0.517189
-8.09333
-1.19547
0.012105
0.667309
0.646737
-6.91583
-2.23169
0.248538
-0.724814
-0.208271
-0.547836
1.41341
-0.873056
-0.800893
-0.49572
3.13851
-1.86491
-4.59933
1.78383
0.66851
-1.18575
4.95812
-0.131471
-9.89259
2.02262
-0.405546
-1.57535
-1.16218
1.03787
-1.92185
0.479799
-0.223434
0.487443
0.765619
30.8628
0.583267
-0.308572
24.7134
-69.2375
-0.978036
1.67726
-0.0422749
-2.28322
0.884593
-0.863712
0.464393
-5.03363
8.35779
-12.2359
-0.0716929
-4.25001
-2.12889
20.4951
0.731088
0.632803
0.914189
-0.812808
-0.514667
1.3748
10.3991
1.12281
0.0565033
-1.0184
0.499778
-0.416348
4.37991
0.517043
-0.323303
-0.87694
-0.818937
28.4837
1.02981
0.679871
1.32065
0.594291
-1.22302
-2.45825
-19.0087
-2.81353
4.8605
-0.115067
-5.70602
-56.4329
-0.0156632
-4.03021
-25.4008
-1.89127
-0.330997
1.22185
-0.543924
1.18027
-0.0844886
0.316804
0.433752
-0.169595
-0.602138
1.27791
-4.6199
-0.33603
0.588329
-1.57606
0.827325
0.696459
-2.9736
1.41308
-2.95814
1.52071
0.573638
-0.35332
-2.58018
-9.68133
5.94573
0.64922
3.21682
-0.448285
4.79906
0.429369
2.36861
0.373323
0.687368
0.610578
-4.35794
-28.6392
-0.481581
4.02602
11.2303
0.291026
0.572205
-0.94966
-1.95333
0.333173
2.13124
1.13477
-0.41798
3.10676
-0.329775
-29.1565
-1.22606
0.0218185
1.22713
4.03596
-1.68503
0.241254
-10.6335
-0.362464
0.183179
-0.229289
-1.27769
-0.628417
0.320081
-0.146981
2.61848
0.0304316
-0.542992
0.229094
0.362693
8.56703
0.0486519
-1.55125
0.892131
-0.0594742
1.63124
-0.215793
0.151764
-0.456315
0.900305
-2.2599
0.826029
0.513184
-3.37438
-0.253678
-0.777652
-0.0126085
-0.468069
-0.0656464
2.15754
-1.11838
1.8105
-0.747798
-0.307814
0.291919
11.0061
-3.46398
-0.522732
-1.32112
-3.4764
4.66872
-0.556564
-12.3335
-8.53463
-3.29694
0.676923
-2.3158
-7.19304
-0.525627
-1.71593
0.598461
0.385748
-8.63414
29.7161
0.0816682
0.277966
-6.15866
-0.124722
0.0139784
1.19531
-0.468426
-1.26355
3.026
-2.58021
2.56528
-0.921724
-3.71895
0.546672
0.415519
0.0790888
-3.78568
0.283402
-1.76265
1.82865
0.180482
-0.159319
-0.533327
-1.20107
0.439485
0.493026
1.40158
1.18743
-0.975965
2.10121
0.299746
1.35706
-1.03289
2.22486
-1.01346
-0.0198811
0.450479
2.76293
0.517755
-2.92834
1.71424
8.03509
0.286173
-2.3455
-0.41353
3.66685
1.88634
-0.441975
1.10697
1.32816
-4.97328
-9.74411
0.739921
-1.79254
-0.146795
-1.70336
-3.73097
1.71571
-1.78211
3.03022
0.931862
1.08095
-2.16058
-1.47317
6.49109
-0.179622
-1.40785
0.847704
0.181694
0.0998671
0.376555
0.627909
0.28817
-1.49038
0.636259
-0.151488
5.14361
0.14191
0.0710284
-1.23553
37.0402
1.8875
-1.11896
-1.41529
-0.399181
-0.125731
-0.445911
-0.377379
-0.749695
0.140943
1.22577
-0.152177
1.37677
-0.564285
-1.25403
-0.291162
-0.208535
2.50777
1.88227
0.583198
0.409138
-0.217009
-0.254988
1.18616
1.65871
-0.619123
-0.510157
2.86679
-0.400256
-1.9596
-5.63242
-1.80148
-0.864104
0.718227
-2.99657
-4.54633
1.91676
3.58122
5.56014
1.30343
11.3272
0.945345
-0.707563
1.14533
2.81264
-0.741687
-1.10264
0.360378
0.405229
-2.49934
1.14307
3.36872
0.231327
-1.00612
-0.695741
-1.094
4.06035
-0.181322
-0.0522696
-133.479
3.79845
0.494877
-0.266932
1.96209
-0.0999201
4.49944
3.1739
-0.869709
1.35094
1.39232
-12.8112
0.522204
-13.4147
0.218789
-2.05335
0.768733
0.930066
1.90022
10.486
0.0599429
-0.130864
-0.00465445
0.0143739
1.45875
-1.05325
-2.15134
1.35174
2.6382
-1.1502
-0.246789
-2.54718
-0.0183306
-2.04042
-6.17819
-0.241104
1.092
-1.22361
0.612359
0.232725
-4.56394
5.48893
0.221019
-4.83724
-5.30058
-29.823
-0.204459
-1.6489
1.58113
0.291956
-1.1824
2.07305
-4.44286
-1.81626
-0.461796
-0.813253
-4.38399
-0.770714
1.84434
362.425
-0.92577
6.5999
0.282824
0.328436
-2.97889
-17.8842
0.154896
-0.559403
6.68282
-0.860964
0.790827
0.404469
-0.120972
-2.5724
-0.733203
-0.569744
0.391889
0.831912
19.6385
0.302871
0.491227
-1.15814
-9.5778
-2.38446
51.4296
2.14564
-0.417592
-0.936397
-2.41714
4.41031
-0.73341
8.85735
-8.05324
0.659788
1.01994
-0.228088
-11.8634
-2.39662
1.65858
1.11188
-1.14018
0.748918
0.784123
4.93409
0.423505
2.71177
-1.28413
0.720645
-0.454646
2.5296
7.02129
-32.9643
-4.98617
0.847321
-0.550967
0.999904
-0.449833
0.455993
-0.179093
-1.79287
-0.505823
0.514098
1.22336
-2.41877
-1.89816
0.1526
0.593622
1.38991
6.95823
-1.28757
0.666854
3.39988
1.65211
30.1601
0.361556
0.076393
0.654859
0.552045
-1.50901
7.04349
2.25155
69.3124
8.03437
0.714825
0.949045
14.7382
0.13218
-1.29406
-2.50774
3.3768
-0.659194
-0.404186
-2.01818
19.2416
0.183545
1.35781
0.548063
12.4591
2.2767
2.11381
0.644853
5.32997
4.2751
-3.08445
0.0526631
32.6483
-1.86979
-1.24547
1.35974
-0.657499
-0.666245
1.02942
0.20686
-0.589944
-2.01242
-4.70781
0.593958
31.0637
-18.4688
-3.65471
0.0861208
-1.06737
1.36477
0.0241798
1.58798
-1.09798
-4.62816
1.06904
-0.836917
-2.28328
2.8329
0.38693
-0.666315
6.68783
-0.003681
0.671756
-1.50124
1.46206
0.282063
-0.731279
0.401578
-0.60046
-0.147976
-3.70308
-0.730013
-22.2295
1.05813
-0.644854
1.19814
3.01788
0.131387
-0.111524
0.391643
0.0122371
0.546744
-0.512871
-0.585152
-0.948159
0.4498
2.91933
0.60045
9.90321
5.54067
0.316282
-7.3742
-2.16049
5.30391
-1.13078
2.56092
0.0864755
-0.109726
-2.75822
-4.30809
-0.27152
1.7937
-0.628002
-4.97423
-0.807621
0.341017
-0.744249
0.465602
1.22969
-0.0598527
-1.65428
0.290459
-0.181135
-2.10225
-0.590235
1.97111
-1.2342
0.688076
3.21066
-0.252757
3.02791
3.70889
-1.91714
0.110294
-1.39493
-3.94587
-77.2557
-0.72458
1.6795
0.526023
0.200171
-0.169547
0.632305
0.646829
2.18078
8.13534
2.0665
-0.275392
0.131531
-0.948161
-1.24011
1.0483
1.59274
-1.92347
0.3436
-1.93296
-0.364393
-1.64822
-0.47045
0.116524
-3.17439
0.790195
-2.5716
1.73751
-0.0272015
2.44334
-0.152444
-46.2239
1.86495
1.07749
0.0143594
-0.154103
0.40103
2.20827
-0.933935
1.64672
-0.641876
-0.398541
-0.193587
-3.00162
0.0945089
7.27475
0.247605
0.28571
0.624725
1.99846
0.58242
-3.51867
-0.746132
7.85048
1.45702
0.349774
-1.01615
0.957589
0.162689
0.639126
-0.360825
-2.45284
3.18668
-0.571131
-0.756816
0.410809
1.81751
2.18576
0.866295
-5.34611
0.0112896
-0.34328
-0.845098
-0.443792
-0.445826
4.07178
-2.65766
-0.613588
-2.46736
672.022
-0.485807
-0.524155
-2.12398
-0.664928
-0.236451
1.46482
-0.533221
-0.830417
0.0539511
1.66863
-0.211229
0.461645
0.351993
-0.220081
0.206173
0.801596
-3.52178
-1.70842
2.69395
-9.79668
-1.77296
-0.0242014
0.410825
-0.0390655
0.487255
-1.14248
-0.414422
0.0950815
-1.8233
-0.843431
1.50733
-2.7878
-0.599626
0.478877
-0.153969
-0.817122
10.9613
-1.59744
-1.29689
-1.43449
-0.142011
-1.1549
0.080788
0.770219
52.2231
1.13967
-7.83821
0.468673
5.3702
5.66695
0.384783
1.4681
-0.441677
1.53036
2.762
2.71071
0.162941
-0.601549
0.0238448
4.37187
-0.4294
-1.54953
3.19793
-1.45485
-0.978184
-0.739534
-0.252725
-0.662613
0.325758
-2.40021
3.59599
-3.08726
-4.92264
0.616714
7.81168
1.02973
-0.781618
-1.12743
-0.448656
0.0336284
0.581546
0.23435
7.45195
-0.0666883
-1.47912
0.550416
-0.710979
1.32237
1.68085
-3.12112
-1.91979
-0.591892
-0.634301
-3.58299
-0.818773
0.0154633
-2.28337
0.256113
-2.72972
-21.7639
0.210363
3.13915
-6.27916
-1.16153
4.98442
0.43753
0.823633
3.75724
0.405826
3.29105
-2.89625
23.9827
0.380604
-20.4468
0.783044
0.419569
-3.32868
1.09787
1.37104
0.255229
-5.46237
-0.853965
-1.2431
3.23184
0.574408
-18.5427
0.238527
3.1244
-0.873144
0.289664
-4.9257
-0.519933
-0.974707
-0.442737
-2.61367
-1.62524
-0.102793
-1.15717
1.02343
-0.167088
0.769095
-0.430936
0.779978
0.322269
-0.236001
-0.739587
-0.4753
-1.79435
-0.696166
-0.184588
5.55829
0.226206
-1.5362
-0.6214
-0.252435
-0.221549
0.223629
-0.411848
-50.18
-1.32473
-3.5974
-0.542648
3.64381
-0.50834
-1.57997
-0.992074
-0.531301
-0.550444
-2.4149
5.17627
0.832079
4.39401
0.888442
0.92886
-2.31213
0.4896
-2.82663
0.717743
0.949602
-0.0481376
3.63041
-0.409007
-2.09966
1.98362
0.771974
-3.46109
1.01586
1.87217
-0.690723
-0.270605
-19.996
-0.437233
0.740373
1.45496
-0.323026
0.0133684
-0.228996
-1.03617
0.130258
1.84045
1.42502
9.22362
-0.442806
3.12576
4.47048
-0.682303
0.645285
-0.507178
-0.201014
-0.324029
0.44279
1.39068
2.99113
1.08266
-0.476971
-3.47373
-0.158224
0.548407
-16.8118
0.653483
-4.2079
1.44799
0.440967
-0.347534
-0.340686
4.12467
0.934799
0.9894
0.136327
4.34388
4.62222
128.885
-1.01213
-0.67101
0.120971
2.58689
2.49843
1.39066
-1.50122
-0.672596
0.594144
0.317924
-1.53158
0.292692
-2.64089
1.1784
-0.544234
-0.369741
2.20246
-0.23807
0.189314
-0.184545
26.0204
-0.793739
0.350947
-8.80972
1.79685
0.164608
-0.330969
-2.06289
2.05449
0.124275
-19.2005
-0.698699
0.0846686
0.297298
1.60113
1.26264
-0.124933
-1.71754
-0.51308
-1.34627
0.289028
-4.55876
-0.924908
-1.24877
-1.07958
-0.391019
-0.494985
-1.8568
6.61774
-0.446696
-3.99061
1.38642
-0.801271
-0.361544
-0.688883
-0.835843
-1.59104
-0.299776
-1.04005
-1.50967
-0.913534
0.231716
-0.228352
7.33948
0.352378
0.120438
1.65747
0.964342
0.113296
-560.89
-0.30718
1.11538
2.0117
-1.33534
0.565162
0.652215
0.392121
-0.0732557
-0.274377
-18.549
0.856139
0.120178
0.364219
1.23012
0.797603
-0.840375
-0.458593
0.244515
4.45751
5.98313
-4.25572
1.11489
-0.141002
-1.24749
1.43915
2.25424
15.6412
-1.1937
-3.43749
-0.646017
-0.680465
0.066203
-12.3808
-4.53356
0.630829
0.0156245
-1.26382
0.203285
-2.60248
-0.42015
-6.50782
0.785847
-1.02234
1.18141
0.428074
1.25103
-2.44734
0.477758
-4.3694
2.50627
0.658098
-1.22604
0.10061
1.23205
0.229864
0.401644
0.597116
-1.08668
-0.495049
23.4736
0.394069
-2.61075
-0.357946
-1.88787
-0.0768147
-10.3052
1.84883
0.0948016
0.974548
-8.85534
2.11223
0.366004
0.125532
-5.40177
-1.06621
0.353974
-0.891067
0.0771907
-1.04861
0.720126
0.210377
-0.24394
0.520176
0.560655
-0.295304
-0.352892
-0.606832
-14.5996
-0.681785
0.43663
-0.210345
-3.48017
-4.4544
1.49571
0.146217
0.700509
-9.73399
-1.08738
45.9722
-0.654508
11.6779
-2.97685
7.00865
-2.70328
0.71644
3.49931
-0.873475
-0.411399
0.732375
2.32378
0.557305
-0.892219
0.909182
-0.715373
-40.7185
2.88155
-0.639366
3.9901
0.188183
0.573555
0.582727
0.270753
1.05376
-5.65915
0.164583
0.15739
-1.88566
-7.04262
0.562199
-26.0195
-0.73503
-1.01487
-1.15703
5.92331
-1.98134
0.576446
-2.33237
-1.85885
0.000914899
0.224645
0.440043
0.274368
-48.8566
5.24218
3.17224
1.39792
-4.50964
-0.251787
1.12019
-0.245904
-1.04882
0.340772
-0.977232
0.867942
0.3557
0.971483
-4.54562
1.04018
-0.498062
0.18669
7.18741
1.18226
-0.326887
-0.325103
-3.29476
-0.227521
-0.243342
1.03007
-21.2116
0.858943
292.937
-0.402001
4.49966
7.12665
-0.704872
-0.612484
-0.891901
0.067539
-0.754393
-0.519915
0.315692
2.38243
4.38963
-0.694925
-7.43034
-0.187788
46.8952
-2.3835
0.306162
-0.498815
2.37397
7.0253
-0.657039
0.583924
0.697652
-0.589943
4.1641
0.969368
0.153122
0.783024
-0.3189
0.43685
0.490604
-0.200015
-0.336556
-0.599491
0.163419
-0.351544
-3.11787
-0.969813
-3.36134
-19.7363
1.51211
-11.4312
0.492924
-2.75317
-0.339636
-11.6731
0.711215
1.08438
1.18722
-0.47225
0.273302
1.62352
-0.299701
-0.17475
4.80843
-0.552028
-1.11109
-1.16561
0.21123
-1.2247
49.4767
-10.4538
0.269861
1.39998
0.545493
0.124673
-0.0939851
2.85117
0.658385
0.535062
-0.122381
0.431101
1.40532
3.85087
-1.09193
0.0457257
19.4474
-0.288449
-0.311667
-25.9114
-0.83083
3.18128
0.85484
0.828295
2.34464
0.533133
-1.93818
-1.47434
11.182
-0.804107
-1.09102
-2.22587
-0.136849
-0.677384
-0.94576
-2.37682
-1.33976
-1.01805
-0.110361
2.25684
-6.00159
0.603932
-0.174903
1.59126
4.04045
-46.341
-2.09995
-0.735744
0.815798
-0.477183
2.77977
4.78335
0.998823
0.393893
1.6396
1.77258
-0.811116
-3.50838
2.82908
-0.798225
0.700465
0.0502912
-0.279982
0.579888
-1.13402
-1.415
-20.8643
-6.6425
0.129305
-1.85333
1.15523
-1.04069
-0.228926
1.01631
-0.301633
-1.44477
-0.0573361
11.9263
0.448033
-0.045579
0.68398
-1.16833
-0.800364
3.47162
-0.228642
-0.134
-0.564355
-0.880394
-0.410873
-0.0402883
1.22176
-0.65927
0.332619
5.45786
-0.407781
2.36597
1.8708
2.52692
-0.869433
1.27572
-0.0109062
-1.92047
1.45461
0.0515
-0.092316
1.64109
-2.35462
1.45615
-3.06251
-1.69901
-0.0271762
-2.11549
-2.42977
-1.18285
-0.30628
12.6998
-0.382557
2.52995
5.58721
2.32468
0.077724
0.151401
-0.297657
-0.513995
-0.10128
-0.301053
-2.93413
-0.0131005
0.97414
-1.56136
-0.904775
10.3109
0.490682
-0.649665
0.747165
0.0439573
-0.986357
-5.20488
0.844335
0.529168
-0.145149
0.762937
-2.59144
362.663
-0.621473
-1.26865
-1.86013
2.03453
-0.384865
-0.116298
0.266876
0.611017
-0.0545134
-1.54238
0.0629023
-0.293324
-0.167
-2.57687
-0.0302805
-2.02635
0.45672
0.83249
-0.459757
0.427606
2.3176
2.08093
-6.51565
-0.986923
-119.877
-0.360756
-0.399396
-5.40707
-0.327642
-1.33574
-2.8246
5.01447
0.468569
-19.4039
-33.4321
0.843196
-0.337724
2.8836
-1.97896
4.27419
-0.402514
-4.9883
0.165404
-0.0390002
1.14763
-0.554057
0.0260735
1.44832
-0.681242
-2.40086
5.55966
-0.137713
-5.33029
4.53561
1.52013
2.35739
0.357993
1.51746
3.45024
-4.94839
-0.0548643
-1.66478
-0.90762
-0.849797
-0.176966
-0.930147
0.124722
0.562251
0.89085
-0.444172
3.02278
0.668298
10.2229
-0.229791
-0.106756
-9.63511
-0.618851
-1.13562
-0.626126
0.671041
-79.3089
-0.983661
2.05208
-1.08052
4.44399
-0.46778
-0.0316687
0.57861
2.42375
-0.0704235
-2.1632
1.17249
1.72965
-5.67226
-6.26745
3.87084
-2.92597
0.933621
-7.07762
1.83567
1.41663
-0.394819
0.158607
-12.8894
-1.90283
-1.61359
3.60794
2.96053
-3.28714
1.73821
-0.554586
-0.324918
-0.940899
-0.193733
-0.190741
0.0227606
37.7874
-0.955161
-0.340259
-1.47085
0.110989
0.0409221
-3.54519
0.543808
-0.200762
3.94719
-0.0369114
-0.574021
11.4887
-0.771615
-1.14635
-0.349938
0.121933
4.29874
-3.89756
1.31378
0.960569
-1.17554
0.833262
0.927008
0.0780769
-1.24903
-1.28681
-0.0616791
-0.805044
1.16549
-2.45304
-0.271855
0.468002
0.112214
-1.32383
-0.146097
-11.1678
0.581435
-41.9186
1.38767
1.32622
1.30587
0.0466213
-0.479675
-0.410264
-1.22378
6.86334
-17.4828
-0.317857
-3.49054
-1.28532
196.545
-0.0415692
-2.14548
0.681402
2.91005
0.893112
0.954405
1.18259
-1.02646
1.64321
-0.340874
0.268768
1.42291
-0.405358
-0.58774
0.550068
-1.27718
-9.98137
0.711363
-1.30701
-2.18017
8.04247
0.444451
1.12926
1.93886
0.416072
-1.25284
-4.4559
-0.778066
-4.29593
-13.3303
0.312267
0.994671
-0.482419
-6.86007
0.855794
0.767617
0.370076
0.0804197
7.40288
18.8929
0.174783
1.44229
-0.0440219
-0.00652144
-1.58084
-0.664584
-0.0934322
-0.609983
0.988045
0.104582
0.820283
0.428697
10.2227
18.9857
1.72103
-1.70227
-15.4329
1.59325
-0.695243
0.58798
0.938333
-0.480056
0.751603
1.30476
-3.25069
1.48614
-0.856469
-0.652921
1.75095
49.774
0.280561
-0.0747885
6.66374
-1.18186
1.26832
1.32828
15.9206
3.09699
-0.238535
-1.18403
6.80407
-1.14186
1.13425
-0.271889
0.457234
-1.08933
3.44396
0.01902
2.30245
-0.294259
-1.07495
-1.0751
-8.82307
10.1011
-0.348237
0.448374
-30.0147
-0.0198145
-3.20274
3.04184
0.769254
0.425646
-1.40529
2.28574
0.761716
4.86769
0.370429
-1.54486
-0.735282
-0.435162
0.676158
-0.205336
1.40198
0.598957
-3.3908
3.67781
1.01987
0.228552
8.23805
-12.445
0.0460476
0.618002
-0.61881
-2.16813
0.33542
-1.63644
-1.60413
-0.979522
-7.73759
-4.3303
-0.536916
-0.339911
5.55881
1.82864
0.939549
2.17403
0.395547
0.722849
0.732428
-0.947852
68.7926
2.21097
-0.752997
-1.17238
-0.35446
-4.23245
-10.1358
2.92876
0.521502
0.0961846
-0.858684
2.21267
-0.449633
0.634978
-39.6155
0.807544
-0.769729
-0.652244
-1.36904
-0.359064
-4.65407
-0.163845
9.59822
0.60559
-0.807859
-391.775
-0.913378
-0.977768
-19.5335
-1.96713
-0.251094
2.06594
-1.75305
-0.684886
1.72235
-0.743197
-4.02481
-1.10187
-0.00510585
-0.0111459
-1.70241
-1.03343
-0.0561437
7.99951
5.29895
-0.382596
3.17433
-0.339667
31.2156
0.930563
2.93499
-0.222465
-0.0307518
0.822784
-0.17622
-1.80803
-9.98137
0.364049
0.0905601
1.37615
0.578282
-1.08436
-0.467512
-0.348784
-1.88395
-1.31663
-0.56079
0.317696
0.185749
0.245603
0.832364
-1.17328
10.6184
-0.679518
-10.0538
0.77938
3.72295
0.880844
-10.2178
-1.0546
-3.37314
-1.645
-0.5523
2.29288
-5.17011
0.858936
1.60894
5.56469
-0.157815
0.439981
0.209122
-0.220605
-1.24676
0.664874
-0.0654837
-0.258562
0.853809
-0.501251
-0.44894
-1.36072
0.769222
7.11613
1.67309
3.0511
-0.822014
-0.68045
-3.43684
-0.0746096
-1.5291
-1.07983
-2.04654
-1.02112
0.291654
0.0594344
-0.684394
-0.452167
11.2687
2.40848
-3.59711
-0.645102
-6.50992
6.81371
-1.48436
1.27058
-2.68712
-0.0554729
1.80637
-0.378056
-0.586022
-0.222823
-0.867705
-0.844317
-1.6536
-1.04827
-0.983199
0.202028
21.7131
25.0241
3.16591
3.64409
3.6664
-2.45711
-2.71414
-0.605874
1.46364
-23.5329
-11.7668
-0.408658
-1.33067
-1.12268
1.83484
1.44594
1.01733
-17.9436
-0.171772
-2.98493
-4.73418
-0.422313
3.1395
0.370476
0.163789
0.0633426
0.639761
-2.05864
0.82179
0.638228
6.16586
-0.483367
-2.74277
-4.79827
0.295184
-1.92836
0.441427
5.33611
-0.406188
-12.9062
1.09828
1.53945
0.345037
-0.367448
-2.16626
2.78779
-0.617956
0.474253
7.37783
0.27843
-18.4132
-0.277609
18.0597
-0.316474
-0.33835
-0.0427487
0.461206
-0.0160327
-1.97235
-0.263531
-0.527272
-20.138
-0.198223
-0.52441
0.725873
0.804564
-0.317127
1.29641
-0.768801
1.02576
-0.047932
4.35964
-1.78927
16.4786
-1.51641
0.814566
-0.307951
0.374891
0.865165
0.674205
-0.128929
0.551747
0.187998
-2.68814
-0.211529
-0.111506
1.03893
1.88737
-1.36633
-0.633296
-10.467
-1.09343
-1.93547
-0.332192
0.582101
-0.62942
-5.58922
0.613738
-0.339343
1.00923
-0.43659
1.59242
0.642092
1.34622
-14.0805
1.62963
1.12385
3.64657
-14.19
1.00371
1.92345
2.17187
-0.841221
0.143834
42.5505
1.7665
0.403945
2.50268
-2.31417
0.298946
-9.04874
-0.986741
0.0919727
0.224149
8.23004
-5.28261
0.714903
0.146659
-0.380132
-25.5622
0.270492
6.75073
7.6252
1.51038
0.271479
-0.328458
5.71993
0.755589
0.98564
0.947645
1.09791
-0.25681
-5.96848
12.7289
-0.503332
-4.70471
0.924017
0.634422
2.04884
38.3559
7.65186
0.0512594
-4.83398
4.59323
7.00647
0.431527
0.758091
1.0999
-1.39221
-0.0696238
1.40155
0.129348
0.0374322
1.67105
2.39176
0.157398
3.79829
-4.93493
966.443
-1.48057
-2.28273
0.937789
1.40611
14.0288
0.225564
-5.21675
-2.38566
4.62533
2.8473
1.09889
0.0907859
1.37304
-2.3941
-0.649708
-0.208403
-0.39478
-1.72725
-0.532138
0.214993
-9.14419
1.18628
-0.1932
0.970435
2.57215
-0.803202
0.606214
1.07558
-0.959258
-0.607742
5.10192
-0.966539
0.378626
-0.116133
-0.373388
0.323416
0.98508
-3.2342
-1.87421
-18.5242
-1.03289
-0.471987
-2.37837
0.381964
0.316916
0.621535
1.91993
0.849208
2.80762
-1.21959
5.02785
2.36581
-2.11117
-2.51972
-0.947741
0.957487
-1.62817
-7.87711
1.76945
-1.21363
-0.489093
-0.999254
8.24104
5.09528
-4.59071
-0.201777
1.70441
-5.275
-9.23228
0.817291
0.145026
1.06015
-1.79377
3.62325
5.86695
0.583623
0.508192
-2.81249
0.213519
-0.723373
1.58179
-1.43861
0.268219
1.03179
2.50814
7.38179
2.24138
0.291888
-0.195203
2.25716
0.930136
4.1218
1.11035
2.50771
0.139423
-1.17502
0.940618
-1.3248
-1.1777
5.56162
-0.318111
-1.64106
-0.117045
0.46873
0.745128
-1.20262
-2.61254
-0.640647
2.58448
-1.13546
-1.35142
1.39814
-0.839248
-1.07159
-1.95059
0.208557
-2.70798
1.87242
2.04513
2.8393
0.240637
-1.71577
0.908684
1.11385
0.960829
-1.67807
8.45916
0.569974
0.70211
-0.356243
0.417611
0.104606
-1.12497
-0.278998
-0.972892
0.362772
0.782588
1.31643
-2.07514
-0.734652
0.338721
0.294985
0.405324
1.0299
0.78636
1.33664
-9.79028
-6.85752
-3.53263
1.11856
300.345
71.0164
-10.5952
-0.105281
1.44648
77.8728
-1.17082
5.44183
-0.116677
-1.04018
-10.7892
1.20754
0.0184977
0.190741
0.154064
-0.03516
-46.6426
-0.778442
6.40223
3.12108
-0.385269
7.31283
-1.03912
-0.0400815
3.8929
-0.635523
-0.325885
-16.8524
-5.19874
-0.941023
0.084383
0.230643
0.904114
-0.71199
-3.27056
0.562875
-3.17388
-0.44746
0.7927
-11.0121
-4.10271
-4.56445
-0.205266
0.843605
1.63409
-0.369946
-2.34562
1.11193
0.442716
1.7613
-0.442572
-0.250191
0.388683
-0.766501
-2.55584
0.081702
0.773297
-1.58992
1.66728
-0.325905
0.0257881
-0.840586
-0.0291477
-1.36805
0.328988
10.5316
2.11823
0.895874
-0.884347
-0.730333
0.619391
0.0583372
-2.08113
0.700959
-1.8466
-1.15789
0.757636
-0.150751
2.27678
-0.135048
-0.265445
0.80667
-0.0354319
0.45499
8.81011
-0.0398568
-1.21299
1.14373
0.444428
0.146385
15.1292
0.250003
-1.60977
0.414591
-18.057
1.09267
0.503239
18.4238
1.54686
2.28388
0.81529
-6.39648
-0.0873891
-6.13064
0.159342
-3.88887
-0.501997
0.932743
0.673318
9.52303
-0.190928
-0.114954
-11.3706
-0.509528
12.415
10.4738
-2.60306
7.52789
-13.6598
-0.14368
-4.04762
-0.639689
0.03344
-0.500635
0.222156
-0.0452379
0.105314
-0.245975
1.32691
0.404699
-2.76486
-4.20733
0.328613
2.46094
1.3443
-1.44871
0.642513
-1.6151
1.8032
0.439711
0.220193
2.35989
-1.2838
0.17041
17.268
0.462089
-0.653848
0.647884
4.69686
3.16496
-0.598867
-0.960697
-3.06258
-0.489857
1.7806
2.64011
-1.96594
0.553937
-8.68778
-3.16678
-1.9114
-0.686145
-0.219664
-1.41282
0.823751
-1.12228
0.52787
2.36325
-4.28874
-1.96746
-0.934606
-0.397267
1.68594
-5.43338
-0.191028
1.98141
0.244849
-0.424081
0.647407
0.00388047
-0.51257
-0.451734
-2.72759
-1.83129
0.23666
2.74563
-2.85862
-3.0295
0.666143
-0.769415
-5.66486
29.2865
-0.631703
1.6645
0.215936
-0.308871
-1.18395
5.27684
2.07717
3.18165
1.22809
-1.09674
0.443656
-0.22035
0.512483
1.70033
0.995101
0.49528
-0.815771
0.105131
3.97842
-1.4364
0.44258
1.39812
-0.281529
2.30118
0.0950778
-4.10253
-3.8556
-0.786661
0.669969
-0.587184
-0.391004
4.56308
0.39209
5.63355
0.323729
-2.51747
-1.80849
-0.302444
-8.37884
0.179944
-0.086174
-1.16267
-0.751659
1.18914
0.0315068
0.50303
2.21484
0.0882059
0.298198
-0.11231
0.712643
-3.20908
11.6149
-1.78884
-1.09565
1.48957
0.850739
0.606096
3.25142
2.50983
3.55918
1.24362
0.226267
0.170166
-0.697571
-0.35152
0.949354
-0.381031
2.11431
1.51771
-1.41952
-1.19688
-1.37225
0.298377
-0.939777
-1.2327
-0.44307
-2.87395
0.452555
1.75792
-0.563608
4.66746
1.26504
0.258754
-0.306995
-0.106067
-0.0623315
0.683485
-0.302178
1.96268
1.267
-0.165548
15.3509
0.715415
-1.16328
-0.8823
0.95977
-0.969252
1.76312
0.607012
-2.0542
-0.535839
1.05983
-2.42383
3.90488
-1.09897
8.63189
-0.668057
-0.205818
-1.50929
-0.636627
-0.221944
-0.139642
-4.3241
0.0732813
-0.100979
-4.233
3.17566
2.88048
0.417098
-0.70606
-2.26811
0.216514
2.59331
-6.22657
3.40641
-6.95502
-3.64323
0.0787572
0.828943
-0.0270985
-1.75278
-0.35193
-0.369035
-1.59441
-2.41425
0.710801
2.3544
-0.295497
-6.8032
0.118425
1.04674
-1.92851
1.2948
-1.09467
-1.3006
-0.391997
-0.36741
1.65695
-0.235347
-6.9801
2.02494
1.53667
-0.0596077
-1.46858
1.1249
0.363836
0.182685
0.506959
-1.17585
0.216396
-1.1693
2.41175
-0.192387
-0.24826
1.25061
-9.61091
0.25253
0.431166
-5.48528
0.787118
-1.69485
-6.37124
-0.547242
-1.57919
-0.251746
-114.555
0.215759
0.815504
-3.7367
-1.93864
2.22646
-0.607852
-60.3935
-0.264741
0.00826895
-4.43133
7.20154
-0.608397
-0.517581
-1.59594
0.25294
-1.77619
15.4061
-2.01199
0.454046
-1.19468
-5.58331
0.595984
-0.867516
-0.0362124
1.71276
-6.65433
-1.02198
-0.226747
-2.34585
-0.432303
0.290437
-0.817882
2.24513
0.546411
0.54807
-0.189092
0.122534
10.9953
5.88472
-0.856062
1.29742
-0.451481
-0.592108
29.7848
0.242103
0.568921
13.4207
28.5608
2.37199
0.151245
-6.72846
0.0217283
0.492395
-0.444986
-0.227425
-5.31852
-38.7284
21.787
-0.342869
-0.592438
-0.934407
137.564
-0.402942
-0.282289
1.27397
-2.2174
1.21442
0.321938
-0.40589
-2.92233
-1.41269
-4.32865
-0.310875
-2.20775
1.14496
0.176516
3.33132
-1.58436
-0.889729
-3.8001
1.11399
-2.25782
-1.76053
-2.47355
-1.62715
-101.775
1.21343
-1.37113
-3.49228
-1.09514
0.834027
-0.714625
-0.459781
-0.728983
-5.56528
0.426599
-0.56238
-5.11061
1.46041
21.7481
0.179225
1.48505
3.43696
-6.16247
-0.0867375
-0.276625
-0.646578
-0.944856
3.91442
0.99318
-1.06011
1.15609
-1.73007
-1.90725
-1.75567
-0.859109
0.754802
-0.835686
0.810878
0.370363
1.52029
1.24359
-0.152231
-3.82085
-0.564826
-0.303491
1.20326
0.313029
-3.93703
0.612843
2.79264
0.664098
0.451267
-1.16428
-0.203969
-0.960275
5.32421
-1.73208
0.0366502
1.55025
-0.321023
-6.35498
-0.547133
0.260922
-0.843204
-3.39497
1.8739
0.32403
-128.507
-0.206584
-0.00550142
-0.65041
-0.510078
-0.215364
1.05425
-0.136187
-0.284592
0.14592
0.315688
-0.263986
-0.90899
-29.406
25.4819
-2.2634
-1.36537
0.517307
-0.188392
96.8496
-0.182368
-1.91741
7.12991
0.848801
-0.330436
2.35435
-1.14549
-4.47005
-0.18612
-0.576836
72.443
-4.23414
1.49453
0.0414131
0.135454
1.83988
-3.23478
0.879764
-0.831713
0.90091
-0.136662
0.0711767
1.32445
-3.51977
1.74473
0.103448
2.01371
-7.29887
-11.2105
0.729034
0.342392
0.0464752
-0.69677
0.666971
-6.18508
0.401688
-8.50824
-0.467453
-2.01776
0.566462
8.83202
0.0153621
-1.09679
0.997168
-2.01079
-2.39517
1.22947
-2.32393
-2.13384
-0.682618
-0.56622
1.16646
0.136464
-0.110124
0.127635
-0.25429
-0.710716
3.46468
6.98509
0.802884
0.916803
-0.148675
2.78851
2.28712
0.709354
-0.74761
5.19919
1.11239
-3.47628
-11.9074
-2.79218
-0.234112
-0.662039
-0.183166
-0.882151
-0.564484
0.236738
1.06526
-3.44366
-2.06297
-0.558552
0.398191
1.90418
0.441647
1.14355
2.01369
2.30142
-0.224291
0.115943
5.73558
-0.553242
0.472235
8.32694
0.501283
-0.410322
-12.9794
2.6606
-0.862328
0.460552
0.250483
-0.723065
0.105006
3.66831
1.37185
0.78273
1.5768
0.36736
0.37334
0.051857
0.321139
1.16638
-1.43641
-11.2018
-5.31653
4.41441
1.10026
-0.500328
1.52354
11.8963
-1.642
-0.322005
0.481652
-0.169675
-0.116174
-8.3529
2.79207
0.573413
-1.84255
0.551367
-2.1283
-0.450363
-0.887353
-0.0637196
-0.960717
13.0244
-0.723279
-3.09529
-0.24576
0.941103
0.634724
0.188994
2.28788
-1.96194
9.63147
-0.404045
-0.0110237
-1.29014
1.79479
6.13715
0.716351
1.55422
-5.01171
-0.726921
-0.194753
2.25452
-0.864597
-1.60366
2.68271
2.21605
-1.67287
2.12119
35.5461
-4.24671
0.220569
-0.552539
0.383598
9.67524
-1.50435
-0.0137193
-4.49463
0.748114
-8.24044
1.09805
0.772636
-1.65562
-0.85072
-0.463775
-1.31032
1.5358
-2.71225
-0.874261
3.56182
-3.8599
0.397355
0.309704
0.212679
-7.0928
-1.11376
-1.70666
0.717798
-2.32339
-0.272489
-6.85882
1.01784
-1.78185
0.0947542
-3.08678
-1.51126
-0.710055
-4.25385
0.870227
-1.57662
-1.62253
0.0569054
54.5978
0.213063
-1.97787
0.0305345
-0.40551
-1.40654
-4.32931
-0.261264
4.9544
-5.8796
-0.304805
0.802027
3.39668
0.254411
4.11118
0.135891
0.24308
-12.4406
1.2205
0.420714
-0.683156
-0.59013
-0.327351
-0.265428
1.93365
0.217486
-0.236507
0.0585438
0.169438
84.2443
5.57787
-10.1334
-1.07369
-2.75152
0.0377355
1.42553
-0.0363858
4.04423
2.683
0.813044
0.252938
-0.789418
17.965
-1.02605
-0.703063
-20.1555
0.144703
0.948535
-0.162143
0.028731
-1491.59
-4.13018
-1.3455
0.53755
-11.8672
0.673211
0.532866
-6.2201
3.76172
0.207216
-1.82819
-0.159944
2.05069
-1.73
7.50071
0.615546
0.600635
3.94904
-0.708238
-0.251406
1.76477
-1.03556
-1.19129
-16.1323
-0.188531
-0.769139
-0.466641
-1.22206
0.269789
-0.546142
0.125896
-5.46689
-3.95999
4.01362
1.54313
0.478045
-4.32264
-5.53006
-0.145121
-9.65669
-0.215979
-1.02997
-6.6902
0.612784
-1.32898
0.392105
-0.240163
-1.19006
4.81839
1.65412
-0.0355987
1.65885
5.76045
-1.04035
3.44415
1.73799
-4.42021
0.825519
-2.60415
-0.742463
1.70121
1.3687
-10.9996
-1.39541
-0.976935
1.26067
12.4464
-20.7698
1.94265
0.476028
0.57792
-1.17184
-0.152192
-6.75276
-0.726657
-1.61899
0.201974
-0.150073
-3.81899
1.66717
-0.0324107
-101.529
3.3593
-0.762158
-1.80247
-0.806198
0.295109
0.7335
-0.471638
-0.941046
3.33802
-1.0528
0.420507
1.67685
1.03785
-0.159507
-2.93801
0.0860763
0.231256
-4.31168
0.512347
-1.35409
0.329917
0.403543
2.05421
-0.557951
-1.12456
0.45937
-5.73448
-1.33791
3.02279
0.701405
-0.0949722
-0.156554
-0.3139
-0.692685
0.0694924
-1.77383
-0.90322
-0.0986011
1.95941
-9.91789
-3.88494
-1.50169
-1.10583
-7.81911
8.31076
0.838426
0.0702803
-1.11051
-6.76549
-0.648711
0.502859
-0.114435
0.318098
-0.989292
-0.654112
1.03589
-0.261233
-0.382951
-3.80305
1.56795
0.970029
0.655271
-3.79947
-0.284441
-1.35583
-0.278476
-13.8192
-0.329774
-0.366982
0.376649
-0.646355
0.132629
0.301756
1.55776
-1.84698
4.03808
0.115987
0.911461
-0.99417
-0.241162
12.4215
-5053.93
12.1553
0.0617517
4.87384
0.694829
0.0279776
0.166822
-2.57241
-0.0241144
-0.0290822
-0.242902
1.12096
-0.405433
1.42987
1.40545
8.20579
-0.620189
-1.61768
-0.722794
0.0768344
-0.80921
-0.873365
-2.24938
-0.008668
4.68989
-0.284498
-1.84559
1.17682
-0.113209
77.9293
-0.109399
1.43921
0.198194
-59.3849
-0.595475
-0.01116
-0.422977
-1.9182
3.33778
-5.02446
0.153838
-1.51126
4.89531
1.16775
0.512976
0.569694
-0.479016
-0.18989
-0.223275
-0.898934
0.459199
-0.854367
0.290368
1.15739
3.13678
-0.72751
-2.01167
0.867903
-0.855796
0.484233
0.346823
-2.9007
-1.50511
0.913694
10.3796
1.88349
-0.751934
-1.48629
0.4293
2.11165
-1.43821
0.483288
-6.00676
-1.48725
0.0202015
0.418046
1.25467
0.213748
-0.0641062
1.47221
0.836964
-0.707691
2.47697
-0.165982
-1.38697
0.23944
-4.337
-1.26276
0.991016
0.786652
0.448667
0.144151
-4.27528
1.59863
0.837562
0.69626
6.27096
35.828
4.41244
-2.40946
0.178839
1.44982
-1.28453
-0.0845917
-0.0828162
-2.15456
1.41015
0.46639
-3.30255
0.803144
1.45268
0.304918
-3.39337
0.576125
-10.3375
-0.0229597
-1.60904
0.256377
1.72883
-0.804329
0.749882
6.17742
1.03499
0.353359
0.0143396
-3.02741
0.16313
-0.0464034
-2.35008
-1.28326
0.34218
0.201607
0.383601
-1.04817
-0.408222
-0.577846
6.91498
-1.03047
-2.35671
45.3918
-4.63665
-3.46359
-0.0184008
-1.05299
-7.085
-0.174837
-5.31665
-1.43039
-2.53764
0.407544
0.452248
-0.297449
1.48975
-7.19856
12.1249
-0.108841
1.44002
-48.4414
1.05873
-5.99762
-5.26645
0.325276
-0.347176
0.31988
-11.2473
1.25681
2.53021
0.00767749
0.551521
0.642991
-0.455831
-1.99702
-5.42838
103.443
-1.50301
-0.574432
1.46604
-0.0662252
2.73752
0.395034
0.154717
0.227195
6.2003
-1.19274
86.0453
0.390016
-0.20076
0.175464
0.795801
0.58006
-0.00246907
2.36665
-1.79982
1.90797
26.0277
0.392279
4.27262
0.242164
1.32597
-0.095476
1.2265
-0.243267
1.13943
-0.900769
-0.0954064
0.704509
0.888718
-0.245276
1.81788
-3.49123
97.1122
-0.601349
0.283674
0.953626
-0.0483698
2.69767
1.09573
-1.02787
-0.202911
3.96966
-0.421631
1.50933
0.61353
-0.0362418
0.131284
0.642122
0.77905
0.0515755
-0.728041
-1.21883
-1.9441
-10.999
-1.55109
0.111397
0.34214
0.503989
-0.0491757
-3.6752
0.246132
0.0180892
0.83432
0.00995129
0.296657
1.71799
3.29669
0.506964
2.32824
0.97845
1.37642
-0.574456
-4.19991
0.0789959
6.57108
2.47913
1.66877
-1.67196
0.873835
0.10703
0.365072
0.530229
0.697401
0.221356
14.3398
1.0426
0.689258
2.99947
0.261737
-1.71017
-0.702723
-0.0977438
2.98486
-2.41863
-0.085885
17.7558
-0.414756
-0.606148
5.17634
-5.35848
1.35256
2.35793
0.772881
6.9854
-0.890612
-4.97043
-0.87207
0.578152
-1.08279
0.822722
-0.735841
-0.426078
0.493954
0.322559
0.713934
-0.614631
-0.763967
2.37708
-5.44995
-0.372586
-1.6908
0.847913
4.15939
-0.357926
-0.255889
-2.77711
-1.01249
0.451814
2.75522
0.564153
-0.389129
-0.418445
0.381154
-0.0285975
3.76052
0.378026
-3.47728
-0.750506
-0.121811
0.342815
-1.12802
-0.386862
-0.332637
0.973864
5.6734
0.314526
-1.4306
-0.186561
-5.10181
-0.0444339
0.105431
-0.0237877
0.865354
0.685053
-0.25945
0.100811
10.7502
5.94845
-0.205393
4.79884
-0.141604
0.304697
7.00088
-0.564763
-0.312148
-0.758002
0.76823
13.7462
-0.202066
2.44932
0.458488
0.153616
0.764055
4.41616
-1.6711
-13.0096
-1.7722
1.61074
-0.351375
-0.420452
-2.53448
-1.2488
-2.44705
-0.371506
-0.112509
-0.365844
1.0682
0.678904
0.829021
1.21321
-1.87577
4.16069
0.686759
-0.914503
-0.175547
-6.51343
-0.0409943
0.428941
-0.256216
0.0653055
-6.22307
0.738596
0.334138
-1.72188
2.31928
1.78135
-3.8018
1.63875
4.21522
-0.396939
0.418182
-2.33417
-6.7546
-1.34769
-0.0847746
-0.212542
-0.982663
0.145737
-1.85274
1.56203
-1.90123
-6.18547
-1.83688
-2.38966
0.402136
9.99859
-18.5011
-0.65358
-0.236941
0.253014
1.21603
-1.89005
2.10977
1.03831
0.249667
3.11262
-1.70005
0.4071
-2.31885
0.483714
-0.530577
-5.85791
4.47499
-1.99003
-31.1793
0.0242208
-0.300184
-2.03688
-0.923252
1.2602
3.77287
-2.03924
0.951894
1.0839
-2.59574
-2.23812
-0.443972
-1.79476
1.41533
-0.681086
-0.124518
3.70914
-0.326638
1.1329
0.547711
-0.10496
5.71996
-0.0594208
-0.137486
-0.718726
12.2137
0.592289
0.450853
1.73564
-0.36446
-160.825
0.206774
2.40234
-2.57395
0.281077
-0.191669
-2.7785
1.71217
-0.502454
-0.609059
-0.37317
-0.629607
3.57587
-0.239076
0.887302
1.09186
0.162399
-0.266462
5.85725
-0.320854
0.927428
-2.14238
0.244161
-14.5523
-11.805
-0.49998
15.3439
6.28274
1.51213
1.46134
-1.55284
-0.949069
3.41003
-0.270349
2.94793
-444.202
-1.1874
1.54141
-0.361934
-3.6698
1.72217
-1.25612
-0.351924
1.13296
1.28999
0.112588
0.064342
1.52045
-1.25439
-4.11785
-1.13061
-1.26494
-0.473311
-1.14135
0.0355881
2.09688
0.775214
1.59421
0.256216
18.7839
3.49132
-0.12377
-4.56238
2.15598
-4.09633
-2.09813
0.162936
-2.15704
-1.31149
0.558436
2.36727
0.664333
-18.48
31.0113
-0.259493
0.5531
-2.20569
-2.3293
-2.56049
-1.04924
0.994564
684.563
-1.43342
-0.00931108
-0.993868
1.34078
-0.908713
-5.7321
28.9579
8.11181
0.742312
-0.304194
-2.22303
0.445068
1.05444
-0.950814
2.05095
2.46081
-2.30449
-0.21289
-2.39028
-0.117433
0.691814
-0.224465
1.11269
-11.1273
-4.2695
-0.830599
0.978745
-0.452255
3.10127
-0.39572
1.65857
1.60949
0.373067
-1.11341
0.651809
0.584669
1.26035
0.345186
-0.270278
124.571
0.385668
0.588582
0.313001
1.15862
-0.472858
0.653545
0.856584
7.94389
0.119749
-0.359583
-1.60284
0.967761
-0.379227
-0.443438
1.81867
0.866161
-0.465232
-0.799847
4.03614
1.01958
-0.588305
0.201586
0.343746
-88.1887
40.607
6.03225
2.18147
413.384
2.43552
1.09633
-28.3245
-0.00565337
-0.391741
6.84495
-1.99244
1.1506
-2.36064
1.14573
-3.47857
0.113881
20.2866
0.139423
1.39564
0.873428
-0.281126
1.53576
-0.232272
-0.178416
1.04538
-0.330994
-1.0881
-0.457258
0.0608933
-0.482448
-0.67872
-9.81006
1.49102
-3.25432
-1.88899
9.01432
0.294767
4.79257
-1.28918
1.29361
-2.95277
0.634219
-0.424315
-3.36041
0.0930486
0.108177
2.91843
-2.40655
-5.63686
0.124537
1.03991
1.58193
0.741803
2.6426
1.06089
-1.98829
3.03349
-0.0562269
-305.893
0.393276
-7.68534
-5.63136
-2.0632
-2.87883
0.607497
0.262768
-0.951913
1.37167
-1.83185
0.259884
-0.40068
0.301647
-0.577385
3.69437
1.1629
14.4244
-4.95594
-2.26203
-4.07127
-1.94878
-1.69336
2.05754
0.439361
5.34595
-1.52019
0.0651213
1.22595
1.24512
3.94017
-11.8013
-0.220733
0.624639
-34.862
-0.125892
0.0262312
-0.924873
-0.646215
-0.174025
-0.6351
-1.74172
-0.340164
-1.71478
3.13308
2.10726
0.253217
0.65388
-1.76598
1.04193
1.77718
-0.296863
1.51196
-0.23323
-0.286476
-1.53167
1.58224
0.669109
-0.546455
-3.65597
3.23224
-0.537873
-0.259823
-10.6582
-7.05682e-05
-0.33746
-0.301589
3.98294
0.168439
10.7317
0.0792878
0.614401
-289.955
2.15599
0.450187
-2.55471
1.79495
1.65682
9.86739
-1.72249
-1.06814
-1.20908
3.20606
-1.4267
0.371987
0.356818
1.02035
-0.164884
4.13937
-0.572987
1.07339
-0.162292
1.52117
0.484483
-6.86524
-0.85823
-0.0183154
2.65412
0.627946
0.57667
-8.08643
-1.47961
3.38837
-1.48101
-0.0600524
2.16189
-1.77771
1.35809
-1.96282
-0.784224
-9.63424
1.47261
-0.475327
-3.2069
-0.478468
-0.326523
-1.29624
0.338339
0.549085
-0.0707769
0.362805
0.580076
0.786054
0.371266
-0.43514
1.71184
0.950173
-40.7386
-0.946241
0.489921
0.248226
-0.364406
0.0830133
2.57607
0.248663
6.31845
-0.286486
0.715299
-1.75343
0.0609715
-0.0042642
-5.33278
0.447889
-0.625301
0.0372007
0.3428
-1.52022
2.14909
-0.799728
5.35536
-4.37184
-0.597741
3.53838
0.53374
0.752803
2.00329
0.155437
0.264891
0.31316
-17.5163
-2.09091
-0.772087
-0.873978
-2.54555
2.52375
56.9999
0.689538
-1.07206
1.51693
-1.70089
-1.65838
0.242452
0.373556
0.582136
-26.2486
0.251024
-0.0425349
-3.06487
2.37073
15.1579
-18.8703
-2.86992
1.16271
-0.991046
12.2157
8.07439
-3.86076
-0.388218
-0.0358839
-18.1133
-0.52697
-2.84504
0.444926
2.16504
0.756264
-0.446593
-3.16832
2.79904
3.00776
-4.41155
4.31822
-0.332901
-11.9739
-0.764008
-1.12468
-0.98611
13.2066
-0.265818
-1.1403
1.35476
1.1909
-2.64016
-0.215525
1.74929
-1.98509
-0.686623
-1.04076
-0.851463
0.299229
0.149924
0.237261
-0.579158
-0.00663327
9.35762
0.712682
0.82766
-1.15591
0.10038
-0.140287
-0.972398
0.482167
1.08037
32.9655
-1.28378
-0.54392
-2.94005
0.332061
0.576881
-1.19508
-0.554129
-0.319172
0.28397
-0.998104
1.15793
0.31238
-0.45984
-0.690838
0.467316
-2.81515
0.0224988
-45.1969
0.121986
0.369415
-2.1859
-3.17983
-0.181657
1.39721
-11.7742
-0.131945
0.320643
15.2088
-0.168168
-0.39756
0.4895
15.9308
2.19537
-0.0557884
0.538292
0.225148
1.38234
1.2553
-3.08884
-2.25829
5.1322
0.060716
0.148405
0.365836
0.498699
0.361161
-0.416833
14.3154
1.29632
0.752423
0.425462
-4.43999
-0.0055338
-2.64676
-1.24278
0.49441
1.53335
-0.191867
-3.31344
-1.15599
-0.596242
0.49409
4.45478
-0.772201
-3.07388
-6.82269
4.5024
-1.1764
-2.78641
0.431548
-1.31668
9.08141
2.47849
-0.584714
1.87766
-0.181713
0.123055
0.200932
-1.39042
1.45628
-0.547085
-0.749052
4.48692
-0.384127
0.772313
-0.0656866
2.12529
0.238441
0.487556
-14.5979
-0.633765
-0.318202
0.130742
-9.29995
0.818328
-0.478431
0.133393
2.02461
-0.376585
-2.68425
-0.490898
-0.478487
-0.675954
173.145
-4.67816
-0.504582
-0.379621
0.188816
3.93593
-3.0201
0.193685
-3.94499
-2.18377
-1.1247
0.66292
-0.570119
1.02651
0.888705
-0.656648
0.709812
1.72519
0.0576284
2.34016
1.1955
-1.0057
-8.5743
-1.77937
-1.13955
-0.244203
-0.168315
-2.20198
-7.74839
0.172939
-4.49983
-0.0106305
-1.16786
7.57362
-0.651549
-0.0987737
-0.325735
1.42808
-0.957058
0.109573
-1.31727
-0.16489
-0.187677
-4.35273
0.0277814
-0.0250964
-0.633598
0.994996
0.703039
-0.769249
0.384275
-0.295623
-0.155043
-0.535786
1.22108
1.17313
-3.93243
0.527913
-3.27001
-2.09244
-0.25185
-1.99762
-0.54357
-0.0859267
-4.64382
-8.34358
6.63545
-13.7376
0.528783
-0.34232
-1.35467
-0.613471
-0.288531
-1.45879
8.00358
0.0863276
1.43765
0.158747
0.0846758
1.61621
-0.580401
4.52858
0.147438
0.815636
-0.307373
-2.85645
0.482247
2.59931
0.593703
-1.18785
-0.69153
-0.227021
-1.25941
-0.444938
-0.529809
0.545966
-3.0534
-1.86493
0.494398
-0.266038
-0.423278
-3.07881
0.660171
-0.243563
-15.7562
-2.39649
0.24838
0.371132
-7.95159
4.32042
-14.3962
-0.492542
0.517553
0.552619
0.0166381
-7.95488
3.23212
-0.549988
0.950319
-1.09345
1.06306
4.60632
2.12332
-0.602774
-0.258674
1.59599
-3.25792
-1.65021
16.3207
5.62783
2.39482
-5.84784
2.58448
0.0661007
1.85146
-0.265779
-1.14175
2.62324
-0.0567259
-0.371884
0.293748
-0.677783
-5.4913
-0.423247
2.37007
11.3425
-0.540044
0.598205
-1.3546
5.66867
-0.61515
1.05394
-0.162114
-0.0767997
-0.639228
0.92622
-1.87416
-0.742853
1.71576
0.806002
0.192131
-0.677419
-0.356834
0.903699
0.128781
-0.358444
-0.352605
-0.204638
-0.757969
1.79579
4.12697
-0.705137
-2.0562
-3.1784
-0.783359
0.269625
18.983
-2.86166
0.00328712
1.8557
0.227328
12.1229
-12.3499
-0.147198
-0.0565438
1.90528
-3.79671
-0.258941
-0.741598
1.02782
0.120932
-0.499989
-1.31948
-9.17641
-1.63174
1.31838
-0.749291
-0.0786289
-1.22076
-0.955956
-1.59823
1.40496
2.57404
0.496095
-0.041229
-2.20785
-1.12059
-1.16906
-12.0741
1.51656
-1.22688
2.20218
0.519463
-2.12569
-20.9348
-0.150762
-0.039323
-3.85772
3.99359
-0.723793
0.650864
0.174926
0.269995
-1.41506
-0.695629
-0.203353
-2.27165
-20.8858
-4.3837
-0.191864
-0.58723
-5.57619
0.483457
0.237299
0.902439
-0.11172
-0.387447
-1.68645
-0.494346
-0.629122
-3.75368
0.683152
15.3059
0.166286
-2.34023
1.22955
-12.4348
-1.25723
-1.75449
-0.538958
-7.86166
1.51938
3.36817
2.62074
0.0264159
23.2366
13.0247
-2.20166
0.177231
-0.665759
14.1274
0.60028
-1.2875
1.4135
1.23131
-0.714974
5.32041
-5.89509
0.034606
-121.281
1.30845
-0.558183
6.16835
-2.85113
-1.0761
4.09684
0.788973
-0.728443
-0.915614
2.3536
-0.263654
-0.554833
0.42563
-0.951474
0.568842
-0.359748
4.73548
0.222486
7.12665
3.05973
-0.5177
-1.4755
-0.584748
-4.58049
0.112008
-0.669239
-149.194
0.748901
0.927224
5.91148
-0.0518172
-0.478248
0.784427
-1.09409
0.02522
0.846858
-0.373239
-1.74592
-0.12401
-8.43201
-1.31733
0.895329
-0.215906
-4.29215
4.78824
-1.67873
0.602716
-8.62302
0.362899
-0.857908
0.781612
0.224792
53.5269
9.91791
0.0232943
1.20644
-0.746907
4.55615
-0.175786
-2.79052
1.68925
-0.209251
4.07437
-0.100487
-0.770976
3.91047
1.37978
0.277443
19.6535
2.49344
-0.314201
0.48741
-0.85126
3.70026
0.721479
4.8265
1.86182
0.967549
-1.69209
-1.78695
0.318621
-1.5082
0.828882
-3.63856
-0.7318
1.34575
0.330377
3.86062
-0.811677
2.83372
2.17254
-0.548331
-3.1773
0.344391
0.396539
-0.463717
-0.53662
-3.34453
1.25171
1.50595
-1.00215
0.303567
-0.0118783
2.56597
-0.330909
-1.92472
18.2478
-2.3811
7.29052
-1.00986
12.9781
1.01558
0.237109
-0.618203
8.04782
0.250432
2.49645
-0.233346
3.91609
-1.1237
9.96763
-0.731243
4.74051
-0.214407
-0.683774
3.59194
1.01832
2.26
0.222774
-0.0129243
1.38715
2.25415
1.44175
0.198255
2.92384
3.05143
-0.15464
0.837065
-1.09453
-0.250941
-1.48596
-0.0565368
-2.44151
4.01129
-0.821645
0.766442
0.293612
0.216908
-0.28534
1.10757
-0.787748
0.829647
1.07106
1.13779
-14.3785
-1.47953
1.89522
-0.912675
-1.53465
-0.607488
-0.172527
0.202345
0.817213
-0.294944
0.668356
1.56095
0.145077
10.2347
0.271348
0.13751
-0.134411
-0.91376
2.18558
-0.989858
-4.62538
0.362408
-2.97346
-0.567221
1.66202
-1.09906
0.49082
-1.36428
-1.66889
-1.059
0.513413
0.867659
-0.377583
0.219472
-0.241998
0.432148
1.6043
-19.0119
0.930601
-0.11767
1.27763
0.95385
0.303509
0.056005
-3.12395
0.641987
-0.222686
-0.273368
-0.00388885
-1.3677
-0.615857
2.28106
-0.145311
-0.0467893
1.18503
-6.8231
-18.5774
1.21197
-1.77076
0.718638
0.45086
-6.44249
-1.11207
-0.585669
1.64275
3.58619
1.81483
-1.55578
-5.20355
-0.777384
0.5531
0.120412
-1.45303
1.87604
-0.261219
0.143781
-2.11283
0.334634
-1.4253
-0.329253
1.48576
0.509448
-6.51552
0.597356
-0.104605
-5.5299
-1.11173
-0.772325
3.1871
2.38497
3.44531
0.608964
-3.08445
-0.657693
-2.65576
-4.49971
1.29744
-32.2751
0.74997
6.70289
-0.853504
-0.275977
0.523426
-1.90525
-0.860971
12.9303
-13.6891
-0.319278
1.00163
-0.357878
0.436409
-0.483812
-2.06228
-49.3559
-0.87744
0.231841
0.956191
-38.9192
0.237769
1.34651
-3.45692
-1.52549
-0.0974763
0.47744
5.2492
0.30786
0.75393
32.5296
3.54076
25.0606
-1.32739
-17.8575
-0.305197
-2.20737
1.41249
4.70103
-0.0560197
2.64712
-0.870057
-0.478507
-0.432911
-0.415843
2.9583
0.446863
-1.56875
-3.75033
-2.65669
0.420221
2.07136
0.87608
-1.55279
-2.24063
0.717509
-105.34
-2.90259
0.4317
2.72764
-0.896454
-0.351923
0.271455
86.3977
-6.12775
2.11896
-1.37486
0.318373
5.3645
2.94089
-0.33216
157.376
0.307033
-0.605008
2.72818
-257.297
0.306909
-0.768518
2.80223
-2.31568
2.68163
-1.1261
0.410144
-0.408358
-4.73303
7.8423
-1.63099
-1.19514
5.40794
0.198577
-0.418756
-0.910468
4.17189
-3.33454
-0.644906
-0.137991
-5.80099
-0.800244
-0.719711
3.92282
-7.36922
-3.37704
-73.5107
-5.18613
1.15283
-1.40515
-0.42416
0.820763
-0.714351
2.60894
-3.69455
-0.986183
0.885754
5.83675
0.75559
-0.0342189
-0.812013
0.752468
-0.125961
0.235975
0.873472
0.37718
-0.811258
-10.8211
0.900826
-1.4143
1.4691
-1.44995
3.06672
13.1545
2.02424
-1.96882
-4.95523
-1.00232
0.255601
31.0451
0.680681
0.153989
-4.22136
0.0162949
3.97805
-30.0712
0.304976
-0.553313
0.660102
3.60068
-56.7319
-1.40859
-1.14723
0.397309
-0.148576
-0.586482
-3.82277
-0.382524
-1.58501
0.503175
0.974264
2.59818
0.559477
3.59609
1.24692
-3.66968
-0.334496
0.419402
-0.193736
2.33048
-1.88106
3.13152
1.12341
1.14865
-0.354193
-0.303435
-0.0929958
0.591698
0.0114736
-2.24661
-0.465362
-0.824123
-0.681017
-3.77108
0.823085
6.12644
0.734053
-1.63996
0.598925
-0.304015
1.45937
1.2668
-1.55039
1.71818
4.89255
3.44825
-0.836061
-1.24573
-0.838978
-1.54006
0.0988627
0.642939
-1.37225
-2.50028
0.759988
-0.703095
-0.387365
-52.2694
-0.172109
1.28382
-14.158
0.708427
-11.1027
-0.492753
0.97314
0.506121
-2.25534
0.992357
2.8699
0.0670636
-1.66586
-0.115624
-2.3154
1.5763
0.582061
-0.70068
-0.85948
-0.908926
-1.11087
-1.20044
11.4
-2.11308
-0.160975
1.92639
-0.996397
-0.780822
-1.37522
-1.24078
0.191337
-1.18443
-1.73828
-0.397792
-5.04384
0.828631
-4.12482
1.22689
-0.0267937
-1.17983
-1.29633
1.38783
1.4794
-0.478001
-0.35821
-1.71675
-0.430196
-1.81429
-0.217823
0.391568
0.624584
0.0515484
0.116411
-26.385
4.72217
-0.417211
0.266184
1.56899
5.14798
-1.76121
-1.0621
-7.19499
9.62502
-0.236238
0.249566
0.22883
7.75551
1.26087
1.38351
-1.07925
0.0278572
-0.201824
-4.80367
0.490951
-1.52082
-0.919577
-0.0287955
-0.694554
2.19043
-0.281249
-0.0978657
65.9144
4.25084
1.07096
0.706518
-0.433796
8.36471
-0.151375
1.93661
1.51575
-0.246327
-2.46447
-59.5319
2.96892
0.0552629
2.31475
0.0636855
0.114202
-0.532071
0.216138
0.126412
0.371785
-0.725629
-0.892425
-0.254013
1.00455
-0.165907
0.430165
-0.733044
5.60373
0.513235
-0.533128
0.553707
1.37649
0.504549
-1.3248
-0.954203
1.13112
-3.1404
1.86961
0.482155
4.35048
-1.27726
-0.514286
-0.582549
1.42922
0.385416
-0.146417
-0.148139
-0.800425
-1.76794
13.3926
-2.26981
0.836319
0.673209
0.57905
-9.5409
1.5983
-0.394706
-4.02607
0.695075
-0.831793
2.20506
0.614944
2.0997
-1.82238
-7.77087
-1.76369
-4.6505
-1.27687
-8.09887
-1.41015
0.0383297
2.52434
-0.369387
0.856569
1.18883
-0.545794
-5.92223
1.33489
0.48909
-0.483635
1.90888
-0.95121
0.818306
0.019448
0.402182
0.933984
-0.528162
-1.09877
0.56852
-4.48815
-3.60647
-0.899053
2.51193
0.699453
4.16258
8.58468
-1.11001
-0.011897
-0.461182
-5.43016
-3.88714
0.657424
0.082481
-0.35493
-1.11551
-0.266213
-0.918835
-0.058023
-1.80676
0.436964
1.57945
-0.386004
0.394915
-10.2713
2.4981
1.04497
241.676
0.0159636
-0.538517
0.347733
-0.598545
0.800884
19.5848
32.7949
-1.06078
0.663733
0.942293
-1.03132
-0.6883
-0.0131728
0.725292
2.52823
0.249179
-0.22083
-0.437052
-1.40203
-1.00894
-1.97287
-0.680224
0.968966
-0.935234
0.101504
-0.870231
0.12675
12.8994
-0.883693
-2.93012
-0.564587
0.0651962
-1.13505
0.406762
-0.0100167
-3.36634
1.13722
0.465638
1.33065
-0.459351
-1.47411
-1.71805
6.88762
8.01957
-1.19034
0.837528
-0.673165
4.98183
29.6689
-2.18325
0.674611
0.243559
-1.54846
1.98358
0.237985
-0.430637
5.48794
-0.223992
2.60112
-0.817132
-1.10128
0.346085
3.49992
0.207388
-0.625916
0.612149
-1.03238
0.366918
1.80968
1.24528
-1.58288
-68.0319
-4.7553
14.1781
-3.03023
1.50283
-0.837059
1.05264
3.41873
-2.47619
3.47195
1.95226
-1.45322
1.50844
18.0716
0.476802
18.9125
-1.45596
0.118878
2.86376
0.191245
0.147573
-0.520282
-0.139263
-1.42883
-3.77298
1.40146
-0.434914
4.96404
0.410014
1.08462
-0.132002
-0.176158
0.046117
-0.341678
0.918086
-0.755638
-0.410255
-10.4449
-0.933097
-12.5999
0.685267
-0.434454
0.592269
2.40359
-1.10197
0.272438
-1.0456
-0.132965
-0.447246
3.15343
4.05028
3.53308
-0.610446
-32.857
-4.45203
0.6854
0.0560086
-0.524213
0.555582
0.018066
18.6411
-1.30334
3.31903
-3.09258
2.00416
-1.48215
0.527029
0.507586
0.535831
-0.830671
-3.92621
0.637242
-0.49809
2.19898
1.80648
-0.77163
-0.319209
0.531202
0.330867
-2.55955
-30.5124
0.0941507
-0.337625
-0.14212
1.22438
-0.431354
-13.308
7.51093
1.02936
2.77521
0.00587516
9.60298
0.337687
-0.153658
0.263948
-11.9164
-0.383894
4.1239
-0.344811
-3.26227
-0.268462
-0.427423
0.214746
-0.148036
-6.58877
25.3284
-0.658062
0.175365
-1.56424
-1.01953
-1.28658
-2.18147
0.0627839
-2.09552
-1.20773
0.960702
2.88043
-9.06224
-1.35999
-0.456105
-3.76645
1.51377
8.22984
1.23448
-0.738483
-0.488
-1.21241
-0.314499
-0.179811
3.02029
1.84051
-6.83003
-3.96038
1.04762
0.0908006
-0.434832
0.169716
-0.896296
-2.32886
-1.94976
-1.89831
-1.00976
2.02958
-0.282805
0.503905
-0.607944
-1.3179
-2.54201
1.44957
0.839607
-0.787507
-0.45456
-1.48178
0.698107
0.207875
-0.4522
0.0293399
0.140162
-86.0185
-0.39264
0.645693
-0.317018
1.75493
-0.0792574
-0.818766
85.5563
204.044
1.42307
0.363681
-3.99955
-0.151879
-0.433539
-0.227339
0.103198
5.82524
0.0195739
2.14208
-0.00518625
-0.290765
-0.548742
-0.528346
2.2281
0.279855
-0.830194
-1.65707
0.394644
1.78496
0.731985
6.56701
1.14673
1.57565
0.0802297
-1.60325
0.813499
2.11278
-0.504716
-3.78632
-1.33802
2.09121
-0.347127
0.248394
0.397772
-0.443507
-0.370507
1.91399
1.3536
-0.179375
1.73355
7.64341
-1.5682
4.07224
-3.27505
0.520764
-1.82222
-1.50786
0.26516
0.268072
-3.51696
-5.39706
-2.39073
-2.13969
-0.0456898
0.296511
-30.6717
-0.634757
4.41838
0.709618
-0.0751391
1.44788
6.22017
-0.779592
5.54803
0.325738
12.7502
-0.476072
9.54453
0.298411
-3.00372
-0.482484
-2.73237
15.1178
0.334951
-2.16902
-0.342546
-87.5977
-6.03375
-0.15718
0.698828
-0.0590617
-0.109882
-1.1269
-1.24223
1.55201
0.280283
0.744063
0.227248
-0.0716792
0.202086
-7.74436
0.689844
0.174706
0.291263
-5.06356
-0.470285
-0.656599
-1.18881
0.0274405
1.38873
-1.39714
-3.0439
1.79908
-4.54427
-0.438082
0.406067
-0.127684
2.11952
0.978944
-1.55779
1.98485
-0.795822
0.0736863
-19.0158
-0.939384
1.56219
-0.739841
-0.373438
0.0336884
-1.23661
-0.23352
-7.47484
-4.26442
-0.0654636
-0.54897
-5.03395
0.547056
0.259312
-4.61552
0.458762
-0.301285
-0.051894
5.99711
10.3081
2.13524
-0.294707
-0.227027
9.74037
-0.0207891
2.34449
-0.31118
1.06128
-2.15536
-3.38113
-4.36516
0.0374141
-0.551027
-1.20946
0.626264
1.01212
4.74128
0.713505
0.20776
7.92238
93.0672
4.58255
2.88852
-2.84402
-1.08499
0.0376661
0.549382
5.98267
1.12411
-2.75042
0.636897
-11.7807
-0.0682338
-9.58578
-8.6977
1.32661
0.636698
0.410308
3.75903
3.0259
1.80379
-1.17535
-0.615969
-0.341225
0.175152
-0.202833
15.1784
-0.135958
-2.11665
0.901819
2.71167
-1.5794
0.101043
-2.53563
-2.84416
6.27249
-0.254654
14.4847
0.380829
0.596934
1.10938
0.0766523
40.9284
-5.51165
0.629945
0.0724153
0.452681
0.234693
-0.317723
-6.80994
-7.58279
2.66083
-3.08135
-60.7632
-0.0910329
0.0951215
0.691928
0.494938
-1.78887
0.824589
-0.670525
380.306
0.963597
0.999622
-0.406211
1.71761
-2.37379
-0.272127
5.01809
0.618607
13.2607
0.0565182
-4.37423
-1.60738
1.73016
-0.639594
1.54011
2.46784
0.0132843
-0.784627
0.13292
0.380738
2.76384
-0.32142
2.15785
-0.746795
2.36119
0.0362327
-0.930105
1.00884
-5.52584
5.12996
-0.0114507
2.19694
-0.441192
0.479363
0.409944
0.744921
-3.29825
0.00300505
-3.67631
-2.11816
0.36682
2.14537
0.343855
0.468082
0.0236484
-0.96079
0.446828
0.0298679
-0.74452
7.76014
0.0338978
-6.54098
0.39806
0.641657
-0.431311
-0.545016
-0.932369
0.157941
0.866085
-4.41418
-1.55458
0.42029
0.149644
2.91408
-1.62315
-0.687426
-2.1659
0.844242
0.116131
-0.384678
-9.48995
0.780991
-4.86282
-0.80957
-81.6458
0.900305
-4.5207
3.17756
2.25525
0.00202988
1.99967
-0.0453928
0.881016
2.41527
-0.811962
0.433556
-13.7093
-2.53881
9.84182
4.17007
7.02073
-1.69886
-0.107603
0.109513
-1.97905
-2.7066
1.88902
-5.47561
3.02627
-2.40645
-0.287506
2.44316
10.4214
0.0476418
3.32942
-1.47316
1.29809
-0.71387
-2.58969
16.3579
-0.185862
-2.70338
-0.785045
1.45613
0.250277
3.09519
1.38036
2.31719
0.168657
-1.37888
-1.69082
-29.7475
2.20828
1.5403
2.24487
13.1991
4.2668
-33.3764
-1.81161
-0.966913
-0.721825
0.576127
1.24001
-0.570936
-4.56455
-0.151143
0.434418
-0.0225215
-0.912781
0.373999
27.4526
0.700375
-1.01365
0.184412
-0.493399
-0.345405
1.35555
0.137832
-2.78273
0.973077
0.15041
-2.84664
-1.7556
2.2787
-0.744499
-3.81595
2.73962
-0.540757
0.486256
-0.627419
0.460989
-0.542869
-0.264296
-0.823157
-1.65181
-1765.9
-0.686093
-1.48119
-6.04353
-0.44589
-3.38316
-0.35621
-0.51229
-1.18326
0.0258912
-11.9781
-4.50577
-8.43848
-0.46109
-5.11309
-0.172871
-0.907144
-0.715074
-1.39333
0.567503
-0.28112
-3.5786
0.181053
289.668
1.54484
-0.047168
0.194329
3.73057
0.588629
-1.19685
-2.47968
0.0930326
1.32125
-2.59033
-1.79823
-1.00379
-4.363
0.381291
-0.0540898
-1.50556
3.23428
0.862085
11.1738
0.430938
22.8397
1.43269
0.535485
1.15853
63.2291
-22.7162
-8.37664
-2.64499
-2.01302
-0.481417
0.823146
5.38421
-0.806501
-0.247463
-0.701391
4.69622
-1.77651
1.13235
22.0327
2.30517
0.175453
2.06527
0.274745
-22.0065
1.9866
2.44885
-1.78436
-1.41708
-2.64854
-1.17429
0.522771
0.275885
-0.382351
-28.1539
-0.108404
-0.423845
2.80331
-0.701643
-0.76213
-7.76197
-0.1045
-27.2966
-0.259786
6.36065
-0.226993
0.610351
-1.03767
2.11303
1.37125
-0.51313
-2.64918
0.18519
0.858919
-2.09836
-0.0840642
1.74767
2.97643
-0.567262
-5.09281
0.214066
1.91282
-0.908711
5.19889
-0.725985
-8.87147
-0.123001
-0.213911
0.208746
-3.75001
-3.50153
-2.39919
-0.295605
0.123256
-0.169971
0.0205975
2.12945
-7.91798
-1.05698
20.9756
1.57036
3.25833
0.262782
-0.359097
-1.08671
-0.0723206
116.75
0.555219
-0.343761
-0.388457
-0.637679
0.90931
-1.65322
14.9508
1.06774
-0.453264
0.603708
-0.021929
6.20851
-4.85716
0.318185
0.323935
1.09527
-3.04499
-17.5161
0.968055
-0.0936323
0.282579
-2.59971
0.00184671
0.110071
0.377926
-0.395123
-0.83486
-0.0244844
3.08796
-0.318425
-0.804167
1.95184
1.84498
0.336806
0.229385
-1.7216
2.10589
-1.95133
-1.04234
0.209268
-0.170832
-2.07454
-0.133935
1.01931
-4.66261
0.571522
-7.77416
1.0405
0.312954
3.67984
0.715861
-0.203857
3.63687
0.656293
-0.065676
-3.42641
-13.769
1.49385
-2.33744
0.109271
2.96525
0.439804
6.00342
-0.502301
0.343562
-2.06517
107.48
-3.18995
-4.91911
2.62909
2.72819
-0.469484
-0.939558
8.47462
0.0247921
-0.899948
2.27765
-3.52724
-1.43936
-0.393267
0.849835
1.67738
1.69153
0.26457
-0.296064
2.02984
1.50617
-0.456341
13.662
-2.37657
1.77121
0.263801
-2.30785
-0.120778
-5.85507
-6.16668
-0.0346091
0.140574
0.737986
1.14917
-0.333729
-0.372542
-9.60033
-2.67855
-0.872463
0.969499
-2.05288
-3.24234
-15.8782
0.457412
0.307028
-5.82419
1.05104
0.427739
0.157352
0.281582
1.51744
5.81253
0.292942
0.383034
7.7735
2.64893
0.1109
2.43334
0.232886
3.29849
2.76509
2.64876
-9.2889
1.20207
0.20032
0.294588
-0.249959
-4.03359
0.843608
-2.16416
-0.231902
-0.796538
-1.8832
0.357984
-0.0450007
-80.5509
-7.80569
1.75462
-4.51411
1.48123
9.83222
-0.580756
36.9079
3.60518
-0.247766
2.66296
1.0889
1.21925
0.0381295
4.92328
0.0592893
0.44106
1.32394
0.0574426
1.9745
-0.381072
0.600048
0.62894
5.63843
8.35842
0.617977
0.851829
0.00567383
0.53986
-0.706559
8.41084
1.4613
-0.235784
-8.70989
-0.712837
0.229808
-73.4138
-1.41252
2.47106
-0.585834
1.9482
3.71069
-7.87134
1.87239
311.344
-0.224383
-0.211286
-4.40299
1.19488
8.15979
0.0426753
0.680426
-2.98139
1.36705
0.296438
-0.405754
-1.31356
0.862093
-0.429766
0.741931
0.248794
-0.570853
0.210263
-1.74081
-0.150119
-1.40249
1.14474
0.598615
-0.000553877
-1.24517
0.496816
-0.657822
-0.40347
-0.553844
4.03769
-0.237738
-0.547345
-0.442252
-14.4974
-33.738
-0.24477
0.655136
-0.552226
0.0795852
-5.89898
3.75503
0.917671
0.924362
-2.65656
8.44646
0.282164
0.119231
-6.29594
-0.728206
-10.8264
-0.726239
2.16903
0.291446
1.8185
0.866731
1.42088
-0.664667
1.63757
-1.4027
8.36057
-0.0601826
0.248136
-0.420886
-2.28788
0.652094
-2.29875
-7.52442
0.754117
-6.38539
-1.26621
0.466215
-0.265452
1.39997
-0.0158581
-0.874742
-0.0142476
0.194774
-0.74425
4.52874
-0.823065
-1.32264
0.181638
-0.551339
0.897632
-12.9736
-0.83362
-19.0726
-1.20935
-3.32017
10.0233
1.66982
-3.23841
0.776244
0.204479
1.51581
2.91385
0.723788
0.828294
-0.192322
0.273828
-4.56793
1.19797
0.825107
0.529618
0.738665
-4.85738
0.810078
-0.188048
-0.647209
1.48162
0.345359
2.21895
20.6978
1.4718
-0.00480115
0.518528
-0.805333
-0.989247
-1.27263
-0.191453
-5.96886
1.55216
0.342224
-0.327791
-1.16836
-0.47675
0.0766647
1.41997
-1.38968
104.458
-6.1064
-0.939846
-0.911854
0.41276
9.27073
-1.05221
-4.18246
-50.1671
-1.39777
-0.0255939
2.24563
-0.306022
0.836138
-0.994426
1.18371
-1.17347
0.546839
-3.67954
-0.684863
2.39026
-0.460903
-1.61189
0.905071
-0.574367
0.179032
0.385311
0.00784113
1.773
-4.7349
3.32576
1.02113
-3.47187
0.762458
-1.14913
0.712596
0.442062
-1.40266
4.45268
-0.336611
0.0162633
0.999902
-1.30587
0.351932
-0.102626
1.11461
-0.087026
0.135058
1.33967
1.81395
2.52322
-0.644029
-2.89651
-0.377594
1.45592
-0.183795
4.8636
0.197241
0.0215677
5.01256
1.93429
0.679144
-2.58128
2.24447
0.655733
105.249
155.078
-0.208458
-1.75593
12.2438
0.0953138
-6.97435
-0.54391
-0.0590027
-2.23535
-0.656461
-1.07693
0.797483
-1.8178
34.1812
-0.637812
0.129273
4.89147
2.54149
19.1704
-5.0378
-6.51372
0.110704
6.36106
0.738193
0.439339
0.64793
2.37675
27.4945
43.5468
4.87522
0.426491
-0.197908
-0.163106
-0.084898
-3.53425
0.854023
-1.18385
-1.01738
0.23251
-0.459137
-1.76219
-0.156543
-2.15681
-0.23076
1.6033
1.63219
-3.2676
16.0671
-65.6162
4.62275
-1.5361
0.155903
0.474221
-0.802829
-0.829656
0.95851
-6.34943
0.648924
1.10685
-0.667641
-0.868166
-8.77095
-0.0589241
-14.3341
1.76824
-3.12767
0.433856
2.56035
-0.370149
-3.11936
4.28042
0.532972
-0.689306
-1.70695
0.628041
-0.573274
-0.319319
-0.653417
-3.43835
-1.33433
0.517361
0.901738
4.26235
-0.372443
-4.00533
-0.696256
-0.88343
1.0098
3.11993
3.09404
0.272896
5.53384
-1.38946
0.0841238
-7.69233
-1.98733
-0.154246
0.705779
-3.96893
-15.1055
6.80235
0.535905
3.29749
9.76335
1.95151
-17.9661
7.62182
-0.517895
-3.00744
-1.4917
0.218619
-3.47467
-0.471039
1.19564
-1.26464
-13.8477
-0.547546
0.192211
1.35599
1.89005
2.94414
0.937789
0.0201177
-15.6559
0.342599
-0.0841802
1.60613
4.79844
4.0491
-223.55
-0.694417
-17.7855
-0.800631
-3.1109
0.331853
5.55382
3.41751
-0.566618
0.99421
-5.81835
-0.0187864
1.71002
-1.65691
-1.23895
1.23097
0.484082
-0.332872
1.88434
0.566198
4.03852
0.211651
-4.18813
0.708313
0.580812
1.67503
-1.11764
1.22634
2.8927
-0.000541194
3.66876
-1.66915
1.41572
-2.05933
-1.36407
0.246405
7.33086
-1.20624
0.290123
-0.309206
-0.53652
-1.78841
-1.93248
2.72444
1.70704
-0.0820181
0.466092
-1.9779
1.26241
-3.08088
0.789877
-0.612353
-0.606875
0.360946
-0.195131
-1.35775
-12.3539
-5.49436
-0.935964
-2.65849
1.63087
-0.688775
-2.50772
-26.9274
-3.51688
0.243457
0.0703896
1.21744
-0.272676
-0.638042
-1.12297
-0.312106
4.36097
3.30277
-1.91868
21.9082
1.54753
14.9304
0.085082
1.48248
-0.785996
-0.1646
-37.9378
-0.145447
-0.0838485
-24.2071
-10.0838
0.889225
-7.56977
-3.93824
18.5889
-0.027062
-1.33341
-0.296022
0.124315
-0.32515
0.405743
1.24884
0.86728
-5.70745
0.659255
1.03845
-3.09331
2.62901
-2.30644
-2.36504
-0.555378
1.38432
0.455038
0.322255
0.706
5.79548
0.115936
0.556971
-1.51492
2.29267
-2.60459
1.76835
-0.619564
-3.07056
-9.5157
-0.251694
-0.205831
-0.0251903
0.262685
-1.27079
8.42987
-0.571869
132.017
-13.6867
0.128214
0.901799
-0.167265
-0.525385
0.17015
2.68457
-0.648557
1.76175
13.2172
2.09247
1.82133
0.266631
-19.3959
-0.323734
2.21558
10.2076
1.72824
4.83711
3.54927
-0.957272
0.238774
0.330371
1.45364
0.315426
0.0974595
-0.53748
0.466448
0.576634
-1.27123
-0.315468
-2.97178
-0.620766
2.01449
1.6043
-0.467192
-1.11849
5.02524
-4.76662
-5.51796
3.89095
1.2892
0.550307
0.00548836
3.20224
0.783859
0.68179
-2.41212
2.1125
-1.05674
-0.173762
1.8645
3.87019
-0.393058
2.57193
-0.937733
0.113337
0.114497
0.510121
0.130054
0.00147314
1.01525
12.464
-5.56686
-7.09242
3.9983
-16.7078
0.511763
9.22764
-4.77176
0.487224
0.675773
0.972438
0.701741
-0.216373
-0.540228
-2.68343
0.0999825
-2.07345
-1.26729
0.606824
-0.0619402
0.0821611
-1.28897
-0.0144925
-0.499143
0.811125
-1.81931
-3.0537
-0.694517
3.17346
-3.01763
-0.213295
0.64324
-6.64028
0.227422
-0.960929
0.23409
-0.986539
1.04663
-0.741669
-0.530009
1.06518
0.271403
-0.550049
1.22318
-2.15833
-1.51558
0.533918
1.52107
-1.47333
0.1121
0.0914935
19.5442
0.211881
-1.41142
-0.1409
4.3102
0.655552
-2.10995
0.686891
-0.834134
1.0161
1.1342
-0.543647
-2.75362
0.932316
1.16589
6.97571
-0.266555
0.993403
-5.05662
0.627667
0.0820366
-1.24728
-2.9046
-1.77512
0.212836
1.13824
0.879907
0.470433
-0.224321
1.45817
-0.231544
0.257158
0.472205
-1.69874
-278.219
-5.97654
-0.662415
0.930198
2.54207
4.74774
-1.21084
-4.86743
-0.198575
-0.359448
3.87964
-0.239364
-0.100439
-2.58787
-4.5906
0.406709
0.636785
-0.0691582
-3.3832
0.40355
-0.930695
-0.108277
-0.0214829
3.62123
0.468093
-4.23906
0.328493
-2.68928
0.0243318
0.381412
-0.343109
-2.36031
0.138788
0.0517487
0.220157
0.621732
-0.0682373
-0.146776
0.921197
0.955687
-4.64167
-2.49475
3.11731
0.102335
1.77185
0.303582
-0.415256
23.6642
-0.61014
3.17655
-0.864559
6.16858
-5.63255
-1.13736
0.702546
0.266399
7.78284
0.196439
0.387406
-3.37673
20.7768
48.226
-0.492387
-0.248113
0.924639
-0.138112
1.46541
0.04346
-12.3237
0.925529
0.135338
-0.595897
-2.09908
0.0195848
-0.800369
11.66
0.314641
1.70328
0.526702
0.279044
-1.04271
0.451666
0.747103
-0.120416
0.103963
0.721085
-19.9102
-0.593797
1.92199
-0.124218
-0.243349
-0.0243984
3.30777
3.27718
-0.306347
-1.01862
-0.575817
-0.0675323
0.169468
0.965389
-0.41156
-3.83863
-0.0663115
-0.418143
4.37418
7.36712
0.493541
-1.1303
0.321612
-0.205322
5.18456
8.71301
-1.23476
-1.60771
0.747284
-4.61263
0.0518269
-0.0208483
-0.786796
0.432335
0.423384
-0.00882919
-3.29109
2.11707
-0.485745
26.1902
-0.565702
-6.23855
-0.560474
-25.8541
-1.39917
0.0392892
-2.9482
0.393693
-0.738529
0.268993
0.234182
-0.725503
-1.44415
-3.18601
2.23001
0.228239
-1.14305
-2.22905
0.473788
3.43367
-1.41585
-5.78287
-6.90678
-0.681775
2.21674
0.127517
-1.75954
1.91135
-1.49994
0.813482
0.294099
-0.956724
-0.100484
0.356503
40.8712
-0.520166
0.413246
0.610179
0.583466
-0.167624
-1.36828
0.925708
-57.106
0.77715
-0.181069
-6.08759
-3.75049
-1.43244
0.98935
1.35175
0.58522
2.11773
-0.972045
-1.14887
0.0195091
-1.31498
-0.26022
0.424435
0.182581
0.600197
30.0459
3.10907
-2.30872
-0.360996
1.33236
-2.59466
-0.567014
2.57964
5.87932
1.07621
1.06288
1.60561
-2.15017
-0.388884
0.589272
0.342353
-0.838742
-0.743944
0.0999071
-2.53477
-1.22302
-4.97667
-0.237843
-1.59993
-0.76196
-0.154975
-0.14158
-0.060005
26.4056
-1.64608
-1.89519
-2.40487
0.448605
-8.52064
1.23814
-0.573492
0.431281
-0.704031
-0.609864
0.271181
-0.409635
1.85447
2.02502
-0.13106
2.16493
-0.756152
-4.29425
0.00333564
-0.390568
-0.218668
-0.101626
4.56703
-2.33076
0.75918
-0.739872
-0.588939
2.40533
0.250286
-2.06394
-2.50713
-0.790793
0.518904
2.7129
1.45419
-2.81926
-1.64744
0.435357
-0.941739
1.05187
0.245135
0.111243
0.546511
-1.07945
-0.818584
6.78468
3.00117
0.931547
0.839688
-1.85797
1.70437
-5.03698
1.25754
5.75751
0.831622
-12.5979
5.58805
-0.808335
603.05
-1.75675
1.28021
0.893438
2.03244
-0.858297
-0.0606796
4.30578
0.69912
-2.11938
0.17708
5.21447
1.81496
-2.99351
-1.63508
-0.255484
-0.213894
-2.94257
-0.332256
0.0847414
13.1779
-0.633177
-0.32644
-0.0372396
0.834506
-0.133152
-0.344953
-3.60643
0.571958
1.34357
0.882193
-0.233091
0.695202
-32.6284
-0.628014
-1.34646
1.19726
12.8372
-7.26565
0.545231
0.0389834
10.5433
0.166888
-8.71657
2.40445
2.82861
-0.448482
-1.8752
-0.178999
-4.40593
-14.873
0.487921
-0.431288
0.60641
-0.600979
-0.904239
0.883978
-2.49719
0.393216
1.3287
-0.184287
13.3396
0.276817
-0.684778
-4.39918
0.518853
0.333383
10.2641
0.238766
0.20953
34.9998
13.9242
0.295475
-104.05
0.887324
-2.63046
-1.02476
-0.556219
0.510743
-7.35422
0.968354
-1.79743
6.09068
-0.69258
-1.10907
-0.110263
-0.556683
-1.86927
0.154712
39.2544
-0.231541
3.77852
-0.0738854
-6.34133
5.36881
0.381839
12.8467
-3.986
1.18065
-1.6575
-0.672052
0.782987
1.46603
3.18741
-1.75768
-0.518307
-3.99291
491.902
-1.2804
1.63491
83.3651
-0.0434848
-0.257302
2.22962
-0.755645
11.4309
3.58273
1.4326
-0.240465
5.38611
0.549029
0.988041
-0.677246
1.9568
-10.8876
1.12104
-46.038
1.20514
-1.61585
80.1125
0.445498
0.668038
1.73857
-1.73816
0.578906
0.0641885
-2.19616
-1.10987
-0.423482
1.80783
-10.9322
0.321475
-3.23016
0.12991
-0.697337
1.48143
0.974411
-0.862068
1.06093
2.02185
1.9582
40.0247
8.02863
0.134773
2.03197
0.267975
-2.62903
-0.0919792
-1.72838
0.640118
1.67728
-0.159146
4.88671
1.45981
0.908933
0.42387
0.0972659
-1.12673
-0.692316
-0.666827
0.743924
1.09801
4.28199
11.1614
0.489863
-9.68091
4.61688
0.210948
0.788575
5.03719
-21.2678
-1.67141
-13.5427
0.184892
-0.530049
-2.4934
7.8043
-1.32474
-0.910693
-0.26941
2.97326
-0.214083
0.459648
-4.87474
-2.0961
0.485175
3.77578
1.97547
0.187538
-0.576621
-4.77488
1.91715
-2.1316
-0.0697157
-0.327349
-10.8064
0.505775
-1.04221
0.563393
0.252423
-0.420392
2.91081
1.33084
1.90545
-1.83953
2.5839
-1.02243
-0.614816
0.758468
1.8123
-2.73732
-2.52515
-1.35319
-1.17857
0.899606
4.10994
0.0910073
-1.42948
0.941923
-16.0697
1.10184
3.86088
0.104863
1.15627
0.138876
1.29002
1.87639
1.97115
0.984201
-1.67323
-5.17384
-1.03841
0.41498
0.273656
-1.96892
-0.459938
0.705411
-2.27551
-2.06711
10.7823
2.37698
-11.0185
1.63911
0.730883
0.276459
-1.05935
-0.910996
-3.75321
0.804857
-2.18819
0.994091
-0.409035
7.58489
-3.40534
-1.62008
0.527845
0.125421
-2.82411
0.111646
-1.13581
0.209128
-0.469598
-0.15987
-2.83348
4.37972
-0.123239
-1.24945
-1.07381
0.0122303
-1.95643
-13.6379
-2.45015
-3.16446
0.230069
-0.404446
-1.10217
0.0948642
0.531625
0.702264
0.771964
0.260593
-0.751644
51.9384
-2.84039
6.57112
-0.00183713
2.41886
0.0473816
0.408148
2.18674
4.52666
3.48369
-3.50232
-0.739524
0.719262
-1.35505
-6.17265
0.651386
-0.166222
-0.277633
2.03904
-9.67268
1.46589
0.94951
0.679273
1.36053
0.467897
-2.6413
0.0370127
0.658455
1.48697
2.16283
0.266905
1.49535
4.77238
-0.029092
-6.05291
-1.35024
-0.130386
0.170655
-0.236914
2.66009
-0.652872
-0.599678
-5.40588
-0.381694
-1.28145
0.0398097
0.779056
-19.7168
6.01248
-0.326316
-1.70417
0.0538876
0.988105
0.786959
-3.23852
-0.774272
-0.632222
-0.239483
0.108251
0.840172
-0.160437
3.10155
-0.0792484
-20.7438
4.34338
-0.75149
1.51953
1.88831
0.697237
0.969161
-2.44608
0.84712
1.23998
2.00707
-0.343779
-0.0786789
-2.38661
0.253927
-2.62594
3.43497
2.21562
-1.5163
0.113683
-1.38566
1.04177
-0.915171
-242.479
-6.06488
0.954227
-0.670237
-1.51429
0.106553
3.96445
0.0839328
-0.253997
12.0587
-0.694117
-0.18227
-4.00116
-1.91039
0.942493
-0.636567
70.6014
3.51644
0.164529
0.164115
0.469385
29.3999
0.896275
-1.13031
-0.305906
1.27907
2.90564
3.20314
-32.9909
0.207871
0.892519
1.11807
-3.20107
-2.48644
-0.169791
-0.418826
-1.21092
0.0999482
-1.79211
-0.128842
0.0304512
1.04309
-8.25026
4.33073
-0.893358
1.06388
-4.71384
-2.32143
-2.27896
-1.58657
0.366957
-0.160178
-0.238811
0.288297
-3.44429
-0.156661
24.061
0.0862706
2.02374
-0.997397
0.608177
1.93945
1.59353
3.68032
-0.075307
0.43423
0.463734
-6.13086
0.548757
-2.66423
0.260983
0.958061
0.576866
-0.380766
11.8347
37.3484
14.2143
-0.556617
1.59777
2.93159
-0.788404
0.345827
0.824503
-0.723544
8.94152
-0.21217
2.21293
-0.406658
1.14213
-2.43264
-0.507757
0.578406
-0.0485314
0.733894
0.523919
-0.797136
0.714996
-0.700216
-0.0971518
-10.4662
-0.232397
-4.08228
0.430223
0.677793
8.67673
-0.0866222
0.627311
0.178338
1.57188
-4.75698
0.618893
-0.56382
2.73149
0.860503
0.809668
2.30701
0.209252
72.0573
-0.410868
-0.208701
-0.684295
0.225522
0.100038
-0.84481
2.59569
0.691133
0.0905565
-0.780524
-0.0540639
-0.256152
-1.92056
0.501177
-0.021924
-3.39376
-4.31193
-0.160557
-0.598226
0.244379
2.074
3.76019
0.164025
-0.316066
-2.62854
-1.53021
-1.56331
0.232104
-1.45169
0.819877
-1.68132
-0.134656
1.95542
0.320244
1.61172
3.68548
4.0681
0.261266
-1.53478
0.395676
0.234333
-0.00704373
-4.48192
-1.5003
3.76011
-0.677354
0.162914
-0.932256
15.9846
-1.21386
0.519311
-1.16734
-0.495869
0.691844
-0.0740038
-1.45989
-1.37125
-4.05079
0.112911
0.590339
-0.0753821
0.0030459
3.75263
0.590699
2.71493
1.32667
-2.11727
0.0791162
-0.502897
3.60211
0.917501
0.503219
2.0033
-0.476747
-1.26385
0.320767
1.32203
3.76569
-1.21586
0.941769
-0.250661
-3.79509
-0.746617
0.539039
0.966628
-10.5444
-2.67496
-3.95892
1.25214
-0.550481
2.88412
10.9451
11.6246
1.10798
0.836374
0.657759
-2.02921
-0.235443
0.0663054
0.115613
6.85764
0.508613
2.09965
-0.913439
-0.171
-0.793643
1.70547
0.786019
-1.05432
-0.762506
1.0411
-0.23343
2.44991
-0.0724615
39.848
-1.0363
0.0530903
-4.3236
-1.9989
-0.955571
-1.38537
0.490281
-0.447804
0.945984
1.65107
-0.880624
2.77919
2.11585
-1.1949
-7.46441
-0.367762
0.0308889
-0.868213
-1.61277
0.143495
-6.01314
-0.055534
-2.0513
-0.705564
-0.401357
0.350868
0.414032
-0.668318
0.853671
-0.500414
-0.698045
-1.95808
0.383444
1.6864
0.635091
0.489659
0.0780714
-0.378838
0.18182
14.985
-0.379679
4.27795
1.316
0.985414
0.0786685
1.04199
-2.32165
6.66735
-0.871117
-0.202999
0.397944
6.32128
-0.766956
-2.19654
-3.00864
-0.258468
-0.256029
-0.247771
3.66411
0.696443
-0.405361
-1.24154
0.594122
0.181395
-0.0619989
2.19624
-0.281018
0.15625
0.58135
0.0102347
7.83632
0.21828
-1.22522
-1.02632
-0.103498
-0.749133
-1.10965
0.964571
-7.35462
0.950104
7.60487
-0.229918
-0.588223
0.46622
-0.422416
0.273677
2.54314
8.67377
-0.997
0.111573
-0.217635
0.531396
-0.433238
0.909508
-1.04829
-0.0771959
-2.28467
1.05162
1.11411
-0.166522
-1.79549
66.243
-0.45421
1.61881
-1.47649
0.0461798
0.359337
2.72044
0.221024
-5.75046
-4.56568
-15.6891
-1.00389
-0.200202
-2.47153
0.393734
-9.16096
4.4251
-0.401312
9.27077
5.2519
-3.98712
-1.64436
0.817314
3.19109
-0.589677
-0.90066
-2.07503
0.565304
-2.36202
0.607022
0.356449
-1.41854
-2.92157
-2.92163
-0.0682452
0.134501
-1.10301
-4.72012
4.91059
0.103676
-1.73525
0.38397
-2.69739
1.385
-0.73571
-0.845092
-2.08606
-0.249325
-4.50287
0.635468
0.286884
0.875884
-0.865178
-0.539447
0.0157826
-0.196344
0.124716
-1.39954
0.583393
2.39705
-1.65644
-0.995859
-0.726846
-27.0557
2.22702
-0.282701
0.50497
-0.241279
-13.7519
-5.2244
0.441151
-0.0152643
-2.79185
0.15788
0.419383
2.34851
-19.7531
-0.731284
-0.846789
8.87877
0.152727
-0.162247
0.579909
18.5084
-4.45
1.56652
0.343515
1.45836
0.679965
9.86155
-0.611121
2.14287
-0.424615
1.53803
-0.434094
0.228091
0.141341
-0.424333
-0.614095
-0.183912
-0.732184
0.15694
0.723407
0.833397
0.400713
0.483071
0.213524
-2.02879
-0.405868
-0.207086
-0.956251
-4.39137
-0.50879
0.728559
2.91108
0.309233
0.418605
0.519597
7.79903
-0.303063
-0.796468
2.78852
-1.01015
-0.637758
1.06187
-1.82894
-2.75098
0.113382
0.160248
1.11486
-81.4853
-1.81964
-0.732813
-3.28788
-1.77704
-0.11041
0.0369747
-1.60156
-0.474713
0.990713
0.492251
5.63224
0.356088
0.524205
0.570506
8.26714
0.550803
1.76916
0.371569
0.168341
1.12059
-0.204896
-2.99039
-1.44838
0.0679884
0.0967953
1.28969
-4.8652
-0.345366
0.22836
1.38073
1.37765
-0.0679804
0.148507
-0.211126
-1.15397
-1.98963
0.449784
-1.06595
0.571987
1.06619
-0.123537
-0.527253
-2.28925
-7.88593
-0.123417
0.360831
1.4728
0.103278
0.481337
-0.435813
-0.341877
4.1723
-1.07375
67.9166
-1.54774
0.593913
-6.44065
1.29199
-3.05453
-4.23693
11.4487
0.154444
0.730439
1.11666
-0.447816
15.8138
-0.554982
0.713308
-11.93
0.732577
0.769936
0.620433
-2.38065
-2.29801
-2.20059
-2.71165
-1.06416
3.65971
1.35284
-0.348418
-0.473669
2.53423
0.865158
11.878
0.680925
-0.271753
-6.07771
0.160263
-3.86092
64.6019
0.559689
0.589543
0.342627
0.619613
-1.24082
-1.37581
0.0314488
-2.93475
-5.06625
0.37229
-2.26183
-1.15703
41.1449
2.42503
-0.965098
0.927416
-0.063669
0.646965
0.804
0.20954
1.03235
-1.23641
3.85988
0.330659
-0.781005
0.268988
0.566006
0.475407
-0.698871
0.446029
0.193254
-1.69615
-0.873184
-0.633302
-1.64943
-0.183935
16.9017
0.488232
-0.811899
-1.13819
-1.66477
-0.603545
0.0431168
1.30722
-0.304763
0.309241
1.60937
-11.0022
-0.426325
-2.54324
-0.366243
-0.287117
-0.0514342
0.000519624
-0.0769039
-2.72285
0.122073
0.186349
0.215681
0.807498
1.69641
0.696532
4.13292
1.55551
-2.19596
-28.002
1.40193
0.689262
1.18271
2.73116
0.418107
0.878493
31.8079
1.24886
0.988148
-0.199125
-0.71233
-5.46912
-0.924201
-2.65131
1.13491
-0.774033
-1.87606
0.877242
1.62015
-0.535867
-0.0850902
0.34709
-1.52188
-0.477375
6.31792
-3.04862
0.29347
2.81178
0.234785
14.7673
9.55508
-4.12982
5.7263
0.107541
0.567643
-1.76172
-0.776682
9.57031
-0.75296
-0.457275
5.86924
3.05657
2.78432
2.36636
0.534124
0.224659
-1.34336
-0.60208
1.0193
1.03874
-2.7303
-1.65476
-1.70955
-1.18762
0.877933
-1.96766
-1.60621
-9.28125
8.47511
-0.968535
-8.3506
0.331933
-6.04911
9.8477
0.3397
-0.0954735
-32.5765
1.66171
6.39977
0.558978
0.959775
1.41872
1.79705
-0.14898
1.0005
-0.515548
-2.55822
0.887308
-0.508774
-1.80184
-26.9791
-1.653
-21.6535
-2.56102
0.30962
-1.31966
-22.1928
-0.393294
-1.58047
0.346274
0.706763
0.201605
1.74128
0.0632706
0.290664
-0.669477
2.58801
28.1732
-0.378308
-1.59142
-0.86199
0.327534
1.3838
-1.61563
-0.220262
8.99954
-0.0112361
0.697883
-0.405901
-4.0161
-0.424078
1.70043
5.47997
0.184099
1.01627
-8.96639
12.3909
3.39092
1.21888
2.44175
-0.888943
0.131348
0.0385058
0.405349
-19.7033
85.4777
-0.836041
-1.17743
1.90449
0.411487
-0.490615
-0.202426
3.86549
0.611012
-1.65402
2.06328
-1.10108
-1.85704
0.200822
-2.45072
0.149718
0.758923
-26.5708
0.212439
0.452433
1.32275
0.726966
-1.60885
0.212928
0.406382
-1.1008
-0.131611
-12.5679
0.701624
-0.570677
5.80629
-0.241046
2.2013
-1.78189
3.22348
0.779785
-0.0980466
-2.00737
2.11783
-0.00563295
-0.931063
1.01804
0.118746
-5.10431
-3.73054
-2.41526
2.08667
-3.00396
2.66586
-0.184298
0.499073
16.5991
-0.18256
-0.423398
0.0472435
13.9331
-0.968446
0.37777
-3.45609
-0.958624
-0.970981
-1.9482
1.66532
0.431516
-0.986373
0.954911
0.02195
-0.510068
-1.93976
-1.34268
-20.6137
-0.10378
5.10129
-4.46473
-0.940669
-0.348438
1.50114
-1.93242
-12.3752
-7.92164
0.709838
2.43384
-10.8776
-1.26309
-4.15095
1.32445
0.764275
3.02399
1.7153
1.19731
0.127873
-12.5298
0.556892
0.0213228
1.58752
0.21953
2.84525
-0.572526
-0.817346
-2.5217
-0.85222
0.381753
-1.39301
12.2283
0.103748
-0.988494
-0.119983
-0.637913
-0.594095
0.311602
-0.121359
-1.04213
1.077
4.86322
0.996006
-0.876363
0.214732
-1.00248
0.81353
-0.714424
1.86909
1.2582
0.253717
0.980175
-1.09944
0.457413
0.350118
2.56006
-18.0334
0.695212
28.0443
-32.4308
-0.648959
-0.183003
66.5909
0.496525
0.0260035
-0.0353466
-5.1833
-6.95988
0.460982
0.779999
-0.313952
-8.43423
-5.23285
1.17673
-2.98777
16.1714
-0.501986
-0.263699
-4.11938
-3.98746
-0.247542
-0.00169882
0.659121
-0.474869
0.0323621
-1.18537
-0.884962
5.05878
1.85487
2.84007
0.275497
-2.90377
21.4127
3.38348
-171.58
-0.605779
0.661598
-30.3187
0.156685
11.786
-3.77374
0.0113354
-3.56128
5.31586
1.63344
10.1379
0.298175
-5.46185
0.452932
2.76328
1.36074
-2.73012
-0.470998
-1.5362
-0.782071
0.192402
-0.775152
1.30326
8.32727
0.201852
0.440487
-0.130106
-1.45831
-0.392777
-7.26351
-0.027736
0.654985
0.992116
-0.707356
0.217749
-2.44568
-0.517419
2.5107
-0.629458
-1.04442
0.368118
0.0998491
-2.06594
0.516576
4.6322
0.235194
-4.78099
5.8381
1.51919
6.91094
-2.51969
0.0866741
-2.4979
-0.31426
0.921192
14.8371
-0.131668
-0.492167
1.13808
-0.633113
1.41308
0.292029
2.62033
-0.35045
-1.73869
-0.289573
-0.239132
1.65343
-0.0620315
2.02397
0.215905
-0.0436044
53.899
9.69795
-0.375278
-2.05881
-0.358478
-0.29474
-0.186305
1.77979
-3.20989
0.7305
-1.16448
0.108464
-0.934347
-1.62592
17.8494
-1.21539
-0.666138
3.9681
0.76118
-0.354873
1.10943
1.39737
1.90866
0.0580891
3.90834
0.300734
2.04674
0.843351
0.106726
-0.345263
0.176235
0.352355
0.506222
-0.360063
-0.346696
0.432889
-8.27461
0.217392
-0.878454
3.27279
1.21319
1.50295
0.633227
-1.04338
-3.09917
0.371987
-0.872372
-5.74135
0.388291
-22.9861
0.194121
0.0317933
1.71925
-2.17624
4.87661
1.42818
7.24261
-6.81593
-1.98194
-3.45931
2.69347
0.370239
-0.0344453
1.10322
-0.755025
1.14727
-0.348667
-0.276277
0.278347
0.839974
0.374929
-1.2915
-0.0914256
0.26384
0.186125
0.829058
-1.60281
-0.749868
-3.22227
0.297288
-1.69317
-0.0220238
-1.32419
0.0755201
1.43822
309.62
-2.502
1.43323
-0.806079
11.5233
-2.38388
0.45429
-5.06452
0.832691
0.260235
0.225293
0.0875829
-2.34489
1.46138
-0.468537
6.86175
1.43134
1.14295
0.282168
2.0781
0.226606
-0.0633014
-16.9822
-6.67231
13.3513
-1.00641
-0.576252
-0.868434
-0.33106
0.0703432
-0.501667
-2.40511
2.18585
-0.819042
-0.0440315
-0.38238
-0.64004
-1.79607
0.959879
-1.15105
0.368276
-0.716337
-4.24565
1.02974
4.76461
0.704609
-0.0504151
-1.44073
130.933
-3.34565
-0.120294
-0.0950771
0.492251
-0.986638
0.178116
4.6716
3.18068
-15.5319
-1.06222
0.442329
0.0958541
-3.78744
0.279484
0.208446
2.19351
0.276696
15.0633
0.183304
1.9953
0.775059
0.894021
-0.890109
0.543481
1.08448
0.511742
-0.707812
0.411821
4.10159
-0.659351
-1.10307
0.560922
-1.60724
-0.758824
2.50001
1.84172
0.106043
-19.6688
-0.120862
1.81415
-17.9084
-1.47681
6.61971
0.400447
-3.44979
-0.430718
-0.860008
1.80227
1.03585
-0.0365118
-1.15696
0.217124
-0.526991
-2.01417
-0.232913
0.803471
-1.14319
1.24636
0.961928
-1.55701
-2.33662
-9.17381
-0.153466
-0.964397
-0.150678
0.642842
-0.55576
-4.69913
-0.00427993
1.15821
-0.105656
1.41339
0.407075
1.71086
-1.24599
-3.50054
0.263544
0.141182
-2.54054
1.81977
-1.28363
-0.555077
-1.65664
-0.202077
-0.687687
-4.56964
0.0506181
-0.546476
1.11906
0.994213
-0.356194
1.47286
-0.289279
-0.357937
-6.70004
-1.53271
-2.21006
-2.61152
2.44855
0.46705
0.036557
1.82924
2.0701
0.0497934
-3.77553
1.92242
0.588922
-0.404335
2.65084
-4.33817
-0.462815
-3.00651
-3.1317
-1.64399
0.855574
-0.0524438
0.173677
-0.154189
0.723779
-1.19549
-10.0545
-1.51535
-19.9837
0.696811
1.34715
-0.406724
-0.946309
0.441081
0.249784
-0.419153
1.68419
0.557898
1.46339
-0.540229
0.19457
0.175325
-1.15076
0.327509
0.0131556
2.73666
-0.589787
0.904345
0.489894
-0.0871035
-1.33472
-0.699731
2.89983
-1.31059
-0.632053
-0.0679562
1.89362
1.51436
-1.71763
0.272214
0.952153
1.84636
-0.119091
0.700911
-0.378491
-0.516307
70.3404
0.206
1.60307
-1.10462
-1.47395
0.0232367
0.126414
-1.11819
1.70924
-1.44587
-1.18138
-0.0359927
-1.15993
-3.10666
-0.70013
-0.720241
0.989708
-1.29917
-0.1626
-0.571949
-1.48693
5.7605
-0.162175
-1.44093
2.2618
0.552257
-2.07439
-15.1105
0.749675
17.1665
0.437296
-0.361218
0.245431
1.69226
-1.41804
-0.0118747
0.78179
-1.47807
2.27316
-1.72362
0.305932
3.49032
0.797645
0.368091
-3.41056
1.11263
-46.3655
1.33798
-5.40861
-1.73609
5.15634
3.3009
0.569064
0.568197
-2.42361
-2.69771
0.136695
0.427276
0.0987665
1.13728
0.635055
1.55721
1.19461
1.70157
13.8362
0.65245
2.38984
0.0396932
-0.337874
3.34614
2.71532
0.266321
1.10706
-3.80033
-34.5124
5.81669
-2.16516
2.6305
0.678682
1.69945
-2.25604
-5.06677
0.575544
0.752799
-0.91837
2.89737
0.592642
-0.826269
0.476077
-0.406835
-0.169747
0.0196033
2.91145
0.0196923
0.579689
-0.21722
-1.41531
-54.3585
0.654369
32.4809
5.80577
-0.280906
-0.216245
-0.700909
-0.332591
-0.655478
0.975961
0.717178
-12.6184
4.86823
1.8942
-1.17799
-3.73249
-0.626664
0.309409
-18.9752
-3.09941
1.2942
0.72836
1.76057
-3.57832
0.128631
-0.569354
0.775699
-0.139716
0.392176
0.027861
-0.895356
1.74509
0.639664
-2.58746
1.71678
-0.128754
1.17884
-2.52868
-0.0654034
-1.14378
-1.91033
-0.626023
-0.134529
2.10294
1.42546
-2.8536
-0.0921388
-0.129853
-87.6179
-1.2442
0.853454
23.3727
2.59874
1.95863
-6.53005
2.11861
-0.0913122
-0.227238
-1.34535
-3.90865
-0.602425
-31.5229
-0.645076
0.93042
2.78881
0.103599
0.0880735
-1.75958
-523.619
0.81538
32.8238
-1.33274
-2.64695
0.95181
0.450936
-0.146737
-2.61925
-1.7562
5.14596
-0.142269
-8.90156
-0.538437
0.979405
-6.77443
0.234787
0.152202
-1.20218
0.758584
-2.92096
1.52291
0.0295333
2.08399
-0.00419448
-0.623368
-17.4051
-13.7314
-6.77456
1.5037
-0.396514
-1.90909
-1.84815
0.243925
0.331044
0.436496
-2.16123
-1.74855
-0.0242478
2.03723
1.79576
76.5813
0.0828101
-68.6682
0.334364
2.34534
1.38119
1.63568
0.541923
-0.45367
1.41391
18.9399
0.898663
0.752488
-0.734576
1.20266
0.216371
1.48096
1.1632
-0.06414
-0.39155
-0.125005
0.204569
-2.36098
-6.79755
-2.24412
1.37463
6.9512
-0.249908
-2.06408
1.04879
-2.66839
-1.64701
-0.253816
1.19403
1.01331
0.64281
-0.0959886
0.0349656
3.62062
2.39584
3.99967
0.850297
0.43332
0.569185
3.00882
3.95614
-21.8103
-1.53816
0.476795
-0.221012
-0.446647
-1.59702
-2.14273
-10.6036
-1.98513
-0.414696
-0.0287071
-0.505934
-1.541
0.585284
0.182712
1.63205
-0.606488
0.790937
13.4499
-0.109533
3.43908
0.856369
-1.23337
1.96915
-3.75453
-0.0994247
-0.383626
3.93616
-0.818027
1.31677
-0.205952
-11.3852
6.76814
0.420247
-1.45536
0.776646
0.262122
0.536154
0.565995
-1.12099
-0.32463
-0.103559
-5.42319
0.222735
4.85017
0.821737
-1.01829
0.132391
4.01928
2.23762
-2.80087
0.411648
189.019
-0.0211928
-1.43865
3.62842
3.77112
1.29297
0.0188177
-3.28298
0.0238153
-5.39746
-0.131326
-0.871337
-186.756
-109.109
-0.837648
0.339845
-1.20867
0.00926882
-0.209532
0.730562
6.99265
-0.0229648
-0.890006
-0.735051
-2.47729
0.297363
-0.55917
0.260201
-1.21242
0.21275
0.683322
-5.48613
-0.10222
-9.59742
-35.9413
-8.86662
9.88193
3.37221
-0.893886
0.57257
-1.50417
1.4445
-0.973092
-3.06129
-2.16291
-1.30213
-1.30977
0.889563
0.0340731
-6.42112
-0.672289
-0.160776
0.158691
-1.21744
-0.448956
0.308545
-0.91431
3.85615
-0.931622
-0.327842
-1.12363
-1.00761
2.00099
-0.75605
-1.34694
1.46341
-0.82859
-1.1157
-0.318122
-1.01132
-4.9345
5.99924
-21.0239
-5.744
0.00252322
0.438876
-1.17557
0.587363
0.495453
0.522308
-2.12846
-3.01804
5.6623
-1.26636
-0.426008
-0.78831
-0.944129
-2.16644
-0.191819
1.19993
-0.0850527
1.21937
0.906831
-3.12819
-2.12591
-24.8138
3.62401
15.9358
-6.2311
46.3857
-1.71423
-0.950561
-0.0901155
0.0774469
-2.03846
0.476294
0.752585
0.380778
-3.94378
2.005
-0.676483
-1.92878
6.79273
-0.262625
0.116754
0.0875146
1.89429
-22.0537
-0.154471
-0.583625
2.22254
4.35164
2.18316
11.0727
0.296664
0.25012
29.1011
4.20202
-0.312574
1.61717
-1.80015
-0.338656
0.572362
-3.31417
0.286641
1.90964
7.68212
-0.777646
1.81794
-0.0485816
-0.710958
0.177593
-0.0731751
-0.0919982
-6.80329
1.70818
-4.85185
0.490249
-0.206745
0.789896
-9.37798
-2.18566
-2.73534
-0.210092
2.21314
-0.368427
-0.564759
-1.18196
0.0673625
-2.50599
0.836577
-0.669917
0.188815
0.214164
4.00217
-0.604239
5.31169
-10.5346
11.72
0.187063
-1.68266
-0.0483329
2.27679
8.5583
-0.669155
0.032882
-1.12394
-13.5412
4.70652
-0.831493
-0.155291
0.125451
1.03635
0.313176
6.10288
0.740897
-0.965057
4.21867
-29.9597
0.807856
0.551259
2.29089
-1.34358
1.73604
0.181754
-0.0892299
-0.824756
0.649428
7.20922
2.4071
2.4755
0.724152
-0.809908
3.01931
-0.129026
-0.0663051
-11.6054
43.9945
2.83535
6.00137
-3.66199
-1.43422
2.1867
2.23752
-1.82057
-3.56111
1.64003
3.3508
0.533918
1.91733
-0.911742
-1.15253
0.215133
2.73937
-0.368819
-4.89097
-8.90723
-7.41186
0.296141
1.32539
-20.0084
-3.61001
0.767438
-0.310137
-0.709995
-0.514006
0.24612
-0.565805
1.90258
0.258994
-1.22018
2.99939
0.150821
0.407162
-2.38818
-1.68155
1.303
-0.884685
23.3223
1.51208
0.842374
-0.994532
0.785866
-8.77088
-0.328557
-4.26847
1.5437
23.7325
0.295836
0.491472
3.71437
15.6237
-4.41101
0.790879
-1.9922
-0.130267
-0.667345
-1.43461
-0.333373
12.1384
1.35665
8.12622
1.64457
-1.1495
-0.214616
0.0911249
-50.7867
-0.138211
-0.0740904
1.04679
-1.28286
-61.8291
-8.58024
-2.17986
0.13604
-0.254112
-0.385363
0.632715
0.86059
-5.37465
0.440826
2.46613
0.90535
-6.17502
1.6963
1.32516
9.30193
-0.774869
7.8015
-215.425
-0.357599
-1.45439
-0.589445
2.72347
1.04077
0.824613
-0.415281
0.699125
-0.24908
-1.46767
0.58543
-0.0182337
-1.41752
0.0147396
0.669426
-6.37275
-0.336955
1.62528
-1.23695
13.2156
0.34971
0.0913352
-0.279475
0.749267
0.555343
-2.14436
0.0638078
-1.24049
0.276474
