-1.3981
0.947212
-1.27377
-0.116474
0.621433
0.0443866
0.79416
0.604992
-1.04363
-1.28883
-12.5081
-1.24338
1.64428
-0.0711424
-0.0697761
-10.2069
0.635976
-0.300855
0.87971
1.84617
0.945447
3.74333
-1.73046
-2.66106
-0.264727
0.630183
9.0928
0.228048
-0.460135
1.5524
0.297295
-1.08848
-1.38078
-1.36235
-2.48334
0.909718
-0.926655
-0.544812
-0.0595021
0.609761
0.999535
1.24444
-0.0113888
0.666282
3.13568
-0.025806
0.238325
0.428582
-1.52426
-0.107219
7.16033
-0.757735
0.967231
1.24663
1.29189
0.00769405
6.88685
1.01276
0.107927
-3.5738
-0.368579
1.58684
-1.27592
-0.985463
-0.106885
8.08162
-0.433498
2.91216
-3.45148
-1.04999
0.700639
0.20044
-0.762762
0.191216
0.602724
-1.52627
-23.1683
-0.460615
-0.7684
2.70876
0.0520248
1.45567
-0.158332
6.04628
0.702595
0.306291
-2.30968
-1.00624
0.802906
0.831553
0.481966
0.894944
0.465392
0.680805
-1.12868
-4.36958
-0.653332
0.55304
0.525924
-0.712748
-1.23054
-2.21459
0.3816
0.233013
1.33852
28.8478
0.392071
-0.133782
-0.0223232
-3.61367
0.312039
0.0536583
-4.12244
-0.858008
-0.783916
33.4304
-19.3978
3.52638
1.95599
-2.80026
1.80321
-2.13449
3.00517
-4.7983
0.11467
-2.86851
0.566173
-8.01614
1.73728
0.600356
0.236507
-0.95305
0.41051
-0.193149
244.337
0.216265
-0.484191
-0.730163
-0.075162
0.526084
12.1277
4.98585
-0.549731
-3.41988
0.936069
1.96988
2.08752
0.771868
7.12406
0.456618
0.476191
0.271474
-12.5946
-0.593591
-2.62211
-17.3401
1.07886
2.01545
-0.328785
2.60871
-0.597177
-7.73794
-0.555133
0.677976
-0.439606
2.01621
1.45806
18.5228
-1.51952
-0.488619
-0.35196
4.64211
-3.62513
0.016322
0.582045
0.77914
3.83528
-5.39778
-3.91832
-0.585113
-2.28565
1.23474
-1.15758
-0.486318
0.750516
0.0451588
-2.89281
-0.0469816
-4.78716
-0.899587
-1.13025
-1.79449
0.0459074
0.368815
0.065879
3.94188
8.86001
0.48624
0.12467
-19.6785
0.335154
2.26784
20.8051
9.8085
-0.542405
-1.46481
-0.523519
-0.234488
5.69814
0.631144
14.0762
-1.9161
3.20273
-0.591799
3.37849
0.807118
-22.3083
-0.92765
0.692943
0.252998
-1.26629
3.97599
0.708912
2.11795
-0.0438736
0.0444661
-2.64392
4.06563
-0.778116
-0.430722
-0.152211
1.39585
0.716772
-0.537043
0.564714
0.611811
0.407635
-0.208578
-4.01032
1.10199
2.66056
-0.222561
-13.9011
-0.211908
-0.505785
-1.0726
-38.7124
2.4061
-0.171672
-1.15156
-0.202465
-0.375186
-0.901274
2.15159
-0.231665
-1.2193
1.97692
-0.273781
0.186753
-106.711
-2.2973
0.61796
0.439331
-13.4019
-0.0104063
0.199123
0.427398
-0.927027
1.5083
0.514834
-1.41897
0.860438
1.58826
-0.125315
-0.385166
1.30947
3.45934
-1.77322
-0.916383
0.476746
0.610164
-1.53272
1.20881
1.91234
1.32308
0.137989
0.391423
1.27934
-0.917866
-0.390864
-0.761631
0.314781
0.107816
0.833784
0.733983
0.971773
-1.0667
0.790064
-0.0948426
-0.522946
4.01147
1.34263
0.215538
-1.50932
-4.99148
-3.46019
3.26915
66.6339
-0.0978174
2.06484
1.39846
0.243951
9.37646
1.0553
0.0957646
-5.60184
-1.40772
0.692064
-4.2516
-6.96573
2.09749
2.22196
0.719334
1.37759
-0.0616564
2.56331
-0.405445
-0.74421
-0.299653
6.18971
-0.522565
2.3189
2.60718
0.234809
0.719064
0.0818183
0.773081
-7.30751
-2.8353
-0.355455
0.266964
-1.15496
0.0785419
6.28486
0.202954
0.940808
0.0339524
2.40342
1.08825
0.289166
-0.768134
-1.29235
2.84864
7.52981
1.58984
0.206459
0.245686
-2.56006
-8.9425
-1.15087
-2.64942
-7.33966
-1.73146
0.134936
0.151678
1.39891
-0.834441
1.98477
55.1657
-2.43251
-1.19138
5.45543
-0.212964
-0.270962
0.640022
0.507797
0.38047
1.42518
-3.41223
1.62587
0.0166759
0.162006
0.62881
0.193086
5.09182
-1.19898
36.9168
-0.572034
2.00865
3.53188
0.925352
-1.17922
-0.428048
-0.104465
0.105737
-1.84212
0.698759
3.45619
-0.7558
1.23029
-0.0787122
-5.67343
1.00296
-1.43375
-0.413436
5.54135
-0.280219
1.58889
-1.81723
-1.59789
-3.16446
1.56427
0.189763
130.844
-0.418755
0.217927
-1.02262
3.01408
-6.08188
0.507185
-4.30829
0.705869
0.758268
24.9096
0.990787
-0.000145993
-0.69637
-0.217691
35.4711
0.818768
0.0811922
-1.42384
-1.34499
-0.0483512
-0.531844
5.30796
-1.70838
-0.592163
14.9148
1.13175
-0.8915
0.819107
-0.518409
-2.22435
-0.909826
-1.66165
-14.3909
0.554268
4.02151
-1.81731
0.858096
-0.545669
-0.22522
-4.09895
1.11879
0.658703
0.295722
0.636892
6.51843
0.423674
0.20413
-4.03645
0.0374425
-0.846192
-2.37694
0.18151
-3.24767
4.92944
-0.609286
13.4521
1.25474
1.31077
-1.24052
-2.21027
1.88199
3.44239
0.922158
6.50968
1.1977
12.9346
-1.39707
2.74037
-0.559543
-1.86106
0.395792
-0.309367
2.02169
1.21051
-8.75087
-3.16518
17.1204
3.73743
-1.27745
13.028
-0.508405
-2.02822
-0.684921
0.271481
-0.532393
2.92142
-0.375785
6.51222
-13.6681
-0.5881
0.334621
-13.4059
0.977609
63.08
4.03312
-0.135187
1.57941
0.415241
-0.16887
0.297418
0.212763
-1.32742
1.19713
-19.9054
1.53071
-1.42123
-0.112896
4.06357
-0.608686
-1.61994
1.70358
-1.22167
0.145329
-3.12987
-3.37047
-0.89505
16.252
-0.336091
-1.74809
0.166111
-0.263308
-2.84707
4.03691
-0.963983
0.465851
-0.418898
1.11717
0.409089
-0.755136
-1.1344
0.661776
-0.318945
0.206606
-0.571544
10.9671
0.0560793
-0.785571
0.489283
0.662698
0.335586
-0.467133
0.481426
-0.500359
-0.473577
-0.0110522
-1.16161
-0.292632
0.901504
0.836331
1.14906
-0.634248
16.4707
0.214877
-0.837995
1.82337
3.92381
-0.841014
2.90268
1.63629
10.8098
-0.2967
3.0258
-0.378103
-0.646857
-3.54174
0.510094
-0.657418
0.248284
-0.202763
-2.39676
0.584295
3.69621
-2.70803
4.08772
-6.85049
-1.43914
1.28237
0.500389
-2.87069
-4.47887
0.426755
-0.0277101
1.31065
0.900481
1.45825
0.163239
0.665391
0.364597
2.93509
-34.3345
0.37948
1.44615
-1.57603
-0.440595
96.5857
0.653093
-7.2034
-7.74904
5.48807
0.273338
0.0285034
-0.0944148
-0.691948
-0.149245
-0.0755827
61.0707
1.05046
-5.63626
0.50142
-3.43221
0.795629
0.129808
0.399525
-1.59026
-1.42777
2.58325
1.02781
5.08114
-1.76553
0.397953
0.545585
0.399291
-14.3178
0.883087
-1.10846
-2.39114
-0.646419
-0.43734
0.638562
-0.314057
3.59576
1.36264
3.3498
0.679875
-4.26951
-0.329869
0.534622
0.474243
2.24758
2.93689
1.28899
1.05593
1.8114
21.9445
-8.45924
-0.52996
-0.366262
0.381108
-0.839108
1.13398
2.86135
0.70156
10.0636
-1.55692
-0.405551
1.22049
-0.554035
1.0017
-2.05925
-8.64653
0.336003
1.79535
-2.66998
0.166343
-0.760595
-3.18449
0.673333
-1.23887
-1.20575
-0.862435
-0.452247
0.844501
-0.159529
-4.11276
1.45343
0.630104
-2.25462
-1.38709
0.459136
0.182197
1.00926
1.20851
-3.70336
-0.638472
-1.84262
4.4049
0.207286
-2.19891
-0.692323
-0.945327
2.55318
2.56472
-0.460855
0.969389
-0.0736228
5.62851
4.1046
-0.57327
-10.9932
1.58404
-0.181411
0.543374
0.457888
-1.81067
0.784633
0.615456
-0.739873
-6.29029
3.98594
0.433747
1.22735
-0.303946
-4.96984
-4.31303
1.67087
0.0810083
0.39048
2.02546
-1.19402
-0.209876
-1.14654
-5.13124
-4.59265
0.570091
1.66355
-2.06119
3.26406
0.172305
7.41602
-0.428911
-0.0472066
-0.389286
15.8761
-12.8442
0.65918
-0.706257
2.1233
-0.921608
-3.02803
0.75786
1.90415
-0.44427
-4.91821
1.89306
0.605384
-0.62582
0.00463641
0.586403
0.231719
1.37216
-1.31226
0.0420762
4.38863
2.21106
-65.2903
-0.371989
-3.96916
1.43124
0.482939
0.328614
0.418527
2.53712
1.9073
-0.468976
-0.615302
2.50237
-0.678215
0.0926379
0.663367
-0.87641
-0.00215598
0.501959
-0.436011
-0.755937
-4.02476
-76.6521
-0.867439
1.69513
-3.47642
1.01834
1.37937
-0.595955
-0.10676
0.63774
-1.34839
-0.892457
-0.517629
6.73307
-6.20351
-1.64997
-1.81829
0.277214
2.77273
-1.79788
1.20679
-44.4588
0.951785
2.94497
-1.37593
1.68465
7.36044
-0.728402
0.245922
0.525544
0.380106
-1.73945
-1.36286
0.344194
-7.02658
-1.76003
-0.495339
-1.99206
-10.0165
51.6654
-3.90999
29.7156
0.136815
17.2456
-2.99273
0.513243
0.0947781
1.70107
-0.792501
-12.9875
-0.172488
1.71071
0.309482
1.81008
-0.171253
0.269154
-11.7753
0.114052
0.120601
2.10287
8.62695
19.7704
1.73648
-2.16168
-8.49799
-6.40135
0.324556
2.05322
-1.19322
-0.0111093
-0.544275
0.869468
-0.0406985
0.193582
-2.72646
-0.817539
-3.74931
-1.2693
-0.17296
-2.11626
-1.04296
-0.325352
0.635514
0.394335
0.304284
10.8909
-0.00307344
-1.97647
-0.997063
-0.155563
146.176
0.456101
-0.80989
0.579972
0.0840365
-5.75878
-1.26257
-0.13278
-3.25006
0.650368
0.291686
1.20741
0.478576
-2.63053
-0.921224
2.27741
3.51625
-1.03352
1.40443
0.233348
-0.408076
9.39277
1.34442
-0.626245
-2.06758
-0.73944
1.27533
-5.33004
-2.2456
0.425005
-1.94354
1.29695
-0.436619
0.380113
1.95035
-1.11332
-0.451856
0.654795
-1.80298
0.350439
-2.08146
0.373656
-2.25324
4.07901
-0.221244
0.995283
8.99547
0.865131
0.556946
1.64716
-2.34149
-9.04002
-0.369827
-0.792223
-1.39891
-0.104795
-0.193213
0.406114
-1.2358
0.24859
0.821469
0.00645314
-1.91395
0.851878
3.88033
0.741314
5.96236
-0.860247
-0.793125
-0.0377811
0.543908
-1.58521
-0.565347
0.437699
-1.49889
1.92958
-2.37449
4.63267
-15.9075
2.18996
-3.74515
2.02069
0.641974
0.276802
0.449941
1.25941
-7.29474
3.42261
0.709652
-0.277086
0.611857
1.29705
-0.0296451
-3.93945
-0.413601
1.77781
0.493036
0.576147
0.0628413
-1.27548
-1.095
-0.360851
-0.955677
0.553709
0.721632
1.42262
7.06523
0.662805
-1.37919
0.194185
6.12417
4.17782
1.22225
1.05493
10.5869
-2.11001
0.128251
-0.88853
0.725984
1.50024
-0.325138
1.0338
-0.086728
-1.16247
0.459672
2.72087
2.34596
-4.6166
-0.70347
0.792238
-0.649963
-73.2399
0.1085
-0.330466
0.0715196
-2.33516
0.09981
-0.319962
-0.745337
-2.40717
-0.601075
-0.280156
7.75999
-1.905
-0.208409
1.21215
9.942
-0.793731
0.159175
0.193376
-0.0684818
-0.69051
-2.83933
-1.1004
-3.50399
-0.527917
0.44015
-9.81109
-6.53389
0.746915
0.876205
1.16149
2.81431
0.422815
-0.364031
1.90161
3.04206
0.468335
-22.9812
0.045244
0.730355
0.18493
-0.0592309
-8.75067
-1.60839
21.5801
-378.701
-2.00628
-5.6215
6.1463
1.88251
0.564528
-2.27373
-0.023206
-0.0279594
1.07709
-1.66734
0.711093
9.95204
-0.456792
4.91014
2.4281
0.410573
-0.156601
3.25578
1.81445
-0.914988
1.94238
-0.614573
0.0906426
-9.0796
3.93305
-2.7477
-0.506166
-0.329841
-0.349749
-2.11965
0.641406
1.47845
-0.546739
-0.611642
-0.631847
0.789809
5.44118
0.649147
0.304022
5.84543
0.237706
0.994435
-0.484694
0.161627
-10.9105
-1.13981
-1.12482
0.0552794
-0.965486
-4.39529
0.849704
-4.34373
-6.0941
0.24382
-0.208285
0.689106
0.27932
-0.698749
-14.0295
0.679696
-0.815533
2.00683
0.0264462
1.38917
3.32564
0.0487098
-0.991368
-1.2183
0.435321
-4.24941
3.54517
0.902592
-0.886447
-0.560007
-3.02283
-7.10386
0.38068
1.74307
-1.59351
-7.23685
0.930431
1.46669
-1.56134
3.23843
-10.0892
-1.19916
-21.1909
13.7247
1.04918
-54.6667
1.59747
0.281635
3.30092
0.748345
-0.45754
0.666944
-0.678733
0.466931
0.403328
0.588152
-2.06567
-1.17848
3.45168
0.966512
-0.144937
7.414
-0.572658
0.255408
1.65319
-0.195268
-0.0825029
7.0416
0.615418
-0.00278184
1.40058
1.29784
1.52404
6.53734
-0.634201
0.952575
-1.06248
1.76381
1.4498
0.283915
-0.327686
-1.72561
1.19976
0.62113
3.14437
-0.210356
6.13835
0.380789
-0.156913
-0.72207
-2.35457
-1.45018
-51.6572
-2.27481
-0.554055
-0.447052
-5.65167
0.828454
-4.59797
-13.625
2.49411
2.01019
0.840306
0.678738
-0.514418
-22.1891
-1.09556
-2.10423
-4.95614
6.57183
-3.40014
1.42841
-1.69042
-0.198183
0.69076
-3.28616
-0.291225
5.60026
-0.434401
1.37489
-0.365656
-0.88976
-2.66305
-0.260573
-0.0435609
-2.13541
-2.09441
-3.43566
-0.0673461
292.978
-0.146291
-1.2523
-0.84497
-0.279818
1.34274
-0.502194
-1.51509
3.48044
-0.211851
-0.559922
-0.392659
-0.0876901
-1.30857
-1.09095
0.316775
-1.75879
-4.04528
0.972162
-1.80808
11.842
36.6301
0.61188
2.40193
-1.76879
6.92245
1.28551
-0.212717
-0.293015
-0.078863
-9.32463
0.458084
5.3789
1.66933
-1.20472
0.425299
0.591383
-5.1383
1.32325
-0.18917
-1.61073
0.932384
0.338601
-0.0132936
1.75275
-0.935163
-0.834933
-2.35525
1.09914
-0.522598
-0.20151
0.836893
1.40522
12.104
-1.99441
-0.645824
-0.438387
-0.641873
15.8308
-0.742526
-0.215533
0.658034
-0.542207
-2.52017
-9.68377
1.50922
-0.48759
-3.18737
-0.647664
-3.2834
0.327631
2.07135
-3.46566
1.5656
1.51843
0.352801
0.387515
-1.12633
-7.62777
0.0436257
-1.51207
-3.20245
-0.863223
5.04016
-4.71063
-0.415262
-0.391269
0.868271
29.3377
1.0023
0.217292
0.841929
-0.959539
-9.4952
-1.17507
-0.710393
6.02711
0.193337
-0.0254545
-14.6345
-0.169857
-0.46202
1.28478
1.40179
2.39295
-0.0542077
-0.409803
0.914641
-1.43841
1.10323
-0.0963336
0.0770916
-29.2325
0.207632
1.37521
-0.889853
0.2823
-0.348953
-0.157293
1.68783
-0.289533
-0.894832
-21.5466
0.199652
0.423264
-1.27255
-1.95203
0.496493
-0.234579
3.49685
-0.573721
2.90497
-2.63439
0.417422
1.38738
-1.0588
-0.7305
-1.7658
1.22897
4.93723
2.3618
-93.7895
-2.96949
6.07909
-0.111451
-2.24697
-0.180201
-0.455753
-2.26404
2.06603
0.359202
4.9503
1.25489
0.716981
49.6615
-7.52917
0.14844
0.59884
0.299536
7.82561
-0.581414
-1.1092
0.377408
-0.13806
9.28438
-1.3918
-3.3968
-0.390153
1.67627
-0.19073
-0.335314
-0.117284
22.0688
0.470375
1.30898
1.72542
4.08887
0.623742
0.9039
0.191405
0.962168
-1.69296
0.578398
0.964794
-1.18482
2.10083
-1.14789
-2.04261
0.337955
-3.64866
0.249177
-1.18724
-3.57602
-0.195209
20.198
-1.65356
0.0125881
0.180454
2.22581
7.18442
2.73793
0.0407642
0.513348
-7.365
-0.674745
-2.04628
-0.0277319
-4.84821
-2.89133
-10.7731
0.503194
19.2601
1.23555
-0.222091
0.237452
0.276195
-0.261837
-0.0551296
-0.171087
1.10091
2.65572
-1.10893
-0.108868
0.804667
-1.54399
-0.164352
-0.0578894
-0.822981
-0.207135
1.29063
0.931071
0.284318
-1.08485
-0.642057
2.16107
0.954469
2.44937
1.11843
1.25835
-0.2662
-1.72237
0.296142
-2.42525
-0.60374
10.1433
-0.130293
-0.835008
-0.683825
0.89736
-0.543085
0.391534
8.29901
-4.5097
-0.675931
-49.6311
-1.22867
3.88263
-5.99428
1.06439
-0.250319
13.2891
0.356849
0.0947067
-2.24213
-10.165
0.67913
-2.41598
0.534356
1.34676
0.218526
0.808757
-0.728472
1.55951
4.05323
-304.075
-1.174
-0.195716
-0.260148
-1.22337
0.39014
-0.492974
-0.528726
1.00221
-13.457
-1.43015
7.4868
-0.336575
-1.84818
-0.246807
1.53661
1.73353
0.271103
0.260368
-5.98754
64.3875
-1.15783
0.812541
-8.19405
-0.240756
9.01655
-1.002
-0.300405
-30.8034
-19.6051
-2.0072
43.5555
0.981357
-0.0725192
0.512097
-1.17907
1.26548
1.61959
-0.219073
-0.369746
-0.273915
-1.56372
-4.3541
4.66202
0.253985
1.30617
-0.534031
-1.63982
-13.6298
2.78219
-1.5912
0.548688
-2.04816
2.83001
-4.78725
-0.443118
1.08533
-5.18338
0.294943
14.446
-0.94721
-13.8146
539.194
-4.39917
-0.539567
5.58029
-0.34461
1.76212
-0.399015
-2.11527
-0.534262
-3.83671
-3.97102
0.625479
-0.329738
-0.976885
-1.42688
1.35644
-0.34231
-0.992274
-0.679292
1.95046
-1.02707
1.57024
5.15894
1.48112
0.278515
-6.30332
0.325848
-0.430992
-0.906306
2.17923
-1.09067
1.25457
-0.204428
4.60186
21.6886
0.146601
-3.57225
-4.90992
-2.65087
-0.802981
3.17448
-0.91686
1.56579
-1.61433
0.0738427
5.27409
2.03049
-1.86129
2.54786
-0.161668
-2.03073
10.3761
-0.929091
0.410793
1.62107
-0.76553
-0.307469
-0.217251
2.23283
0.629951
0.430804
-0.335645
-1.52215
3.69759
0.707918
-1.01308
-1.83724
-1.05558
1.70711
-2.30264
20.4332
1.60453
5.33681
1.80528
-0.694272
0.787424
1428.81
-0.0879814
-0.0906521
-2.89127
-0.536007
-26.3126
0.166615
19.8971
-0.162268
-0.126456
-0.540682
-0.231758
-1.88958
0.585856
-0.13536
7.86815
2.87373
-2.80256
-1.24079
-0.981245
0.483572
6.03553
1.01495
2.0865
-1.48034
0.301484
7.99015
0.979546
0.468269
1.26936
-2.82786
2.7995
0.946259
-0.693895
0.704165
1.87959
-3.50649
-0.285818
0.292593
0.13318
-0.304097
-0.49179
1.1524
-1.40355
5.53503
-1.77183
25.7754
-10.6118
-3.5412
-0.730732
-1.5514
-0.689626
-7.85838
-0.129562
-3.68517
-0.17145
1.10562
0.119533
-13.0563
-0.310863
-0.817182
-2.9993
-0.765402
-1.38863
0.644541
-0.335632
-0.157178
-0.981722
2.14551
-1.34199
-0.70134
-0.503973
6.86211
0.226127
-0.146026
8.10167
-2.73397
-1.74425
3.45278
-1.93417
-2.86779
30.654
0.98718
-0.517968
-0.782335
0.930673
-6.70901
5.44808
-3.30766
2.33227
-2.10521
-0.477178
-0.266659
-0.0347868
-0.478032
-0.848243
2.52843
-2.08746
-0.386081
2.43112
0.775631
3.88332
-2.33696
-2.34439
0.596013
0.3516
-5.66862
3.66893
-1.22854
-0.326955
6.10837
0.170445
0.739378
-5.03646
3.30587
-0.0651045
1.8413
0.445635
2.8537
0.12674
0.124466
0.413557
20.264
0.917265
-2.72812
17.5086
0.825961
-8.79466
-6.42122
0.710881
-6.40063
3.42781
0.325705
-1.26548
-1.64715
0.27801
0.312226
-3.30352
2.43247
-0.551993
1.87159
1.28181
-48.9239
-0.266603
1.29791
-1.48912
-1.14196
-0.810276
0.226342
1.2066
1.05322
3.0482
2.2247
-0.772179
0.795531
0.248255
8.80406
0.769233
0.171675
-0.0597904
0.376528
5.33098
-4.79456
-2.45908
1.12125
2.06379
12.5512
0.867139
2.60057
0.0322555
0.259165
-1.57942
-0.618032
-1.04438
-4.77908
-0.578026
-0.898222
-0.291645
4.26036
0.223137
-0.038769
0.0112029
3.9497
-0.779204
-0.808288
2.9177
0.840509
-1.42054
1.38225
0.308749
-0.604669
-0.896218
1.3749
0.769265
-0.462726
12.1645
20.3007
0.289142
-1.56494
-9.13321
10.9178
-1.70644
3.57867
2.52806
-1.05873
-0.945325
0.8434
0.287382
0.350136
-0.698081
-8.34838
-1.48558
-3.24319
-2.25869
-2.90277
-0.862141
0.683594
2.21905
-1.20101
0.0867308
-0.324945
-18.7463
1.03386
-7.61941
-0.175804
-2.05834
1.03023
0.783117
0.646533
-2.38446
0.554961
-0.263922
-4.32889
0.171083
0.513496
-7.70673
0.863119
-1.74039
-0.161942
-0.762931
-2.37055
-0.0212691
1.66666
-17.8135
-1.49854
-164.468
-1.344
-0.144432
-0.250434
-0.247329
-0.053384
-0.165108
-1.7871
-15.874
0.0119449
-0.335248
-0.309269
0.0153671
-4.7252
-0.585377
-2.67251
0.521644
-4.68791
-0.636315
0.863456
0.246562
-2.27802
0.0411183
-0.188134
-0.311471
0.480518
-0.119438
-0.812368
237.664
0.0681384
1.97435
-0.365999
-3.05499
-0.230994
1.06439
0.505088
-1.98301
-0.926174
0.711132
0.246901
-1.58854
-0.288974
18.3915
1.47024
-1.31373
0.666182
-2.11289
1.14871
1.96514
-2.14739
168.74
-0.278722
-0.785923
-0.417759
-1.04062
5.73378
-0.871922
0.424553
4.54998
-0.166709
0.36907
0.377989
-0.27167
-0.781486
0.466105
0.669564
0.120406
-0.782058
-0.949939
0.946302
-0.548622
-1.1924
-0.474867
-0.21774
0.509235
-3.01904
0.0565548
-0.858839
1.2602
0.489936
0.157692
-2.0766
4.41236
-0.0434372
0.219139
2.94686
1.3087
-0.724832
0.386333
0.40307
-274.084
-1.48138
-1.844
2.60353
-0.297024
0.589561
0.0392085
-0.183729
0.934163
-0.299698
2.96412
-8.12154
0.0674187
-2.70955
6.16349
-0.694038
-0.149316
0.156146
0.99245
0.0263851
4.71481
-0.58292
0.18686
-0.252445
1.75264
-4.13371
-0.281973
-2.80157
-0.296724
1.32654
0.446539
-17.9594
0.664214
-0.00671225
-27.6431
-0.607422
-1.3234
-0.145097
-2.08459
-3.2459
-0.688604
0.0583381
-0.70464
-3.221
0.48176
0.197614
-0.338301
1.27264
-8.15758
-2.30663
-1.62639
0.514594
6.61302
0.900523
2.88848
-2.13744
0.100581
0.183376
-0.91646
28.2317
-0.068436
-0.947915
-0.386892
-1.08087
0.575102
0.709524
0.984744
-1.79652
-9.95571
-1.07701
0.572123
35.4834
3.33379
-0.768639
0.231514
6.28223
0.91623
0.693908
-0.214143
1.94605
-0.33366
-0.0649109
1.53134
4.02951
-0.914898
-3.46957
-0.735594
-0.587508
0.492186
1.62265
0.591513
-0.468657
0.536229
1.82059
-0.387
1.1473
0.470524
0.747525
-2.89928
3.2933
1.30273
-1.50192
0.271693
-34.8364
-1.83876
0.137589
-0.231398
-0.0270219
-0.335474
0.970171
2.69286
-0.552821
-0.873009
7.80705
-2.44255
-3.51335
0.822994
-0.387703
1.72469
-12.1493
-3.78307
1.83521
-0.685932
1.97986
0.940608
58.1491
0.56539
-4.00022
-1.15125
12.9181
0.689805
-1.76929
-1.17573
-0.404669
0.00105796
0.741398
6.16127
0.335842
5.36838
-0.452869
0.370481
1.18077
-1.18547
-0.552989
0.146089
-1.7346
-1.35763
3.16486
-0.0630338
-2.79581
0.755494
-0.819435
3.38751
0.884029
145.611
-0.852129
-0.241278
1.79466
-0.0386587
0.258034
-2.30999
-0.0577544
1.70682
0.797008
2.27079
-44.7598
-0.0896832
0.171298
-0.0386437
6.23713
-4.43018
1.0995
-1.17655
6.09734
0.291485
0.35368
0.412803
-35.2646
1.13867
10.7584
3.03891
-2.93141
0.124642
-0.230852
-2.24276
0.470347
0.152604
-0.574768
-0.177203
0.0531321
1.92687
-0.171937
1.28779
-0.957002
-2.6472
-0.0373185
-0.456088
-0.581004
2.31496
0.629117
1.3617
0.0251142
-0.982723
-1.55954
-0.0449368
-3.70463
-0.0466524
-0.512614
-0.981105
-1.16493
0.235191
3.02729
-0.845461
-0.279616
-0.420711
20.7804
0.42773
-0.216668
1.85394
0.0753452
-0.42699
-0.940304
-0.237798
-1.11436
-0.489158
-0.449774
1.1249
-0.069283
1.15549
-0.601674
0.668005
0.020236
0.292959
-0.91474
14.4118
13.242
-0.882505
-0.975485
3.21115
0.719713
3.40953
-1.56872
-3.79887
-0.375277
-0.907134
0.79466
0.279885
-0.574651
0.418317
0.382366
-0.0782048
0.645944
0.320264
-0.174804
-12.4682
0.44702
0.682029
0.746528
-0.144738
-0.891284
0.971182
-3.78034
-8.27121
2.82473
-0.42604
1.61634
-4.61698
-0.962289
-0.688856
-0.512468
1.5347
10.7855
0.102726
-0.0651044
-0.755551
2.37714
-4.13995
0.812158
-1.90558
-11.9254
14.7639
0.463576
0.249057
-1.39119
0.510009
1.02769
-0.911887
-0.412866
-41.0772
-3.88491
-1.45463
0.249827
-0.695502
-3.67158
-1.97749
-0.953769
171.959
-0.121822
0.183117
0.926584
-0.409007
-0.806896
-4.13774
-37.7686
1.13407
1.05327
-1.5138
-8.54142
-1.79303
-6.89815
1.61832
-0.61451
2.58945
-2.11102
0.428074
3.74544
-1.48507
2.15984
1.24511
-0.629835
-2.30641
-0.367946
1.1159
-0.304661
0.552758
1.20204
-4.12381
-0.639441
-0.701548
1.92371
0.166773
0.687959
-1.02415
-0.400065
-2.72273
-0.0487286
1.83233
-2.67795
-2.20427
-0.319782
-2.29701
0.644912
4.94248
0.335611
13.8516
0.0359183
-0.721729
-0.278529
0.79796
-0.37642
6.79543
0.869734
-0.263984
0.0497055
-3.41534
-0.133505
3.65473
5.14994
0.671091
-1.03156
11.3527
-1.40108
0.730196
-0.757477
0.133307
1.45456
-1.33691
-0.719828
-3.96437
-5.23632
4.28215
0.224942
0.162119
0.893232
0.425673
4.69649
-9.57765
-0.605691
-8.19423
-14.8203
9.38848
-2.09101
-2.11011
6.14228
-0.666166
-1.85884
1.06899
1.85576
-1.37574
-7.63297
-0.177544
-0.600918
0.184893
-0.696451
-0.142875
0.287292
-0.120357
-1.58822
0.287674
-1.36528
-0.868534
-2.06423
-6.6352
1.34768
-2.18805
2.49329
-0.524106
-1.70831
-1.13854
2.89593
12.7142
4.12691
1.92088
-0.0840754
0.46787
1.26857
1.21609
9.15639
0.150228
-1.19709
1.59633
-1.07437
1.91444
6.93083
-2.12018
1.57283
0.957307
-0.51658
-11.1342
2.194
2.43757
2.1774
-3.29456
-0.591685
0.379205
5.02149
8.79825
-1.19213
3.36411
-0.769729
-0.735149
-0.518944
0.768832
-0.240453
0.247415
-7.18268
0.293674
-2.35962
1.36647
-95.8156
-0.728598
-0.0299267
0.353824
-0.764106
-2.88055
1.1401
0.363239
-2.27603
-1.94164
-47.2278
1.91648
-1.50317
0.427268
-1.71364
-0.906269
-8.50821
-0.187734
0.931837
0.101267
-0.971753
-0.611159
0.857326
1.58581
-1.66847
-0.84122
-1.02496
0.0720917
4.6092
-2.93574
-0.55298
-3.72285
-1.16136
0.663036
0.326713
-0.294157
0.19757
3.06288
0.732869
-2.22379
2.06621
0.417389
-21.5987
-0.126948
-0.127188
-2.65191
-1.96399
-0.0210021
-1.87317
-0.972794
-10.1835
-1.89171
-1.49367
6.50055
-0.979208
-0.0318715
1.03723
0.55852
0.217961
2.54674
-0.653392
1.03528
2.98955
-0.571789
-1.44625
-5.61978
0.658964
0.156442
-0.512377
-0.303243
-1.7188
-1.33961
5.77725
0.175532
-7.75636
0.218195
0.950738
-0.128883
-2.41074
5.48093
-0.732799
1.4708
-0.256643
-1.82495
-290.504
-0.304627
0.103687
6.63049
0.710234
-1.98976
0.73268
3.86803
0.402002
-0.0729541
0.660246
0.0906755
3.9149
1.24369
-0.209318
-1.71762
0.319087
-0.222897
-43.9207
-0.953511
0.251491
3.22139
1.26007
-2.07549
2.08463
0.489765
2.50305
1.63939
7.34733
0.915446
1.41897
0.284102
0.765817
-1.30022
-1.04295
1.59376
0.269018
0.346663
3.73885
14.4907
1.95544
2.87967
1.25682
-7.44749
-0.0289975
0.550998
-0.781548
0.657561
0.0654249
-1.9396
-1.77089
0.48832
-0.503488
-0.356362
0.352268
0.661148
0.583322
-1.63163
3.7947
5.43568
2.12162
0.733794
1.64812
-0.918763
-1.06196
0.429038
2.74484
-1.76507
2.54949
3.03886
-0.0340784
-0.843852
0.632153
0.728349
0.767486
0.276696
-2.62146
0.283664
0.0729508
3.91208
-237.228
0.133123
0.653737
1.03475
-1.37572
0.318556
-0.958521
-0.758652
-0.266545
-6.49042
-12.7867
0.0484476
-1.24625
-0.435632
-6.67363
-2.09913
-1.74637
0.898054
-1.31385
1.00659
-0.347649
-48.0951
-0.377869
-3.57954
0.451967
-0.0491784
-0.227473
4.68165
-1.03092
-1.88233
0.572781
-0.269607
0.328647
-1.04587
-21.9829
1.62571
-1.14852
-5.00531
-193.789
5.60831
0.522897
-0.0722945
-1.11395
0.76734
-1.15744
-0.618012
-0.330942
2.90185
0.796226
-0.236255
-0.33275
1.66714
0.0452645
-4.27699
0.138589
-0.208442
-4.86847
-2.76274
0.37163
-3.51656
-0.259487
-1.06136
0.86048
-7.88014
-1.32914
-0.969105
-1.41563
0.883051
0.899335
0.103558
13.1264
3.67217
0.621816
0.430722
-0.796509
-1.90084
0.337098
0.925302
-3.0174
-0.530661
1.00543
0.304838
1.24568
-0.0692379
-1.47691
-0.472341
0.191704
0.118457
0.112367
1.57475
-1.6266
2.95512
-0.906872
-6.60851
0.476104
-2.34844
-13.2486
0.349345
0.266377
-0.581081
-0.457924
0.45443
0.121038
1.24746
-1.11117
-0.213506
1.50503
-0.123336
0.584727
-1.67345
-0.243927
0.168914
-0.675154
-0.415721
0.086488
-0.336682
-0.0804168
2.04438
1.08314
2.24589
-0.0388612
1.85207
-9.45949
0.417302
0.00566931
5.2337
-2.80111
-5.0199
-0.334227
0.202887
-3.41637
2.73042
-1.26463
2.01859
0.294771
-3.53212
4.5227
-1.20631
0.953442
1.94491
2.56824
1.11975
1.32747
2.69189
1.73183
-1.44708
-1.12776
0.527358
4.56911
-0.0977937
-84.1452
0.948299
0.0489622
0.229725
-2.65093
0.216495
0.70307
26.6732
1.05555
1.43629
-2.38941
11.6896
0.20631
-1.10244
0.476734
-0.123208
-0.123081
26.2077
-123.502
0.608565
-5.95256
0.229348
-0.0565102
0.726039
-6.00104
5.15316
-0.0369425
0.383975
-0.448048
-0.509542
-1.81354
0.646889
0.550031
0.0625732
-1.10644
0.26819
0.10399
-0.582437
-4.36641
0.348186
11.8832
-0.380388
-25.1869
-1.43705
7.19695
-1.71636
0.444774
-1.37305
-0.657188
-1.10453
1.92004
1.04207
1.6362
-1.387
-0.517474
0.819984
0.132975
-2.96103
3.86187
0.0591252
-0.311624
2.67995
-0.03104
-0.260552
9.50968
-5.7317
0.284457
0.590037
-1.57697
0.474111
-1.0772
0.0490057
-0.131574
-1.80058
0.988321
-0.832121
39.8695
0.726565
-0.962901
19.6248
2.04505
5.14991
4.90127
-0.694862
2.18712
-0.655123
-1.47251
0.239958
-25.4463
-1.07912
-0.194155
-0.235785
-0.499588
-0.880724
6.61739
-2.08448
0.0950451
0.635333
-0.535506
-1.71329
0.256694
5.74582
-0.728979
-0.21285
-1.43143
1.15598
-0.5706
-0.766499
1.15082
-0.696179
-0.409515
3.13965
-0.0811005
-0.23833
-1.16023
0.384821
-0.91019
-0.906011
1.7167
3.5134
-0.625043
-0.81729
-2.14445
-3.21475
0.354059
0.544108
-0.444852
-0.150589
-5.80806
0.758776
-0.467775
2.17044
2.89402
1.71063
5.92628
1.81487
-1.06379
-0.737188
0.908981
-3.40297
-1.71797
0.0125162
-3.05046
-0.523841
-4.65448
-1.9942
-1.73969
-0.572815
-1.03398
11.0887
1.01958
2.79332
-1.80858
-1.46333
0.293432
-0.81415
8.01739
-6.41588
2.09066
1.10248
-0.165562
-0.145121
-0.853436
-0.151397
0.0647046
2.5139
18.5139
-4.72552
0.642706
-0.80529
0.80435
-0.580393
0.938022
-2.53999
0.387511
-0.299746
3.39349
-0.702943
0.309032
0.0312352
-3.16234
0.68932
-2.36785
2.546
-76.5175
1.87143
-0.0572139
-0.399327
-0.133484
-0.145696
-16.735
-3.44388
0.649177
-0.622834
-1.77295
-0.684198
-0.0111842
-0.353346
1.30829
-2.30593
-1.09261
-0.191903
-12.4421
-0.235281
0.478282
-3.1214
8.6131
2.17245
2.32497
-0.579237
12.9408
0.15602
-24.3227
-2.88129
2.51794
-8.69113
0.53075
4.3896
2.71886
-2.83441
-0.577805
2.91976
-0.328017
0.269983
-0.916441
0.00136596
0.262355
-1.48309
-1.54949
-10.8772
-1.05151
9.29522
-2.91999
0.185317
0.0097974
0.166501
-1.67855
0.561651
-0.111684
-0.787824
-1.6572
0.776854
-7.434
0.0257993
1.53972
-0.712561
-1.01852
-0.155219
-0.241145
1.83892
-1.61941
-1.98771
8.14167
0.204007
-8.65247
-0.334931
0.613739
-2.58532
0.127625
-0.92468
0.113753
-1.81322
0.0449533
0.850192
-1.52719
-1.64021
5.23004
5.60931
92.5666
0.530094
-1.09596
2.78685
-11.6611
-0.847467
-0.296019
-50.7907
2.11001
0.20629
11.6856
1.43428
0.182592
-1.98673
0.371557
1.88531
3.44641
-5.07886
-0.175275
0.821093
1.68913
0.447597
0.166738
82.5233
0.0164734
0.167448
0.844765
-0.968715
-1.51794
0.91653
-2.95684
-5.90728
0.916078
-4.83704
0.131267
0.267627
1.10826
0.764408
-7.59354
3.17844
-0.693285
0.0127701
0.264177
0.274124
-0.855986
-0.923243
0.602601
1.04948
-3.69163
0.543833
1.54907
0.658107
1.22624
1.51697
6.18112
-1.04133
-0.0954725
-0.0105676
0.318352
-0.654107
-1.99958
-3.62337
-0.193497
-1.12159
-1.50159
1.56284
-0.0678567
-1.54382
-2.16375
-0.261269
-0.2038
-0.63664
0.255271
-1.01157
1.82197
-5.47249
-0.105944
-0.798472
-5.13845
-0.890449
-0.448888
1.22108
1.07698
0.20305
0.247917
-14.0844
1.06788
1.31652
0.887948
3.06535
0.803952
-0.681877
-0.347536
0.222479
0.172194
-4.61864
-2.45801
0.46805
1.82736
-0.516168
0.807464
-1.9035
-2.36408
4.5995
0.846848
-0.740355
1.56706
-3.97849
-2.45535
-1.13081
6.93878
-0.363639
3.74102
1.39364
-7.39511
0.859749
3.4819
4.68285
-0.38324
-4.30707
1.50333
0.340618
1.256
-0.611502
1.34084
0.180377
2.44815
-2.41634
-0.861208
1.03593
-7.54616
0.606682
-0.351801
0.389034
-3.3561
-0.00745444
0.858299
-2.03602
0.255439
14.3039
292.964
-17.8632
-0.0978741
0.34092
0.765875
0.603643
-2.60022
-0.911532
-0.49532
1.20958
0.730488
-0.0693468
1.80821
0.780442
-0.755055
-1.47035
-0.372668
-1.82821
3.77857
-2.02489
0.120901
1.05591
-1.30645
0.671599
0.298216
-4.19094
0.126164
1.59974
2.00234
0.122121
-0.672895
-2.10479
-0.732691
1.09388
0.228169
-1.25758
0.463608
-0.239597
-2.17666
-0.613634
0.444584
-3.14529
-3.81818
0.0132208
1.61357
0.612345
-0.344072
-2.35548
0.206218
62.2783
-30.2368
1.03282
-1.36052
-1.92631
6.34381
0.248364
-0.311368
1.05879
-0.0254185
4.51211
-0.108867
0.409288
-0.378452
0.787858
-9.51014
0.284766
4.46446
-2.28934
-1.53262
10.1166
-2.6939
0.552769
2.65549
5.27116
1.13226
-1.38229
-0.969216
0.995436
1.79727
1.82862
-1.23244
0.042812
-0.192577
0.518739
0.65142
1.87906
0.252451
0.217074
0.499011
1.12036
0.489831
0.0013564
-1.46919
73.562
0.156255
-0.344954
23.1451
2.19791
4.53394
17.5946
0.927686
5.32019
-2.59504
-0.626698
1.51636
1.81337
1.0078
1.09293
-2.68413
-2.08229
1.8439
1.3565
7.30101
-0.288219
0.34302
1.50305
0.530658
0.491329
0.537188
19.3674
0.425575
-1.28344
-1.15128
0.241522
0.312894
1.64917
3.55631
1.43404
-0.869513
-0.571499
0.00011899
0.161328
-1.56247
0.504568
-5.11307
1.49403
-8.51616
-0.157331
0.229253
-0.601128
-1.39935
1.50277
2.72801
-3.98797
-0.872227
0.184225
-1.20992
-16.8189
-6.86964
5.42263
-11.974
-0.00200389
6.65646
0.47031
2.37931
6.62449
0.103145
-0.278167
-0.144803
-3.43268
-1.67594
45.939
2.98922
-0.818489
-1.99832
-1.97996
0.245156
1.94685
0.230403
0.337899
-0.601426
-0.0371624
-0.580248
12.3847
-0.119183
-1.12934
3.21423
-0.361834
0.64411
-1.71763
0.819652
4.62848
-0.0561471
-0.526432
2.11276
-1.30627
-0.314874
1.52967
0.354863
0.807327
-0.214839
0.614611
0.915859
-0.948131
-3.16855
1.27232
1.60342
-0.62318
-0.301907
-0.759036
1.60442
-0.828061
1.55047
-0.167519
-27.3654
-1.23852
-0.669764
0.547212
-0.150656
0.0613019
-0.093031
0.518502
-0.465502
-0.770302
1.04133
-3.18276
-1.36033
1.19934
0.830253
0.216749
81.6776
-0.1364
-3.29861
0.843157
-0.284472
0.788127
6.05703
-1.29142
0.447904
0.89309
3.38872
0.378001
7.36967
7.98874
1.32036
-0.25056
0.185886
-1.74127
3.34192
-0.187363
0.377065
3.02926
3.71596
-3.3577
0.0667395
-6.57433
2.24746
0.184823
9.10082
-0.0296372
1.55598
27.0539
-0.0820348
-0.205983
-0.89507
0.698623
1.53348
1.83228
2.75871
-7.399
0.292489
0.89509
1.98207
0.213218
1.05547
-1.7198
-1.08116
-4.51557
-1.55465
-1.07629
1.00811
-1.74724
2.39112
-0.174137
-2.48613
-15.7043
-1.06458
0.422241
2.57581
2.32149
-0.999172
-0.720911
2.46895
-0.963059
-1.83046
-10.4449
-15.7398
1.02702
-0.96588
-0.848753
-0.667968
-0.184643
-2.63238
0.319718
-5.54582
3.59954
-4.12184
2.53629
-1.27217
0.100513
-1.5473
-0.338417
-1.96569
-0.670431
0.770532
-3.15698
-1.61451
-0.884338
0.207107
0.488859
1.71879
0.0287339
0.902317
0.0669164
0.31753
-0.330669
-0.999348
-0.75094
-4.93226
-0.3256
-0.00716675
-9.41217
5.30816
-1.75375
3.07741
2.73586
5.175
-0.612249
-0.477734
0.516761
-0.447424
0.767193
-1.74445
-1.32595
-2.86178
-1.92881
0.37336
0.77897
0.014242
9.17616
3.61717
-11.5685
1.09821
2.16641
2.58198
-1.91729
-0.201558
33.0398
0.511023
-2.28632
-10.0596
0.544007
-2.69999
0.0232874
-0.539909
1.01688
-13.347
-0.421512
-0.422798
-1.65693
-3.17426
-3.10052
0.0887131
-0.270042
-0.760847
0.681888
0.089772
0.175711
-1.10941
-0.98913
-0.0243574
-3.85276
-2.43262
-0.475977
0.453472
0.376354
-0.319599
0.466704
129.384
0.373622
1.83399
3.44208
0.776795
2.43682
-0.333808
0.528713
-0.681977
1.0433
-2.46514
-0.5052
-0.103964
0.616317
2.2206
-0.907235
-0.482505
-9.77899
1.85592
0.0474537
-4.47724
-7.1675
-43.9187
0.0390952
-0.635475
-0.312844
-2.06488
-1.81306
0.241024
-3.74772
-0.241776
-0.212678
-0.529032
-0.792743
1.85006
-0.246554
2.41245
0.421024
-1.06971
0.635968
2.30994
1.30181
-11.5837
0.438868
0.919381
0.257914
-0.0862298
-0.551593
-1.58381
0.413054
3.30008
0.225304
15.9797
1.00492
-1.05678
0.553705
0.933674
-4.75831
5.38587
0.926521
-0.0714218
-3.54359
2.99623
8.30381
-0.23826
-5.44976
-8.20091
-0.128009
-0.210889
-560.155
1.16311
-129.693
0.242781
1.19599
0.39221
0.842916
14.9524
-0.15601
0.296277
-0.544394
0.0703036
-0.960218
2.7992
-1.5949
-2.06568
0.630735
-2.89141
-1.28634
-0.395488
-0.888543
-5.65326
0.188409
-4.98259
-0.138564
-2.94057
1.43897
-0.173602
-0.51493
0.684847
0.765881
-0.748874
-5.17292
1.1113
0.251903
3.6238
-0.22935
-0.786235
-2.70728
1.02427
-0.103025
-0.137131
0.826183
-1.96832
-34.7475
-1.38829
-0.332771
-1.85126
0.255127
8.10133
0.206118
-6.0833
1.67444
-0.880318
1.04988
-0.0213991
0.586095
-0.912013
3.95948
-20.8646
-4.20574
-0.0965158
0.0414334
0.766968
1.49475
-0.61123
-0.651311
0.451282
0.771404
16.1746
1.00143
0.655028
-0.301395
1.92546
0.636055
-3.55348
1.01974
1.51105
0.341501
-1.68144
0.127181
0.546012
10.421
-0.714839
8.74881
2.50304
-455.1
5.44769
0.122987
-0.808104
9.74796
-0.248902
-1.33013
13.6657
-1.45011
0.163981
-0.675893
4.55801
-0.0664708
22.9753
-2.78547
-0.367855
0.565092
-0.274632
-2.37973
8.65694
-1.13218
-0.0060137
2.72098
1.32575
22.0782
0.797662
0.471036
2.79464
-26.1484
0.87231
-5.93285
-0.449524
-0.818371
2.08028
0.870383
7.95267
-17.8724
32.9427
1.26424
-3.76094
2.45301
-3.29329
-0.166254
1.68723
-1.42117
-0.735683
-3.38915
4.63164
-1.7081
-3.49543
-0.318256
0.59323
0.427575
-0.12559
-0.416967
-2.38044
-2.75116
2.21044
-0.0144481
4.99907
0.14136
1.90067
-5.44337
-0.814877
0.327873
-0.267359
0.748196
6.15901
-0.137215
2.60238
0.542296
-0.542258
0.203221
-2.62741
1.40013
0.094
6.01284
12.2929
-0.150491
0.345323
4.17707
0.762858
2.87268
1.13907
2.1266
-2.48785
1.4227
1.03777
0.665104
-1.78005
-9.36041
0.538369
0.628355
-4.2013
0.466201
-0.239216
3.54433
0.0774927
0.532174
0.780323
-1.00822
3.06753
-2.70861
0.246012
2.65899
-0.241323
-1.8625
-3.54691
6.91871
-0.273272
-0.173255
-1.76188
458.353
30.0579
22.4698
2.07279
10.8281
0.422606
0.958786
0.00568127
0.641326
-0.193016
0.595875
-1.18494
-0.10169
0.75646
0.402789
0.125867
-0.18018
-1.91708
-1.58254
2.66323
-1.39487
11.5505
-0.752426
-0.652004
0.635479
-1.67453
1.33096
0.995135
-0.305654
5.42021
45.1814
0.166562
-3.23197
0.438524
0.694661
-1.02798
1.43225
-9.28628
-0.102974
-0.747891
-11.1728
1.55613
-0.278604
-0.149014
-0.0594255
0.638271
0.566678
1.77269
-1.34011
-1.52309
1.41633
0.697337
-1.48189
-1.05665
3.11544
-1.52967
-0.307234
-1.07052
-0.88266
0.657263
0.104854
5.27973
0.654434
0.342522
0.646306
0.021936
-0.0833472
0.377443
-3.40426
0.163326
1.37551
-0.139527
-0.565485
1.10102
-0.369401
9.9099
-0.181495
-0.698813
2.74743
-4.04997
-0.0866142
0.855568
-12.3635
1.70206
-0.795204
-0.474105
0.129881
-0.202842
0.655802
2.0457
0.93763
0.911188
0.211252
-0.409023
-8.06374
-0.627203
0.561467
-0.792936
0.919657
-1.20109
1.2148
-0.607917
-13.4281
-0.978029
-0.28502
1.43931
-0.463386
0.827523
-93.7737
0.39791
-3.55764
-2.14319
3.63306
-0.746047
-1.77227
-0.0494167
-2.19409
2.0667
0.154649
-0.0528337
-2.0086
0.64194
0.526396
0.720993
-0.656644
0.364186
0.537951
-0.758699
8.00256
-1.01845
-0.252653
-1.38591
-21.4271
1.24775
4.46325
1.01517
207.559
0.842663
-0.529594
2.5792
-14.6389
0.885635
4.01977
0.607966
-0.869011
8.1141
-0.476339
0.900674
-1.51528
-0.147743
0.175338
-0.621455
5.84082
-0.45276
-1.19211
1.13927
0.693307
-4.75469
-0.428284
3.8711
4.72632
7.06175
1.43854
0.931321
1.92339
-2.5086
2.33799
-0.0238763
1.26003
-0.307582
24.7091
-42.9386
2.65303
-4.10442
-7.43891
-0.571572
-0.00704482
-0.1973
1.96897
-0.198055
-0.812006
-1.189
-1.63466
-6.31067
-0.270899
-4.72121
0.687244
0.163402
0.0320288
-9.4412
1.77588
-5.26912
-0.606814
8.69367
-1.64873
-0.00523561
6.50636
1.19921
-0.839883
-1.95263
4.13111
0.934239
0.312607
-1.73509
-3.54714
-0.646008
1.16993
0.937994
0.744813
-0.891933
0.810965
-0.660618
1.06489
1.20558
2.44293
1.0311
0.935544
1.01975
-0.488159
-4.47179
0.132977
0.145234
-46.8067
0.715467
0.10622
0.188957
0.00395155
-9.46108
0.533682
-1.16861
0.548881
183.135
-1.10589
-2.71067
-2.5156
0.344301
0.480006
5.47309
10.1422
0.0431182
0.107333
1.8297
7.36681
-0.00158252
-0.473569
1.24836
0.84106
0.101678
1.81727
0.0946693
-0.160318
0.950768
-0.48215
-0.175677
1.1021
-3.45633
1.8357
-0.331537
0.0736213
0.0972633
-0.687132
-1.74527
0.363637
10.68
0.403277
-10.3663
0.966521
1.01437
5.30331
-2.76424
-5.48757
-0.195664
0.794977
-1.28757
-2.75598
-4.66955
-0.5465
2.36806
0.189454
-2.35542
0.561576
-1.32184
-5.81205
-1.01172
-4.73543
-0.0242366
-4.06227
-1.73103
1.40082
-3.37374
-0.50197
15.9166
0.769398
0.821838
0.63074
1.67439
-0.522997
-1.24531
-1.52539
-0.173704
18.243
-0.218198
-0.245819
0.587454
3.91013
-1.16678
-0.954047
0.702766
-1.60846
0.68567
3.2058
0.157461
-0.442853
-2.09501
-0.108033
-6.93991
0.550835
-0.432683
4.10484
0.486255
-0.412678
1.33583
0.905824
0.783152
9.04397
-0.687405
-5.17386
-2.27369
0.0740518
-0.508908
-0.268291
-1.32832
0.772677
0.644177
-1.96751
1.18525
-0.974139
-0.213437
-0.164912
-0.668561
-10.7872
-0.688219
-0.936084
-3.06716
0.195161
1.10359
0.274619
-0.373215
0.9889
0.298399
3.6674
-0.460402
-0.179495
-0.693375
-9.54015
0.845619
0.69884
0.701229
-1.87759
-0.614663
-0.419481
-3.85024
-0.878115
-2.69673
-0.699138
-9.289
0.46838
0.697629
27.6952
0.812115
4.46835
5.88874
3.15792
-0.704336
-2.47373
1.63066
-1.04334
0.0165894
2.56292
1.15695
0.145395
1.20199
-2.05278
0.728582
-0.117332
85.6399
0.658549
0.0135105
10.8712
-6.68442
1.03928
42.6213
-0.0613876
3.46631
-2.56893
-0.273745
0.0921863
-19.3211
5.04
-1.11317
0.133703
-0.728657
-2.09631
0.599288
0.950605
1.46931
-0.0172122
-1.90187
-4.45636
-0.52186
-2.96753
10.8165
23.5371
0.35646
0.637287
-0.27731
0.431354
-0.745381
1.1507
1.58363
-6.89936
0.169261
0.14332
-13.5832
-0.960822
-1.18586
4.3075
-0.461272
-3.70282
-0.33465
-1.0798
-3.35286
-5.65524
0.190796
1.42847
-0.530966
-0.764859
0.333681
0.214073
0.18401
-0.285096
0.138211
0.526944
-4.4911
-1.24122
1.82968
-0.549887
1.04996
0.618887
-0.323092
-0.465537
-1.35207
-1.1688
-0.0657746
0.58309
-0.231124
0.552586
0.483552
0.264369
0.874188
-3.32338
-0.0928808
-1.63746
-1.43277
-0.463909
1.03963
16.6153
3.67946
3.4811
4.03551
-0.792972
3.13456
3.16316
1.2633
-1.19614
-0.323198
11.6664
0.896565
0.0804844
0.270843
-0.927472
-0.887639
-0.0942653
0.413579
-8.22384
-1.97796
4.20982
1.66545
2.52688
2.68854
0.967678
6.78715
0.326604
0.709578
-0.137607
-1.23511
-1.5191
1.04274
0.333279
-0.107649
-0.784396
-0.358108
-0.129142
1.10735
-1.20644
0.415839
7.95353
1.45285
-4.54955
1.26073
-24.2106
-1.18551
0.380347
0.272433
-0.741351
1.83223
1.49983
-0.0907088
-1.35173
0.466768
-0.431572
1.01581
5.21085
0.308495
0.393181
0.780326
-0.180013
2.75204
-1.82464
-1.06554
0.458451
0.0694233
1.65037
-0.178413
7.77235
-6.47371
3.67378
-13.5426
2.03294
-5.76007
-1.35909
3.22418
11.5371
6.13634
-2.96029
0.302292
1.35423
0.412765
1.42079
0.58426
0.243425
1.18909
0.962448
-2.58227
-2.16315
2.03345
1.14385
1.51076
0.865175
6.86616
3.81215
-5.90569
-0.336142
48.0359
1.02614
-1.66767
-1.28236
0.424451
1.27995
5.89133
-0.987827
3.23368
-1.61326
-0.783307
-1.88063
-6.81384
25.0506
1.45008
-2.54705
2.44721
0.0529288
0.0269625
-0.785471
4.01081
0.199677
-0.314767
0.163883
-1.45005
-0.53251
1.49193
0.178649
1.04546
-0.42993
5.94518
-0.266218
1.7393
0.087016
-3.39959
56.0856
-2.06129
1.77975
3.69457
0.322217
-0.201454
0.0348351
-1.091
0.134919
0.351193
0.283902
1.47417
25.4009
-0.392213
0.737114
-0.947067
-0.722897
-0.639424
0.991278
0.70411
-0.146979
124.984
0.138657
-2.86304
-0.641015
0.331278
1.21593
-0.804985
-2.61904
0.130812
2.70148
2.39517
-0.511906
0.473457
-1.53755
-0.280421
-2.4872
-1.00746
-0.611651
0.354348
0.550673
-0.953601
0.438503
-0.997829
0.982445
0.256397
-9.93877
-0.636374
0.985769
-0.41513
6.57866
-0.96638
-0.5338
-0.511835
-0.266905
7.89785
0.328917
-1.13901
0.535824
6.31027
-0.965759
0.165777
0.406382
1.50536
-1.20905
0.305793
0.618568
3267.05
-0.129988
10.393
3.01949
-0.616502
0.497114
-0.538402
-17.2324
-0.585446
-2.60134
-2.81771
-1.06738
-1.03361
0.311377
-1.61177
0.319193
-0.16419
-0.117529
-2.09265
-0.563266
-0.343879
-1.60355
0.863456
-3.79243
1.61357
0.140053
-1.94595
-3.38822
-0.583731
3.73518
0.237552
-1.19353
-1.47622
1.39317
0.0631765
0.706583
18.7096
3.58359
0.210731
1.57885
-0.4273
0.666449
1.29176
-0.453708
-0.906973
3.92281
-0.327882
-0.317427
0.216211
-9.79721
1.43015
2.46145
-0.432427
-0.948981
-1.58629
0.0357688
1.65529
-0.871729
-0.185386
-2.30066
-0.101533
-1.48691
-1.08012
0.210424
0.0970335
-2.65911
-1.14561
-1.75954
-3.00897
0.355
-0.572729
1.69318
-0.0985985
1.73795
0.665452
-0.643919
-6.12535
-2.29723
-0.468214
0.0898187
0.105292
0.412964
18.6826
-2.00023
-3.44077
-0.523134
-0.111712
0.95916
-3.0408
-0.960477
-2.35939
-0.270781
-2.39736
-0.456651
-2.0176
0.419382
-2.38889
-1.81575
1.50601
-3.50924
-5.77767
-1.35814
0.180826
1.18531
0.853258
-1.1734
1.90473
0.551264
-1.76894
3.81973
5.07643
1.3795
-0.621573
-0.609312
-1.42427
0.708999
3.01653
0.625339
3.17646
-0.599731
-4.22089
0.862693
14.2432
0.0433767
7.49086
-2.42881
-0.916041
-1.32504
-1.04368
0.148545
-2.11695
1.04205
-1.05504
-0.31686
0.916848
-4.31625
0.270818
-0.15041
-1.16494
0.921861
9.46738
0.708326
-0.569132
0.457375
39.0438
-59.3781
0.450626
3.29091
-8.30429
0.586996
1.94838
-0.943192
-2.12285
3.40189
-0.123455
1.17869
-0.491016
-0.959156
1.61278
0.345503
-0.429376
-0.133024
1.7687
-1.90691
-0.425923
64.9635
0.0883811
0.968787
-0.993832
-1.24134
0.0435027
1.07944
-0.378964
0.412381
-6.21114
-0.454565
21.9242
-1.22342
0.0449468
-4.70351
0.523581
3.18942
-0.0835121
0.559612
48.6806
1.15182
-3.77047
-0.713929
-3.58712
-0.599843
0.513056
0.266488
1.09687
-1.54057
-2.88446
-0.745922
-0.563426
2.23607
-1.30693
0.523145
-0.98059
-0.621632
-2.25729
-33.1686
-0.126687
-1.54323
-0.50857
2.16916
-27.6942
2.97589
-0.0939096
-0.0253029
0.229774
-0.142808
0.0439154
-0.930166
-7.2016
-0.235772
0.236278
-2.41658
-1.61907
-4.63018
-2.43884
-2.75057
0.273559
-45.4519
-2.24153
-0.43244
6.96219
0.297837
-0.773868
-7.86968
1.57633
0.277968
-0.344785
2.63692
1.06084
-0.053825
1.93056
0.375312
-0.301857
-2.73203
-0.300389
-0.882675
-1.47934
20.9857
15.0729
-0.175554
0.513024
-1.23172
0.30388
0.0693787
-1.01522
0.0764218
1.84657
0.391313
-20.2263
0.221755
-0.439701
0.381159
2.66994
0.87052
0.472552
-0.402424
-0.0201135
2.95754
0.633176
-1.39356
-0.619929
0.0861217
-0.192361
2.57229
-12.2064
0.318997
-0.550479
3.08625
-1.68635
1.4339
0.0726064
1.86401
-4.15641
0.267821
1.53865
2.00609
-14.4045
0.682029
-1.11213
0.231059
4.40987
-1.50657
0.486631
-1.01631
-2.82217
0.180856
-1.91109
12.6967
1.48138
0.131296
-3.81496
-0.135483
-0.694287
-0.0365742
-0.63599
5.098
5.49254
0.804968
-0.231511
4.25064
2.22661
-6.71865
-0.684405
0.312596
9.66361
-1.54795
-0.171059
0.193116
-19.1216
1.61534
-0.899324
0.791089
0.901568
-42.061
1.26916
0.356903
-0.92324
-0.61267
23.8035
0.0698843
-0.760254
-7.55428
0.859995
0.707772
-1.63394
-0.597896
-7.34338
-0.0115959
-1.16113
-2.2448
-1.63521
-0.00693561
0.499314
-0.703576
-9.71148
0.446179
-1.7101
-0.0117965
-2.06272
-0.445248
-0.0428413
-0.0573637
-0.181069
-0.700168
0.748773
-1.97908
-3.84927
6.84835
-0.670876
0.516766
-0.78388
-2.69334
0.102394
-1.02029
2.22507
-1.99285
-2.5268
-1.88401
6.17084
5.49806
-0.974224
-0.887766
1.42454
0.149656
-0.693223
-1.43155
0.437267
0.0868371
-0.612783
0.764357
-0.100914
-3.27211
0.292902
-0.377522
0.0184644
-1.54265
-0.985093
-0.414992
0.523803
-9.99903
-0.747277
0.218538
0.427771
2.51475
-11.338
0.432113
-5.20345
1.8415
-0.578535
-0.531156
-2.11973
-115.111
0.428689
-0.288041
-0.205096
-1.03881
0.00608907
-0.294459
-2.38228
1.04862
-2.92151
-0.710612
-0.212427
-0.479145
0.691517
-10.1612
0.058253
0.610492
-3.16309
0.757976
-1.02045
3.64099
12.5055
1.27715
-1.12533
991.728
13.4845
0.270602
-106.076
-1.72975
1.84492
0.448518
-4.04007
4.59305
-0.456277
0.307037
-2.34435
1.18542
-7.56984
-0.276813
-0.803647
0.592413
-1.81702
-0.228459
0.380769
-0.216637
1.94916
0.857965
10.3934
3.75759
-0.460885
0.205733
-0.792748
-14.1487
-1.22362
-3.29838
5.40625
-0.736686
-1.5201
1.04259
1.18349
2.70505
1.02815
-0.0966486
2.17748
2.92739
0.460046
-3.76413
1.23595
5.36719
0.219349
1.24107
-1.28389
-2.91765
-0.501548
-3.38369
0.310185
0.411616
0.565255
-0.735616
-2.56407
3.03821
0.684821
-0.383731
0.0665582
0.0316819
1.71141
0.0170126
-0.344539
0.1988
-0.959164
-2.46641
-7.36354
1.35276
0.170189
0.560795
-9.69311
1.05488
-0.142992
-7.1957
0.517569
6.68433
16.6402
-9.95996
0.0315349
2.69758
-7.95006
2.88142
-0.226224
-1.34431
2.05098
-0.722599
2.77707
3.52059
-1.99174
15.2447
-13.9511
0.912215
2.73104
-0.768381
0.0121558
-1.5261
2.32741
-1.27121
0.156531
1.36245
2.49092
3.97809
-0.342809
-0.414225
-0.649392
0.0490508
-0.650624
0.808798
-6.08778
-0.825535
42.9269
-4.50669
8.22316
0.410636
2.25289
-0.222604
-10.7443
0.74597
-1.44626
0.830046
0.20091
0.672177
-0.657861
-3.76076
-0.303288
1.63833
2.55715
-0.112723
-1.08013
-1.972
16.329
0.392205
1.1391
0.669047
-1.66506
-0.0801231
0.861099
-2.30347
4.72751
1.54161
-6.63182
-0.545004
-1.33832
-2.88899
-4.20453
-0.100477
-12.9598
0.515007
-0.324537
5.15671
4.19931
0.557929
4.32567
-3.25958
27.1199
10.858
-0.00147527
0.178962
0.389906
-0.0372455
-2.27314
-0.916622
-5.61488
0.00721358
-0.615503
24.6145
-1.5053
-0.686962
4.51133
0.494419
2.52819
-1.73369
-1.88216
-0.134885
-1.97129
1.79854
0.129427
-0.601761
0.620532
-5.5891
0.978642
0.862743
0.694686
0.365045
0.954972
0.243708
-1.26386
1.75466
1.0944
1.85474
-1.40309
-0.417823
-0.979821
0.439362
-0.21243
1.45183
-8.84045
0.640656
0.42081
0.141091
0.66377
-0.360327
-4.05596
0.786331
0.203509
-0.395837
-9.82411
1.16601
-3.02895
0.30151
-1.16144
-0.232586
0.861197
89.1937
-3.76459
-0.142331
0.671346
0.416266
-0.268673
0.778177
59.3091
-1.22325
-5.79075
0.15584
0.0208923
0.570381
6.05641
-0.202357
-2.77832
0.404726
13.49
-0.3906
20.0121
-0.326336
-4.32736
0.398373
-0.0446765
-1.08217
-4.58281
-2.01718
-3.64916
1.05698
-0.704981
1.60167
2.76769
-1.06814
-1.1102
-0.0741556
-0.942306
-0.75278
1.091
-0.0904175
0.316952
-1.81706
-0.271694
-0.360497
4.85844
-2.98645
0.0499943
-11.8349
-0.594685
4.14413
-0.86861
0.0671669
0.355381
-13.1854
2.32044
0.0494285
1.08858
-4.8745
-0.699411
-0.695307
3.98703
1.00494
-0.0419579
0.869235
0.427198
-0.732337
70.0278
0.0487832
0.262989
-3.06799
-1.95626
-0.28339
-1.1371
5.25024
-0.274415
-1.83062
2.02174
-4.01126
-0.521238
-0.0167677
-4.59921
0.108659
-0.392945
0.549608
1.2415
0.889128
-2.33299
-1.17857
0.476375
-0.588168
-0.559438
-0.418565
1.1629
-1.40111
-1.29065
0.101051
-1.39936
0.280524
-0.980293
-1.23237
-0.0213933
5.5375
0.0262742
0.259319
0.0728425
-1.16548
0.29973
4.61907
0.0871771
-0.363746
-1.09596
0.592205
-6.2228
-0.513756
-3.1452
-1.29497
-3.2551
-1.03728
-2.52601
-0.122719
0.628584
-0.0459642
0.117083
-0.561043
-0.170931
0.394123
0.741949
-4.42402
1.17826
-6.93641
-0.983924
4.83093
-0.576004
0.645117
6.95388
-0.908308
-1.05885
-1.16112
1.14514
-0.345288
0.633159
-0.509293
5.27102
3.88325
-0.0719188
-0.00970108
-0.319422
2.89186
1.2442
-0.0329875
1.45929
0.474854
0.483971
3.62576
-1.67017
1.69125
0.906899
1.49927
2.41997
-1.38046
0.455246
0.0699676
-0.915452
-1.44332
-0.112426
5.22563
-0.0098563
1.44268
107
-111.043
0.431447
0.632788
1.00925
0.245187
0.887413
-4.25251
0.387479
0.961279
2.94978
100.633
-0.634877
0.799829
3.33929
30.2496
-1.80481
0.398877
-0.353122
0.421182
3.27074
0.960551
1.64478
-1.37315
1.40847
-0.0831694
2.50742
-0.419707
2.22666
-7.65192
0.0450293
0.00377058
-0.583073
0.881922
1.81379
1.50934
0.410798
0.720559
0.0357351
2.66059
-0.916778
1.71539
0.155891
-0.622364
0.09297
-0.22977
-1.18307
-0.896564
0.315651
5.7793
5.55674
1.58976
0.935975
-1.10566
0.416322
0.688045
-0.0184823
-2.04981
-0.0841789
-1.13012
0.928725
-1.47911
1.91687
1.39853
1.76361
-0.518882
-0.0908292
2.39579
1.603
0.538236
-0.804634
35.1577
-0.0841044
-0.618873
11.0187
-1.62182
0.273377
-0.874013
-1.07059
-2.76108
2.97126
-3.01196
-1.31893
-2.83019
0.612515
-1.55153
2.35795
-1.10319
-0.34667
-1.23054
-0.714211
0.15668
-0.395227
0.735467
-4.20138
0.164989
-1.30283
1.43557
-0.112127
0.429455
1.88392
0.901213
-0.700617
-1.15982
-0.853026
-0.404472
-1.59198
-0.2213
0.92107
0.175488
-0.250339
1.21641
-3.64672
0.161364
-1.78003
0.713685
3.48068
0.49141
0.475983
0.85007
0.0113127
-7.37649
4.55898
-0.829818
-1.10122
-0.307398
-0.787227
-11.5206
3.27533
-0.059099
0.446506
-2.15256
0.968357
0.805573
7.58167
0.993236
1.37483
-2.56923
-0.180161
0.714125
-0.0648809
0.713384
1.82323
0.764515
18.2283
9.44559
10.6547
0.399712
-2.03785
0.197325
-0.817619
1.24478
0.88406
-2.54427
0.202
0.663583
2.86001
0.454309
-0.551367
-0.787885
-2.81627
-1.43993
-6.89148
-0.339108
0.316329
0.0570717
-3.09675
11.2801
7.6517
2.74044
0.257854
0.905659
-0.0666701
10.4651
-9.67168
0.390365
2.40089
-0.666417
2.343
0.495565
-3.07149
2.44803
-2.91024
-0.37327
1.38165
0.395964
-1.45164
-0.543416
-1.92926
-1.37922
0.849258
-34.1374
4.1985
1.66849
0.856423
-0.0356155
-0.448487
-1.86074
9.54817
-17.7694
0.206397
-0.232568
0.333745
0.360501
1.26961
1.7297
1.39089
-1.91716
25.3198
-25.7254
-1.87766
0.822336
-1.45449
-1.65222
-0.148621
-0.190045
-1.0279
0.222196
0.0382976
-0.012864
1.9187
0.841552
-9.60624
1.02245
-4.71221
-0.450023
-86.5901
20.3722
-0.0699763
-0.751711
-0.080127
-4.08872
-1.15642
-1.0961
1.50232
0.308828
-1.92837
4.40878
3.54387
0.48417
-0.655446
-5.44913
2.31672
1.04405
0.314643
-2.11193
17.7384
3.08088
-1.55189
3.3893
-0.164418
-0.0823379
0.197247
-1.74143
-0.992229
2.92466
-0.640594
-2.10385
-1.03903
-0.483806
0.441377
-0.659026
-1.39922
0.080674
-1.56098
4.15487
0.272599
-0.141494
-0.909188
0.740783
-0.696448
-3.5592
3.88433
-59.518
-0.359433
-1.24573
-0.155778
-0.792902
-0.540931
21.6765
-6.90905
-1.64928
-0.010385
-0.242572
0.372429
0.0186664
0.245922
-2.55895
-3.65765
0.253378
1.9894
-1.24254
1.12607
-0.37759
0.172576
-2.65789
0.998035
-4.63463
-0.812557
-2.3986
36.3729
-0.430639
0.249141
0.849641
-0.33318
0.684626
-0.308864
-7.11202
0.155227
1.62527
-0.0276103
-3.2941
0.00877626
117.073
-0.995613
-0.0200409
-0.49652
0.547883
30.911
2.7799
-0.0509878
0.34685
-3.21444
-0.277482
-0.608681
-0.156551
1.00409
0.145621
3.43436
0.361266
-2.28882
-1.3688
-1.86279
1.9054
-1.48159
1.37997
0.44182
0.825526
-0.616222
-8.12216
2.25609
1.12441
-1.17522
-37.8479
1.40861
-1.11427
0.771553
-0.317261
0.255809
2.86278
0.391702
0.813871
-5.43926
-0.150666
0.349174
2.70696
3.03743
0.248019
26.9533
-0.0906823
0.340147
7.33945
0.455178
-17.0897
4.36696
14.5399
12.3819
0.531411
-0.970954
-2.42439
-4.8241
-5.61186
0.221703
-0.30694
0.277301
0.152397
-1.37528
-0.48397
4.4929
87.8451
-1.08059
-0.875154
0.639787
0.474647
1.2759
0.148795
-0.453825
1.09428
5.28751
-0.104905
-3.17303
-2.21399
0.528796
1.01544
0.703603
-0.107218
0.0241229
-1.16708
0.427574
-1.82567
-0.215623
-0.704777
1.30534
1.03312
0.679609
7.06314
1.0061
2.21129
-0.048296
-1.78385
-0.268199
-5.46957
0.278712
-17.7619
0.956083
-0.138071
-0.101928
1.7727
-0.397004
-2.14125
-3.73373
0.741585
-0.395346
-0.378848
-1.51155
-0.891245
-0.81502
0.489463
0.0403664
-6.87345
15.2042
-8.01979
0.00267272
-2.11756
-0.243732
-2.85595
6.33326
-5.42052
0.164145
-2.84029
-1.5306
-1.84293
-1.65127
0.497287
8.78041
0.61599
2.141
-1.27158
0.868073
4.63927
0.0552412
-3.25493
-0.120612
-0.498318
1.76205
-8.31502
19.3911
0.0547564
0.498156
-0.546956
0.323386
1.40442
0.768467
0.649781
-1.08568
0.53663
-0.747635
0.303932
-1.01132
-1.02554
0.0713986
1.5391
-1.08725
5.06893
-0.90118
3.19773
3.67972
-2.99031
-0.743142
-0.761578
-0.435464
-0.430607
0.224022
2.00736
-3.48489
-1.15067
2.48098
-0.447945
-0.144535
-2.43568
1.54842
-9.07238
0.0580363
-0.616897
0.329513
-0.179299
0.801751
-143.021
-1.70944
0.777136
-0.215425
1.10569
0.510428
0.0170157
0.608682
0.079005
0.206961
0.105298
-6.59844
1.31352
23.391
-1.30832
0.0880329
-1.84243
2.36017
0.015519
-0.189072
3.04168
1.15779
-2.39868
2.12175
-3.33699
-8.36671
0.987846
4.69723
0.0470894
0.483036
-39.7637
0.940883
0.215056
-1.66997
-0.504214
-1.42978
-4.24063
13.9181
1.98953
3.52631
-2.58475
0.848843
-1.51853
1.50929
0.345944
-0.288985
-1.38533
-0.548787
2.02471
0.0924953
5.5841
0.241207
-3.50197
1601.58
-0.532374
-1.00285
-0.78132
10.454
0.305786
-2.55978
1.14881
-1.12336
-0.569664
-1.01122
-0.399466
-1.61941
-0.311938
-0.873469
-0.0283512
-0.880198
-0.357356
28.6055
1.15951
-0.506264
-1.2903
-4.23245
-6.05497
-0.545454
1.32008
0.234734
1.67445
-0.189538
-17.1819
0.229991
-0.967396
-1.26843
1.1635
-0.610374
-2.38622
0.297758
-1.36319
-1.28341
-1.12104
-0.780177
-0.175695
-3.52746
1.9736
-0.241856
-1.65164
-0.890898
159.872
-0.383599
-2.99784
1.36726
-8.32683
0.415042
-0.899207
-0.1667
-6.32976
-0.300078
0.52981
18.4344
-0.231748
1.18802
0.402139
-5.05805
-2.1496
1.43351
4.21641
0.424117
3.9114
-0.395664
0.360277
-0.107772
-0.131934
-3.58306
2.01379
0.420661
-0.115118
1.23952
0.17632
-8.13007
-0.697007
-1.42365
4.33891
-1.52449
0.497209
-0.0376328
0.577909
0.396276
-0.818492
0.505141
0.0539119
-2.88687
1.35407
0.449568
3.13253
49.0502
0.112846
74.9386
0.412578
-8.31726
-1.10436
0.951943
-3.30576
1.42968
-0.867415
4.92749
12.142
-1.13377
-0.372317
-0.295509
-0.237113
-4.89892
1.14685
0.709559
-12.877
-0.780852
-2.44194
0.874483
2.08217
-0.254982
6.7887
-1.88299
-0.147612
0.553102
1.0663
1.12001
0.648705
-0.455263
-4.84217
-0.345821
0.500802
0.405523
0.749474
-1.44277
-1.94393
-0.0351464
0.732623
-0.11583
0.513063
0.604293
-0.146016
1.54294
-0.15425
-4.6734
-1.47342
-0.993589
-1.71012
-0.406067
79.3582
4.51726
0.862464
0.0573613
1.23802
1.18645
-5.18628
12.0072
7.11001
3.15999
0.925143
-0.284506
-1.79471
1.5076
0.321107
2.29684
-1.52733
34.5841
-1.21886
-2.20211
1.13362
3.35933
0.339228
-2.90467
-0.979628
-6.22331
3.61267
6.93968
1.98905
-1.93501
-23.8
-6.26084
0.198518
-0.205066
-5.51824
-1.47164
0.426113
0.174657
-1.42728
18.1117
0.393448
0.755683
0.3548
-2.17319
4.15639
6.15822
0.358037
-8.08394
-0.56713
-0.162836
-0.013978
1.21784
0.148224
0.902883
0.362006
1.03968
31.2054
-1.59971
-0.861719
-7.93529
0.458696
-0.11663
-4.93021
0.489537
0.916513
-103682
-2.04107
-0.192129
3.26122
-0.854504
1.00859
-1.68866
0.221376
0.522119
-0.578817
-1.11081
0.528473
2.23704
-1.90207
0.935531
-1.75016
4.54399
-0.837338
0.567566
0.746401
0.90302
-2.36253
-0.434179
0.361214
2.94632
-0.628656
0.608388
-0.260133
-2.19872
0.591144
0.563278
-0.559668
-0.768998
0.107306
-0.717888
6.38846
1.38938
-0.370032
1.85051
-1.63684
-2.66216
-0.985889
-0.466015
1.18651
-0.00716189
-3.64472
-10.9043
-0.283457
0.123859
-4.9899
-1.3761
0.116987
0.0988839
-1.15557
0.62219
-0.680915
-1.04148
-20.6076
-0.265333
0.208064
7.07809
-0.618534
-3.99341
-0.467088
89.2455
-0.358237
-0.417078
0.867659
-4.10844
-1.58838
-2.07411
0.850144
-0.769684
-1.94257
4.59015
-0.249226
-0.615758
5.69622
-1.40205
-9.31781
-0.179481
-0.736511
0.923201
-0.274318
1.08871
0.273641
0.157864
0.669757
4.58745
-0.243388
0.940376
-0.629458
0.834741
1.50856
0.422483
0.0332234
-8.12796
0.464586
0.614419
-0.101789
0.535119
-0.147503
-5.00449
5.10283
2.53528
0.134549
1.51078
-1.37731
1.03109
1.2399
-0.697745
0.852953
8.53145
5.12409
-1.01051
0.613449
3.04435
-1.27463
1.43663
-1.07829
-0.474249
12.1802
0.316894
-0.678317
2.64021
-0.562731
-0.867965
-0.164172
-0.389518
0.230162
-1.01508
0.372086
1.05949
1.15734
-3.82113
0.0609424
0.13866
-0.65061
1.12658
-0.264978
-3.03685
0.652043
3.87858
13.2054
4.92756
9.11891
-10.591
3.00682
1.04959
0.294078
4.43614
1.34289
-7.62792
-0.690281
-1.63635
1.65092
16.5732
0.0398529
-6.42155
0.621188
0.674227
0.804751
0.148272
0.287813
4.51506
0.662551
0.991598
3.16297
-0.378197
1.78215
-0.403107
0.47589
-0.885534
1.89589
-3.64387
0.0655514
-0.868219
2.99583
1.87594
-0.76123
-2.67092
-0.47753
-0.320019
-0.735789
-235.661
-2.53415
0.720792
-0.551859
0.00342742
4.56806
0.18
0.341163
-2.89678
1.85228
-2.64465
-1.10992
-0.231868
1.71166
-1.46956
-57.1244
1.11857
1.0647
-0.658162
-0.986735
0.556418
0.0387818
0.882748
33.2346
4.47401
1.3441
-2.10617
-0.464367
-0.0305258
-0.243257
16.9162
-7.81909
-0.666184
1.57249
-2.01641
-1.61589
3.45916
0.452089
1.09835
-0.0897253
-5.93601
-0.585059
-1.79481
1.02546
0.0867476
-0.170039
-1.15115
0.183102
-0.838764
1.8816
11.8883
0.0524461
4.35413
0.0349521
2.22326
-10.0169
6.23638
0.408363
-0.293695
0.540801
4.61608
-6.8436
-0.633125
-0.298556
1.7877
3.99472
-0.455055
1.31137
-1.26407
-0.306432
-6.96232
-18.9705
-5.17385
-22.7329
-1.68453
0.263926
-0.0910721
-1.41704
0.367571
-14.7151
0.219747
0.735953
-0.100211
1.19545
0.514827
0.395316
-0.771393
-0.527804
0.784612
0.0401834
-0.392568
-0.0376475
0.400499
1.23967
1.64729
-0.347001
1.84769
-22.2012
0.0314517
-1.33079
1.02332
-1.85669
-0.303765
0.0811989
0.238203
2.348
-3.57497
6.19872
0.0720294
0.208262
-0.323248
0.163989
0.0854878
-10.5477
-0.581867
-0.46012
-0.721983
-1.73184
0.436473
-0.051689
-0.0209462
-0.537921
-9.54986
-0.0858566
1.37422
1.12087
-0.0355551
0.418017
1.3435
2.52396
-1.38705
-59.0354
-1.11916
96.0616
-20.5642
0.358079
-0.172319
-0.458499
1.1102
-0.546842
-1.72263
-0.613032
3.2109
0.318158
-0.120411
-0.882565
-5.10423
-7.17334
-0.117229
5.27768
27.8793
-8.76107
1.16402
-0.857427
-2.90613
0.122343
1.62193
-0.830546
-4.59386
-0.430462
23.6987
1.00501
1.01604
-0.325872
0.603985
-2.11281
-0.330042
2.12728
-0.100953
1.1582
0.039191
20.8528
3.02204
-0.502044
-0.850349
1.608
-0.571532
0.253034
-0.860672
1.28407
0.577687
0.541394
2.83198
4.98484
0.563219
-1.86178
0.213989
0.524989
-0.941263
-0.491589
1.11622
-0.400563
-4.65832
4.9586
-2.12755
-0.0676059
-3.09508
-1.17314
-0.940067
-0.165123
2.76196
1.11893
-0.679588
-0.931785
0.0677523
-9.56502
-1.15199
0.342039
2.10713
4.09545
-0.807108
-2.52705
-2.385
4.26627
-4.21496
-36.61
2.21537
3.47481
-138.382
6.3555
-0.897064
0.0306125
10.6676
0.697538
0.738855
-0.616563
0.597088
-1.47029
-0.112521
4.82063
0.354004
0.125024
-0.61816
2.55139
0.618735
0.627269
0.813094
0.565969
0.530404
-0.0875431
2.44024
-0.708257
4.85078
-0.174037
-0.122475
1.55642
-6.70212
1.38412
-1.16239
-3.53701
2.58422
-0.236988
-14.6614
0.60677
-0.601773
1.05331
1.70799
-0.488218
3.49401
0.353514
-1.2452
1.21755
0.478163
2.31899
-0.699157
-11.4078
-0.550505
-0.135289
1.02631
-0.0601786
-0.908542
-0.745775
-0.356463
-1.28163
1.40878
4.44321
1.4118
-2.5227
0.612572
2.73869
22.0716
-0.0784396
-0.649995
0.97507
0.900233
1.056
1.24015
-0.203517
-0.168644
-0.261262
1.24158
0.323256
2.38437
0.279354
1.43046
0.19456
-17.0054
0.461003
-2.44375
-0.54658
0.304371
1.40224
1.53996
-0.688887
-1.11259
13.61
1.46657
2.03601
1.10355
1.95337
0.479598
-1.37961
-0.584586
3.88843
-0.555128
-0.557527
-0.438075
-0.186378
0.186266
0.745899
0.716201
-1.95754
-0.657612
0.0823616
-0.272673
-0.985435
0.97732
0.0427228
0.48722
0.463553
1.00374
-2.09082
11.8862
-0.676835
53.0138
-0.221683
0.189638
156.921
-0.937157
-2.0257
-0.884294
-1.358
-0.311339
0.106941
2.85134
1.32915
-11.8497
-0.129952
0.221155
13.1354
-0.341975
3.98214
-0.171641
1.62717
-1.41212
-0.225542
0.513621
-56.9181
-0.631538
2.34438
0.939779
-47.7453
-1.09116
-0.473782
0.156697
-2.46
0.381339
-0.00108517
-2.71865
0.498765
-3.71082
-7.26411
0.486445
0.925527
18.7845
-0.543605
-0.669694
-0.608304
-2.49023
-0.303165
0.104468
-0.292568
-0.0183549
0.768568
-0.174347
0.622479
0.174618
0.346544
1.25758
-3.77275
-17.9904
-0.309839
-1.18218
2.36039
0.531499
0.201296
0.652499
2.95955
-0.123359
-0.37438
-1.5044
10.3976
-1.5095
0.69983
-1.66447
2.81125
0.882565
-0.0914737
-10.3404
0.482234
0.226097
0.192999
-2.8291
0.99839
1.03242
0.743436
0.876649
-0.639951
-0.78231
3.12771
0.368554
-1.80688
-0.482075
-1.23869
-1.48362
-1.54266
-0.417984
0.767629
0.662797
-1.22091
5.72142
0.430109
-9.13636
3.18782
0.309207
-1.67091
-1.31117
-4.15381
-1.66199
-0.610898
0.152354
-6.14458
0.103055
-5.73028
-2.57152
0.00147027
0.162234
0.23837
-0.325281
0.0179548
0.229453
4.10548
0.337815
3.64025
-2.21593
-1.87329
-9.6693
-3.27684
-2.65898
-3.42318
1.61788
0.424865
-1.45748
9.62035
2.56831
-0.650818
7.00863
0.825888
-0.253739
0.676782
-0.601563
-1.50568
-0.00639382
-1.30175
0.126499
-0.374804
-0.661128
0.0801704
1.32
2.95225
-1.06703
4.13101
0.692025
0.824979
-1.07694
-2.50594
1.9182
0.923629
3.59411
0.509086
0.94518
4.2049
-0.175675
-2.36969
0.585529
-1.8942
3.23592
-0.814396
0.402161
0.44808
0.907125
27.9452
-1.42275
-0.698103
-1.56457
-0.439829
-1.98026
2.42366
0.644861
-2.47926
-3.36762
-0.588633
-0.848877
-0.189021
-1.59544
-1.54381
-0.733031
-0.115198
1.20258
0.936435
-0.505575
1.50784
-0.48157
-0.0342494
-0.117447
-2.17457
-0.524909
-1.47887
-2.08126
12.1753
-0.11335
0.488523
-0.307724
-0.285596
-0.858949
0.511716
2.02457
0.254411
5.78778
0.140821
-0.891789
-1.36389
0.506541
-1.2252
10.6473
-5.26026
-2.6525
0.586563
0.713834
0.682151
-0.150545
8.9976
-4.83047
-3.45563
-0.80512
-20.7328
0.347535
0.1894
0.486608
-0.0747229
-1.48566
0.555252
-11.271
0.634779
0.174997
1.62215
-0.309606
-0.467087
14.2541
-0.52818
-17.9292
1.47193
1.3064
-2.40956
2.18697
-1.40668
13.5449
-1.76958
-0.68624
3.5147
1.41686
-5.21791
0.298378
4.64884
5.35226
1.97905
-0.774774
0.356181
-2.10819
0.805271
-0.0315668
6.68707
4.30216
1.29999
-0.493697
-1.78065
-1.35698
0.697186
-0.743117
-0.504238
0.283713
0.811247
-0.98239
0.243851
0.550598
0.832169
2.50675
1.49495
0.40314
-1.41991
1.28076
-0.110259
-3.41025
0.00087506
0.480966
0.431422
1.05376
0.0626942
0.806698
-0.106615
0.363646
-2.74099
-37.69
0.938532
0.351892
2.42162
4.42574
-0.590908
0.243741
-0.461626
2.7615
2.64192
23.6932
3.97479
2.64639
1.38024
1.85604
56.3556
2.13747
-1.08032
3.46518
1.34109
-3.08396
65.6708
1.36009
2.42122
4.66535
2.51033
-0.321503
0.319746
21.7318
1.03952
-0.0315221
-0.0522026
0.97437
3.56019
0.253444
1.49153
0.905639
-0.401366
-4.40886
0.764069
0.765548
-0.093297
-1.75572
-1.77614
-0.724924
-1.28357
0.452474
0.391117
0.504745
-4.47592
1.5456
4.30673
0.0862029
0.378363
0.464092
0.0103132
-1.13485
3.02125
-0.294405
-0.0417563
-5.86268
-1.54869
-3.29604
3.948
-0.540877
1.54029
-0.878376
-7.21315
-2.05296
-3.56967
-0.308349
-14.0901
-4.49986
-2.40106
-0.880855
1.36181
0.287329
22.52
0.757541
1.09109
2.45392
-0.483391
-2.50642
-1.90183
3.31002
-0.341689
-0.67369
-7.09026
-276.674
-58.7278
0.426394
0.226739
2.0519
12.3748
-2.01625
-4.72
-1.3236
1.24628
-3.83552
-1.09094
-0.398816
-1.17393
1.3599
-3.65129
1.44578
-0.729442
1.84707
1.63263
-0.177327
-1.26116
-0.820783
4.88579
-0.283816
-3.86421
0.223212
0.848517
-0.568044
-0.158384
-0.143336
2.27755
-0.637013
-2.95371
3.16119
3.31546
-0.561299
0.748809
-4.43073
-1.14009
-0.0102107
0.16894
1.57439
1.47494
-1.53415
-0.0906638
-0.740841
0.923783
4.62104
6.05505
0.361514
-0.320724
0.46994
1.31192
-0.279154
268.46
-0.376727
-2.34751
1.87193
2.76006
0.0937224
-0.178896
26.9964
-7.92684
21.1875
-2.5741
0.643932
0.286403
-0.960459
5.40431
0.504314
1.36067
-55.0765
2.12729
-1.69689
0.975649
1.49045
0.868519
0.220867
0.376445
0.579236
0.900164
-0.223923
0.611632
-1.06864
-0.899571
-2.26808
0.581539
1.71778
-2.48941
0.872785
2.06359
-3.34395
1.00649
3.76653
2.66078
2.15979
0.676473
1.22174
1.4955
-0.749192
0.152577
0.0290381
0.939281
1.24743
-7.35825
-0.0544496
8.31243
0.889329
1.35811
0.356288
8.96889
-0.585694
0.765054
0.69424
0.576977
-0.0431726
0.918211
0.503893
-24.9272
0.788734
-3.83889
-0.145995
-0.319115
-27.8044
-5.3542
78.7156
-1.22472
4.12321
1.65218
41.6939
0.774959
-1.39726
2.46436
-1.7241
-1.73659
3.34151
-3.71831
0.427438
3.64525
-9.6845
0.239991
-2.29336
-0.423375
8.25826
1.08951
-1.11968
-2.34744
0.324423
-0.716243
-0.178429
0.453237
-2.32648
7.5545
-2.47033
-1.73345
1.79273
-4.26313
9.27848
-0.00774559
4.02894
0.317119
5.11264
-0.39802
1.13601
0.633202
3.67164
0.180184
0.313805
-2.66088
-10.3849
10.3889
-0.294397
-0.226375
2.21797
-0.841212
-0.191071
2.93551
230.88
1.49643
1.65747
18.3638
-1.03776
-2.34348
1.58234
4.75948
6.18549
-3.27622
-0.121725
-6.10104
0.272402
1.01758
6.67682
-3.27008
-1.12212
0.188113
-0.63572
1.81077
-46.427
-0.905205
-1.42522
-0.564721
3.15005
-0.918612
0.712651
0.970125
-0.148079
0.283509
-3.3227
0.598264
-2.31415
-0.349606
-0.276958
1.14473
-0.162798
-0.996919
-2.36202
-1.07965
-0.356923
2.14505
0.570594
1.21806
0.2238
-3.05767
2.2993
-2.78492
-0.454468
-1.93848
-0.806336
0.483699
2.15806
0.292169
-6.85084
-0.630133
-4.49919
1.8787
-0.214989
-0.618935
-0.386431
1.73019
0.537612
-0.121528
5.90283
0.298089
-1.19108
5.57498
4.12657
1.91474
2.27837
-0.103422
-0.145099
-2.26861
-1.28615
-3.9225
0.531548
-10.3487
1.10536
9.62262
0.883459
-0.209543
-0.296764
-0.154421
1.15926
-0.709792
-1.53036
-0.380453
2.66832
1.92341
0.0343216
1.47923
-1.1632
-0.737367
-0.701246
0.904725
0.474668
0.126019
1.33756
-11.906
15.1496
0.0747141
26.6995
-3.12694
0.0836075
-0.122808
-1.19607
-3.84114
-1.53532
-6.52064
0.759157
0.31929
-0.552872
0.0862847
-0.416215
4.54572
-0.296491
-0.0795587
-0.511554
0.629583
4.4376
0.210521
-1.70519
6.88688
-0.00379725
0.643131
2.05589
0.658566
-2.42858
-0.569231
-0.177114
1.01195
-4.33191
0.808493
7.13119
-66.4286
-30.3667
-0.0977896
0.0819166
1.46322
-2.3674
0.678182
-0.212731
1.18688
0.641735
0.169165
-4.78663
1.85158
-0.333852
3.84126
-2.09082
-7.92872
-0.819582
-0.348864
-1.14217
2.58302
-0.29207
0.23873
-25.194
-0.592342
-0.794818
-0.419826
2.25401
-9.62557
-0.0240718
-0.710965
-2.36863
2.07943
-0.111531
-0.6198
5.30526
-0.202451
0.173938
1.52762
-0.145644
-0.826802
1.55242
-1.172
0.851451
-0.511476
-0.604848
-0.0411506
0.47363
0.995978
5.0427
-1.67457
-3.34879
0.072364
-0.163451
-0.850586
-2.74455
1.94931
-1.13398
-0.446394
-2.63534
0.630287
-0.0419968
-2.24513
0.302179
2.16665
-0.495369
0.456094
4.91898
-1.84583
-2.34439
-0.184592
-71.1034
5.16632
0.903623
6.76867
3.94371
-0.37145
-0.0615299
-0.450386
-1.88059
-0.410591
0.147033
-43.0135
0.767289
-0.745256
-1.63565
-0.5724
2.89737
0.502827
6.75519
-0.104967
1.22252
-0.910815
3.97039
5.98434
0.192303
-0.737248
8.31751
0.0861447
1.40617
-0.662691
0.586821
1.62826
0.0296926
0.719304
17.0701
0.224028
-3.79949
-0.309239
-3.09694
1.05258
0.929881
-3.20447
-12.3415
51.6888
0.101278
-0.726481
-1.73481
-0.319451
-1.06278
4.19034
3.89763
-0.0994087
0.572874
1.18496
-1.37744
20.5247
2.92435
-0.406416
0.692815
2.81309
-2.91417
-0.0439044
0.048854
22.1508
1.21277
-2.3489
-2.511
-1.17416
-1.76248
-0.984188
4.00003
0.203446
0.404901
-0.171961
-2.36043
0.146625
0.89113
-0.100361
0.697215
-3.47816
-0.282013
-0.62038
-0.247018
0.154793
-0.103646
-1.00924
1.48832
7.36981
1.00926
-0.546153
-2.74804
-0.694394
0.301169
-2.07884
0.21104
5.87193
0.281518
-1.9124
17.8492
-5.07999
-6.2962
-0.193762
0.737031
-0.433943
0.721126
1.00177
-0.285162
3.72074
1.4203
-1.91636
22.6906
8.8903
-0.808763
0.748693
0.251533
0.920727
-0.347907
-43.2544
1.39931
16.9454
-1.43138
-0.422977
-87.1285
-1.02281
0.203355
-0.594999
0.157465
-2.47677
5.49653
-1.1421
0.316041
-1.26978
-0.0317303
0.335884
0.71463
0.105292
-0.315019
0.669798
0.670751
0.413981
-66.8299
8.95066
-0.284681
-0.0282667
-1.66249
8.69876
-0.464519
-0.938116
1.19422
-0.782248
-1.87737
5.22363
1.28023
7.70783
0.47005
-0.201083
-0.232793
1.32932
1.30558
0.196704
-0.249965
-0.300354
-2.06512
-0.981827
-2.15616
-3.22398
1.04464
3.08705
-0.0460938
-1.84027
13.1923
-0.1131
-0.366308
-2.26326
-0.653289
3.97012
0.297435
-11.1728
-0.809382
3.8449
-0.000261487
-0.473593
-0.109479
-0.739379
0.0239519
-1.96363
3.44482
-4.60865
-4.64833
1.70403
-1.71342
2.34106
-8.05283
2.59619
-2.16508
-0.451625
-0.725873
-5.54559
0.0367968
-0.121613
0.817933
0.067631
0.64419
3.59231
-0.964336
1.68436
4.22729
0.765438
-0.334496
2.58045
-0.958825
0.354581
-0.572437
0.422029
-1.06179
-1.30387
-1.40474
0.538559
-0.375511
1.03275
-0.835217
-1.50079
5.18325
-2.7978
0.587656
7.58635
0.348287
1.5146
-0.539191
0.249318
2.98987
0.779566
-1.04891
-1.09867
-0.723823
-1.4873
0.00947589
0.630452
-8.31794
-1.02923
0.00240118
-0.0685447
1.38083
-5.64664
0.293093
-4.31279
-0.328024
-0.823678
-0.335232
-0.206114
-3.89462
-1.02245
-0.632561
-161.019
-2.2821
0.977405
-0.798011
-0.740365
0.129119
-0.221924
0.807941
-1.86316
0.589391
1.19883
1.34629
0.202137
-0.304069
-1.19941
-0.479188
-0.758675
-13.1194
-0.579023
-0.552123
-0.435386
3.5015
0.244192
-0.831249
1.38505
-11.5647
-3.01721
-1.74744
-1.62993
-0.624107
6.53326
0.294398
1.17655
2.01801
-7.49082
0.458196
3.73765
1.8857
-1.55055
1.24247
-0.705502
-0.496809
14.7498
1.19954
0.29666
1.54931
-0.827749
2.32784
1.65603
-0.85371
0.865557
-0.000246367
-0.678081
2.15571
-0.703657
2.08929
0.361373
-2.7809
-3.32891
-0.338455
-3.05653
-1.91128
1.15068
-1.14353
-9.38053
-21.1081
0.0810047
0.0623186
3.08101
-0.375441
0.479162
-0.151687
-0.386217
-0.334296
-0.85612
-0.046535
0.90719
0.691467
-1.05072
-1.38684
-0.295376
-0.518974
-0.415995
-1.66882
-0.602665
0.141526
-1.82176
1.35124
2.84626
-0.197138
1.59786
-2.28776
4.26522
-3.22669
-3.43085
-0.694694
1.5344
-0.23885
-0.0613389
-6.41929
-1.00717
0.247585
1.68536
0.129594
1.28198
1.2095
0.52091
0.424615
0.346408
-0.0582914
-1.53069
-14.0567
0.106189
-0.432402
2.09227
-3.31706
-1.44787
2.37748
0.0177912
0.902309
1.45306
1.59825
-2.0071
-2.10453
5.92489
-1.86733
-1.90822
-0.26865
-0.0958461
0.598876
2.8809
2.83429
-0.46436
-0.0472304
1.15049
756.438
0.01577
-0.108591
-4.67585
0.581964
-8.18858
-2.8825
-0.053182
-2.11449
-15.5859
-1.60861
-1.93463
1.45902
1.57894
0.630961
0.798347
7.45305
0.603495
-0.173361
-0.14652
0.0689462
1.59259
-0.268128
2.03793
0.753605
-5.63464
0.269244
0.639989
-21.7212
0.0581227
-1.02152
-4.9622
0.624174
0.483063
6.91729
-0.885131
-1.07378
0.211299
2.82232
0.451295
1.66917
0.353791
0.532106
-0.182436
-1.0012
-5.95431
0.00134719
-2.61791
-1.02537
2.47622
1.95828
-5.28816
-6.10763
1.21921
-1.41201
-0.531146
6.96633
-1.2896
0.39892
-0.098503
-0.0839196
-0.749158
-0.0759662
-0.195819
0.0675131
-0.111156
-2.59386
0.15118
-0.849039
0.701079
0.138228
-0.202516
-1.42833
-4.86882
-2.70876
-1.44712
2.53068
0.945657
1.43893
-0.826081
0.166988
0.071823
-0.392917
0.0880475
-8.05311
1.93333
-1.94849
0.540871
-0.492088
1.0052
-10.6495
0.0921267
0.866813
-10.2349
2.41249
10.3107
-2.40149
1.06784
0.493696
-0.140557
8.37361
0.12714
-0.107313
-0.956796
0.203061
-3.44528
0.430871
0.196867
2.81212
-0.869326
-2.69793
0.468004
-0.47957
0.334463
-1.05547
-5.11225
-1.14233
0.123999
-1.25848
1.26055
1.44363
0.762177
-4.75118
1.56416
-1.39524
-5.43812
1.57165
-0.946016
0.737673
-1.06462
11.7852
3.66669
0.38173
0.740067
0.286672
-0.806007
-2.75689
-13.246
-0.951331
-0.847362
2.78395
-0.10105
0.333445
-0.531069
0.226964
3.61885
0.612748
-0.0365178
-0.983113
0.13233
0.444514
0.510281
-0.61341
12.6763
0.0810981
-2.24794
-1.06027
-1.04045
-1.17907
1.12246
1.07812
0.53583
-0.068698
1.02594
1.21915
0.113462
2.08338
4.08139
-4.79793
-4.90998
7.51472
-2.07566
0.13411
3.01576
0.435172
-12.8264
0.103218
0.169449
-1.62964
0.276762
3.64328
0.515884
-0.0225433
0.137655
-4.56042
1.38418
2.2242
-3.14458
-0.484244
-0.622512
2.52287
-0.607401
1.69993
0.102921
-1.75495
0.854668
0.105511
-0.645622
-0.492504
-2.01269
-0.546118
1.58498
-2.35588
-1.41413
2.468
5.56235
-2.7769
-121.317
-1.33637
-22.761
-0.340935
-7.40964
0.78337
-0.513065
0.194994
1.21042
1.37969
-1.88647
0.955271
-4.27887
-5.23542
-2.11013
3.70674
2.52996
-16.4982
-0.725466
1.28783
-0.786218
0.223016
2.69938
-1.31144
0.605535
-0.582982
1.28142
1.33718
0.59097
-0.0105386
-1.1977
-0.208267
0.487497
-0.00172809
0.509966
-1.09956
5.2863
3.46269
0.53729
-2.23181
0.0969633
0.14429
-0.663175
-0.381756
-0.429411
-0.593901
-3.23388
0.124904
-0.0769342
0.422176
-2.27475
-1.30109
-0.264761
3.76024
-1.68537
-0.74718
-1.45968
-1.25946
1.42737
58.9778
-0.37381
-3.05089
-0.198651
2.3451
-0.519105
-4.11473
1.60597
0.697242
-0.218812
4.37641
0.884471
0.172523
-0.376715
0.984831
1.95754
-0.76526
1.94524
-1.98862
0.330364
0.419982
9.74358
-0.824886
0.00954202
-5.01946
3.24572
-2.35425
-9.74925
0.263903
-1.3955
0.489992
16.6451
-0.252521
-0.820414
0.724537
-0.236751
5.67642
0.885621
0.795103
0.892742
-93.8036
-0.72184
1.86277
1.1462
-0.677867
-3.62613
-5.2988
-6.82347
0.15527
-3.35174
5.04826
358.006
-0.33088
0.193323
1.4416
-0.0775971
0.170913
-7.68201
-3.41641
-1.52503
1.43099
-1.01573
-1.25719
-1.40689
2.02376
55.2208
0.97273
-1.26144
-1.80682
-0.0184546
1.53214
-1.57738
0.378936
0.00957142
-0.378538
-4.53111
0.870624
-0.358721
-0.108196
0.838283
2.00515
29.346
6.42485
-0.0650648
1.89287
-4.4473
-0.660979
-1.21597
-0.10873
5.22106
0.0149287
52.5353
4.41252
-6.98526
0.419966
0.522466
-2.48544
-0.36625
1.58193
-2.92132
-0.139029
-0.0815812
-5.20236
3.50603
-4.02514
34.6907
15.3423
24.3182
0.039039
-0.406046
-1.43331
1.00176
-0.907562
-7.35055
-0.0549699
1.54998
-0.339613
0.708388
1.63505
9.05693
0.171475
-2.10597
2.42856
-0.291502
0.407307
-1.04473
0.551236
2.6469
-3.70769
-1.10705
-2.50711
-5.25796
-2.09732
0.134302
-0.254913
-0.964147
-0.137931
-0.821974
0.274328
0.0158854
0.770214
-7.47329
0.972416
0.221261
-1.02748
-1.58188
-2.11514
-8.31479
-0.228976
0.66684
-0.0743559
-3.13776
-0.223856
0.390901
1.22886
0.577201
-1.11712
0.851196
-0.979801
0.0531937
-5.13895
0.803631
-2.6541
0.107169
1.29968
0.0205108
-1.31034
14.1546
0.627599
0.25548
1.08654
1.45416
-0.0036486
4.67218
6.80484
1.53552
-3.204
22.9052
-0.0851227
-1.27326
-2.0938
5.95138
0.360586
-0.692264
-1.21321
-0.509627
-0.0151225
-0.326194
-1.19334
0.840867
0.553097
-34.6514
1.89933
1.00319
-2.55592
0.272871
-1.02321
-0.315601
0.953469
0.679987
1.95998
-0.88132
0.908989
-1.53181
0.822645
-5.30426
0.0358637
0.280422
1.37271
51.1746
-0.0909106
-3.27158
-0.618638
0.0324955
-15.0111
2.18654
-1.5883
0.510733
0.148821
1.41636
-0.331747
62.3661
-1.60126
-0.102892
-13.4442
-10.0693
0.350025
3.61173
0.468297
-0.430801
-0.392311
-0.566496
-1.67162
0.825287
2.22545
-1.08913
-3.95505
0.0820835
-1.20955
0.61114
-56.7948
0.31325
-0.507668
-0.172837
-0.472724
1.05373
-1.41509
6.35305
-1.26503
1.12698
0.621337
2.57508
0.697291
-1.56148
-0.649818
43.5518
-0.263321
0.53452
1.2323
4.13885
-1.31381
0.729968
0.0319827
2.96684
2.92062
-0.950711
-0.767043
9.88213
2.86955
1.2353
-2.44738
-1.17804
-0.0530297
-0.932297
5.74952
-0.327761
-0.0626807
0.867596
1.81548
0.206608
0.332865
-0.354914
-1.1247
1.29038
0.128306
0.695871
-0.136122
0.368
-0.977834
0.822479
-0.36629
2.21364
-1.23281
1.0706
1.84762
0.753424
0.413747
3.68676
1.93988
-1.21828
2.53774
0.545663
-0.934365
0.177961
0.532279
0.989246
0.913708
0.691208
4253.89
-0.442904
-0.0511278
-1.414
-3.50234
3.16522
-0.306886
-0.284813
2.5382
-3.24815
-1.6159
5.22212
-0.868832
0.810444
-0.94386
4.51979
-1.84607
-1.27717
-0.203208
-1.36154
0.622386
-0.0413671
2.19652
-3.43809
-2.02079
0.215954
9.49907
1.2859
115.51
1.07837
-0.737912
-3.88018
5.63565
1.35337
1.75874
-0.758342
1.45067
0.0547469
-0.399779
2.0941
12.4901
1.36235
-1.39409
-0.949547
-0.0647184
-1.46348
-1.02716
3.33653
0.970535
0.473958
0.630463
-0.424978
0.909761
-0.113347
1.20205
-1.01937
-1.2293
0.345093
0.645033
-3.47404
-12.4779
-0.247224
0.832631
2.25396
-1.20228
-0.175037
-24.0601
5.44636
0.590369
1.76617
0.0852955
-1.31519
-0.951956
-0.506486
3.24164
-0.471951
1.01731
0.125393
0.437395
-1.57351
-1.92667
-1.07828
0.319519
-1.01845
4.15725
-1.24478
-1.52722
-3.73215
1.83402
-2.13204
0.139201
0.227374
-2.78968
0.574842
0.796387
1.88286
-1.36303
-1.41957
-1.1531
0.00957266
1.39702
-1.89115
0.349447
1.38245
0.739171
-0.0863223
-0.0133246
-0.215587
1.36702
0.0469217
-22.8559
-0.616084
-0.40613
-1.10991
0.167276
0.606997
-0.123064
0.680237
3.07456
-1.55057
1.05088
-0.198213
-0.966019
-4.06457
1.22991
-9.17516
-24.9397
1.20944
1.89488
1.56945
-1.30185
-3.88617
0.870702
0.0441628
0.90374
-0.715951
2.25782
2.05079
0.959455
1.24352
-0.503493
-0.365314
-0.466962
0.557288
2.22165
1.55083
-0.233967
-1.64756
-25.6914
0.735362
0.593017
-0.414587
1.28408
-16.2533
2.98019
-2.62072
-11.0325
-3.52473
-0.583692
-0.564141
1.92124
-1.20856
-0.111849
-0.830353
-32.0707
-0.0696787
-0.0901268
0.153804
0.791485
-5.1239
1.78596
-2.92878
1.78818
-0.185544
0.817422
-1.16228
-1.88887
-37.8797
0.565264
0.354809
-1.79259
-0.198657
-0.266375
0.369745
0.689766
23.8573
3.86814
-0.41576
54.9514
-0.0187891
2.14674
0.776941
-2.98383
-0.789363
-0.767771
1.38761
-1.67225
-1.61108
-3.278
1.87683
-0.0872628
-1.68024
-0.472603
-0.234296
1.64077
-8.87394
-0.217252
5.4884
0.289343
-7.18036
0.801879
0.629478
0.1818
-0.450582
5.32668
1.91405
-0.639369
-1.38369
-0.411082
1.36789
6.80656
0.00929011
-3.99381
0.822779
-0.969455
0.657417
1.10364
-0.340662
24.0837
1.9375
-2.11894
-1.00047
-2.91566
-0.0411399
2.8221
57.9206
-5.63902
-0.307514
-1.08196
-200.839
1.01571
-0.479307
-9.11656
-1.12818
3.50286
0.757265
1.92004
-23.9424
-12.5825
1.37545
-0.182058
1.06668
-94.8345
0.0464327
-0.123018
-3.11548
-19.6464
0.281953
0.186983
-1.84315
0.345647
1.19941
3.16444
-1.67486
-0.621833
0.959301
0.262361
-0.0754717
-0.316316
0.637332
-1.11116
2.88217
-4.40059
0.402504
0.655379
-0.5473
0.668853
-0.314826
0.245593
0.414495
-1.69672
0.541435
-1.48014
0.760666
-0.187806
0.21062
-0.559769
-0.389649
0.977202
1.01289
-3.06389
2.73223
0.459685
246.184
1.1393
-0.67186
-0.513679
-0.684601
0.278647
1.12032
0.0417011
-0.787756
30.6926
1.01331
-0.714419
1.37856
3.35138
11.8242
-19.2068
-1.49063
-1.66522
-1.15584
1.50987
1.96147
1.15691
16.6654
0.167316
-0.302844
-8.66301
0.122455
9.66434
0.989082
-0.452431
2.28426
1.1679
-11.5083
0.790339
-1.13716
-0.283184
-0.296712
-2.91948
8.1009
-0.164931
1.14626
-0.405425
12.3017
2.57299
0.216077
-3.06193
0.926578
8.40331
-6.82708
3.76443
4.73227
-0.40681
3.29162
0.158117
1.33961
80.2607
-0.161505
-15.0733
-0.380005
0.706462
18.9518
0.636277
1.26459
22.8889
-0.253916
-0.231024
2.31619
-0.417098
15.5361
0.472922
0.996688
0.929879
-2.2771
0.498649
-0.67509
-0.184034
0.758431
-0.0503151
1.84752
-0.414258
0.235402
0.357901
-1.23091
1.72502
1.06166
1.62803
1.597
0.569907
-0.140584
-3.49777
-0.304981
1.25934
0.412423
-1.24387
0.876482
4.97453
-0.366001
-0.150672
0.404657
-4.39809
-0.962073
0.688405
20.3986
2.84822
-0.787376
3.4067
1.73581
-0.48608
8.24366
0.954944
9.74392
-0.0814931
0.415302
0.118391
-1.12658
-0.614919
-3.78358
-0.823689
-1.00979
1537.78
-0.812682
0.128431
-7.05724
-0.0983355
3.38167
-0.527145
1.73691
-3.11143
-17.2106
-1.07892
0.498418
-0.68176
-5.69261
-3.52463
1.32313
6.30102
-2.94879
-0.130026
0.493838
-14.4585
1.21843
-0.21205
-0.772587
-1.21879
-0.1331
8.79793
1.41852
-0.720071
-0.159876
5.66989
-0.22362
0.562852
1.2984
6.16993
-2.10993
0.492781
0.0249206
1.1938
-0.0509935
-0.427809
7.67507
0.0362552
-6.36135
1.87488
-0.878561
2.34256
0.422176
-0.325949
1.58044
-0.192442
-4.49651
2.21824
1.32783
-0.945701
3.60595
-1.08806
-0.285396
-5.06197
-0.529254
0.314202
1.85391
0.868741
0.137235
0.465908
-0.139907
0.181136
3.15999
1.82724
-2.61403
-5.99532
0.021216
0.330462
1.49189
-0.87866
0.293982
-16.2253
-0.162457
0.440403
-0.128273
0.402382
1.60533
0.33313
-2.99782
-0.00628459
-3.55091
-0.470487
0.840122
0.507758
3.62293
-31.8439
1.73356
0.305944
-0.242959
0.109679
-0.261348
0.781276
0.953278
-0.634874
1.29753
0.556464
3.90936
-0.00855387
-0.136281
81.4278
-1.24377
-0.591165
-1.57598
0.498273
-0.231091
7.19135
-0.325338
0.55659
0.0850829
-2.60948
0.499484
0.262609
1.30734
0.286399
-6.57144
-0.459334
0.333383
13.0806
0.392162
-5.04656
2.61348
-8.75667
0.301959
-0.179824
1.43844
-0.390237
-6.74979
1.43336
1.9275
-8.96933
-1.0096
0.247566
3.16015
0.529781
1.42156
-6.08501
-1.83153
4.15625
0.954406
0.744995
9.40366
-1.41185
-0.0270683
2.7324
-1.3445
21.5772
2.6556
-0.332411
-1.39033
2.71058
-7.5345
0.749089
1.41886
0.760389
0.594674
0.622609
0.0409684
-1.19055
0.0237114
-8.19158
-4.86887
-0.330019
-0.159399
-0.415644
-2.45814
-0.745386
-0.413854
-1.20399
4.59538
-285.962
-0.293776
11.1237
-6.05611
-0.371978
3.48464
-1.09291
0.369147
0.01211
-0.95132
-0.393498
0.640628
-1.94968
-2.7231
-3.12408
-3.17486
1.19187
-1.27234
1.20159
1.45626
0.0011254
-108.29
-0.119969
-1.511
-64.3211
-2.38662
0.148943
1.58873
0.47388
-0.209614
1.17233
0.993659
0.121873
6.62669
0.663191
-13.1233
0.178593
1.1651
-0.904839
0.459854
-1.61186
0.965844
1.31965
-33.9102
3.07916
0.14558
-0.928199
-0.937872
-0.0318852
1.40356
-1.55623
-2.50222
0.727476
0.318564
-0.0205218
1.2965
0.173243
8.28921
0.911721
1.21819
1.63344
-3.10395
-0.281438
-0.997377
-0.733507
0.860221
-4.2171
-4.73935
0.91106
0.0740708
2.4848
1.47968
9.82358
1.98453
0.711703
0.263325
-1.9481
6.88707
-1.69157
1.20076
2.11663
-19.9857
3.86589
7.47753
2.64922
0.620156
0.513386
0.232176
-1.68828
-9.15989
-0.74012
-0.379335
-3.58792
-1.68508
0.477236
-0.021765
1.172
0.219741
4.36094
0.0175056
-1.55338
-0.440042
0.169291
-0.989369
0.152662
-5.4782
-1.6784
0.0368152
0.433073
0.626462
2.35386
2.08797
-2.81051
-1.0757
-0.0652348
1.37713
2.19046
-4.73141
0.252887
-0.162384
1.52151
2.60925
-4.73253
0.627853
-0.0391044
0.825235
-1.6937
0.241805
0.322501
4.17556
0.137359
-1.74204
1.10487
-0.919714
-93.6441
-0.18365
-0.689941
4.03891
-0.0909153
-0.927384
-0.134705
-0.15929
-0.577796
0.489928
0.639732
2.97319
-1.32149
0.889535
0.343886
0.391608
-2.11833
-4.36601
-1.44812
-0.235144
3.1089
2.14029
0.393012
2.30312
-1.92369
0.978356
-0.282166
0.0887175
0.284725
-3.79592
0.583872
0.442581
0.982448
-0.996035
-0.0496551
5.85555
0.243962
-5.40951
-2.53553
-1.19244
-0.198899
-0.631102
0.259717
2.99631
-0.308263
-0.772328
2.89883
1.03377
-0.885755
0.987226
2.29476
-1.26548
0.771066
4.07556
-1.29392
1.04883
-2.76153
10.8682
2.2302
-6.36637
1.10312
0.0299547
2.39248
-2.71623
2.20246
0.381341
0.764453
0.952267
3.00981
0.197352
-2.27403
-1.64293
0.059031
0.521129
-1.67513
-0.104094
0.416237
3.97819
-0.960956
-0.328312
1.39172
0.786727
0.0814426
-0.962374
0.588456
0.245232
-0.533541
-3.44021
-0.485236
-0.859288
3.59148
-5.58554
0.432067
-1.02808
0.660893
0.715626
-0.61829
-0.926943
48.0577
-3.33765
-1.19369
-0.335203
-8.92427
0.317491
1.27747
-5.11077
4.92236
-0.225392
-2.10675
-1.06061
-3.30249
0.0300941
0.474857
-4.95105
-1.61229
-0.623276
-0.848307
0.145832
5.68963
2.0568
0.54354
-0.326061
0.757615
3.53888
0.604533
5.41124
-1.66249
-4.18336
-2.17207
-5.44515
0.0577839
0.30985
-1.18401
-4.91823
-0.970916
-1.87992
1.28951
-1.19323
-3.74222
1.20473
-1.67597
0.41434
-0.483487
-2.82146
-0.417085
-0.337202
0.926511
0.48469
-1.06541
-1.87619
0.469988
11.736
-5.33263
-4.53977
2.20419
2.73436
-1.25995
3.79243
0.0113374
-0.595228
-0.7719
-1.20193
-2.82418
-0.915053
0.775001
2.77854
-8.25047
5.71452
1.53669
1.7526
-0.409568
-1.05493
2.15218
-0.420503
0.830996
0.156381
10.9291
-0.616799
0.520611
7.07637
-1.13325
-0.287155
0.298465
1.42125
0.182382
-0.397823
9.39748
-1.0742
-0.180619
-0.908674
-0.0190617
-0.133387
4.73096
0.395567
0.175907
0.182091
-2.45201
-1.16732
1.13298
0.314361
0.992935
-2.27334
-0.910787
-3.51531
0.0547312
0.691334
-2.5998
-6.52184
-0.471739
1.4941
-1.05411
-0.99237
-13.7319
0.687518
-0.0211386
0.815772
-0.649464
1.43217
-1.0502
2.23909
-1.42466
-0.821986
8.57255
-16.0404
0.367064
-0.758885
-0.588891
1.11975
1.1647
-3.68565
-0.235076
0.715882
0.940273
-0.284241
-1.41703
0.234023
0.0668128
0.754364
4.33474
9.95996
0.0133012
0.613599
-2.2418
2.5622
-0.643583
-3.88649
-0.598378
1.03865
1.2928
1.17593
-0.550652
-0.89319
1.77053
-0.0312031
0.0437898
0.906138
-0.447303
0.2462
2.54485
1.23673
0.740721
0.378038
0.499659
-1.09933
-0.3802
1.87158
0.237554
-3.00078
0.775887
0.245035
-8.44149
-1.91467
0.630281
-2.60546
-0.116386
-0.659047
3.97906
0.09089
-0.162994
0.298354
0.194004
-0.313537
-1.61762
0.187631
0.472065
-3.81234
25.523
-0.380378
3.81832
0.0284609
-2.14845
1.8068
1.51521
0.0174958
2.56207
4.37872
-2.31891
0.696265
0.661227
0.317051
-0.183364
0.466502
-0.181594
-2.91525
-1.71385
0.697724
0.719096
-2.32785
2.95898
-3.25041
0.385363
-0.815138
-0.666866
-0.487724
-0.531479
9.69563
0.383356
3.83435
-0.267772
-3.3221
-1.30385
-1.6906
2.20196
0.286177
-14.9654
-0.229837
0.446553
-1.11813
-0.127951
-0.524966
2.78711
-0.957136
0.243161
-1.95159
0.292284
1.49562
5.14625
-2.99769
3.08406
-2.88799
4.24828
0.260883
-1.41225
-0.373391
0.297023
-1.20459
1.06307
-13.3642
-0.353401
2.20499
0.713631
-0.202061
59.6338
0.647462
0.936326
-10.7464
-9.3463
1.15254
-5.59926
2.56612
-1.8222
0.776334
-2.63569
1.67586
-3.10482
-6.18409
-0.00930711
-0.726311
23.6023
0.0656521
-0.121506
0.908283
-9.58109
9.99294
1.0605
10.6505
-1.09334
6.58899
3.57032
0.309871
-1.59941
0.428369
-35.6001
0.0380621
-0.732477
0.835578
0.431951
-311.084
-0.902877
-1.78884
0.985028
0.322718
-1.40597
-1.10477
-3.81611
-4.42436
1.80264
-4.25287
-0.504355
2.11224
-1.33218
-2.33073
-2.9308
1.20885
1.70313
-74.8684
0.0161092
0.602485
0.387739
-2.60115
0.219289
1.32799
-0.384583
5.36471
0.336051
-0.273149
-2.42375
-1.72869
-0.724652
-0.608684
1.24532
-1.13367
-3.24451
-3.68947
0.430819
-0.647538
-1.64852
0.328533
-0.517905
0.936116
9.67032
-1.91983
-0.0824761
9.35063
-0.537228
-3.38483
0.300725
-0.295641
-0.721141
-1.45243
-11.5138
3.87469
1.56943
-8.36007
-1.03255
0.886464
-2.02307
2.62644
0.0745147
-6.12894
0.691777
0.921595
17.5194
0.395169
-7.6153
-2.66313
-1.20537
3.42527
-0.552418
-1.96008
-0.313975
0.0480559
0.138487
-0.108687
-1.0744
-1050.46
0.344144
1.99051
-0.99164
-0.587202
2.68019
-7.04519
0.410986
-0.79765
-55.9787
4.84774
0.562609
-0.32177
-0.357576
-17.6369
-0.803853
0.264344
-4.32647
1.40353
-2.33848
-0.355706
-7.92385
-0.660341
1.60794
-6.24068
0.0814465
-2.22076
0.450396
-2.82344
-1.81872
7.25117
1.86438
-1.84258
0.0912882
-0.241214
-0.896013
1.89131
-0.017457
-0.505984
-0.138739
-7.79774
4.12055
-0.958434
0.46032
-7.17656
-0.0208598
-1.34362
0.219161
-0.126167
-6.36612
-1.48304
-1.34229
0.253726
10.8251
0.148243
0.897457
2.64841
39.5878
-2.58512
-0.0603848
-1.74893
0.536705
0.884735
-1.70426
-0.15402
1.8279
-3.11487
-0.52529
-0.109009
1.32659
-1.12659
3.53683
-0.219072
-3.52822
-9.04999
0.241578
0.0510192
-3.07432
-0.0301628
-1.64289
2.41818
-3.17792
-1.59651
0.353674
-1.23844
-0.722745
1.35943
-0.812782
-0.785073
1.85115
-1.74299
-3.44468
1.94112
-2.3246
0.378623
0.679054
6.10746
-0.300431
-0.798145
-0.826921
-2.17713
-0.423135
0.568769
80.4334
0.433588
2.25852
0.0996456
1.04796
0.925964
2.72713
-1.62756
-0.301856
0.259192
-0.443726
0.159002
-1.7559
0.240004
-4.46753
0.166554
1.77162
-0.733349
-0.253886
-1.18827
0.430962
0.560969
0.26322
4.99678
-0.738128
1.61296
-0.332344
-0.827812
0.23953
-0.0980476
-0.712554
0.320165
-1.86115
2.41601
2.19189
2.44931
0.727789
0.453288
-1.21972
0.616258
1.48648
-0.256369
-0.374228
1.48515
-0.604808
-0.18415
-0.772443
24.9463
2.33244
0.730277
-0.698843
1.82158
0.231271
1.56135
-0.177699
0.907057
0.383668
-0.917119
-0.703775
-5.10752
-0.0761274
6.07607
-0.829691
96.3563
-1.03522
0.221109
1.03978
-2.7391
0.972058
0.649481
0.142338
0.757358
-1.16815
0.501137
0.254212
-1.1545
2.1602
-0.163085
0.0609839
0.102243
3.35765
0.283764
2.26245
-10.8604
0.0334105
-1.58279
1.84341
1.69613
0.98861
1.29561
1.03543
-0.167298
-0.0140809
2.35006
-0.573489
1.09241
0.502258
2.95794
1.85362
21.8484
-5.51339
-0.787755
-0.516155
-1.39461
0.875402
-1.00422
-0.514027
-0.471235
1.45616
-0.325539
2.43418
-1.40769
0.408014
5.42269
0.40758
-3.43949
4.30279
8.64403
1.00278
0.523087
0.185463
-0.220471
0.111861
-0.89578
0.703563
-2.79513
-0.486794
0.145836
-1.25438
-0.416662
-2.96825
-1.66706
-0.513909
-1.84015
2.3528
0.463189
3.11901
-0.443276
-0.227978
-0.833047
0.631353
-1.60234
-0.132566
0.700618
-0.770917
-34.2716
-0.421023
0.590904
-0.18343
-1.34306
-9.58124
1.29453
-0.16739
-6.05158
-0.56204
-1.9908
1.58317
4.63177
0.435733
-0.926567
-2.85887
-3.78508
-2.48273
0.884696
1.22826
2.06793
0.911349
1.21345
-1.49226
-0.545889
-4.54818
0.606197
1.09079
0.847479
-0.849886
0.713482
-0.0288148
0.740141
-8.67439
-7.57581
-1.69671
1.93854
-0.0860142
1.21105
13.2988
1.00967
1.05451
-1.27261
-1.2754
-25.5168
-0.881994
0.255801
-0.159276
112.959
1.16441
2.33802
-1.30091
5.11456
59.439
-3.18098
-0.98037
9.49896
1.82441
-4.09369
-0.319867
2.07689
27.0339
3.156
-3.44482
0.288791
5.82337
0.363484
1.41995
-0.870256
-2.1419
-0.34902
1.46203
0.17253
-0.524375
-1.31107
0.111763
11.9186
0.400982
4.68102
6.83491
0.11353
-0.0826718
-0.563167
-0.439479
2.3721
0.294412
6.72608
-1.49271
16.8012
-0.173334
0.120854
-0.172132
-0.0296868
-0.662427
-1.16412
10.931
10.9311
-0.123079
-1.19999
-0.156728
-0.406247
-0.153036
2.47708
0.608355
-2.85043
0.510022
7.22716
1.75843
0.54386
1.01973
1.65348
-0.208898
-1.21297
-4.45279
-1.48509
2.40626
-0.304852
0.372228
0.800736
-1.42009
0.703235
0.829644
179.109
-0.17533
-163.176
3.28041
0.613723
-0.719365
-1.60527
0.933951
-1.28282
0.51775
-1.82382
2.9715
3.58247
-0.684305
0.555807
-35.2353
-6.29221
-4.78393
-10.775
-3.10419
0.358968
2.22276
4.36038
-5.92122
0.650719
1.19849
-1.23942
-0.882183
-0.588081
-12.1516
23.5022
28.5561
-0.113939
7.22388
-0.0774292
1.52368
0.904844
-0.365581
-0.857679
1.42552
3.61205
0.775008
-0.214033
-2.27556
-0.994517
-1.67183
-1.51742
6.96675
0.132567
-1.01039
-1.33472
0.686985
-4.35999
1.66895
-0.439359
1.22465
-1.55452
0.67761
-1.45543
0.260526
1.72763
-0.807448
1.62968
4.23286
22.6836
-0.618341
-0.196252
22.809
0.610195
2.43191
-0.0073105
12.2837
-1.35471
0.705676
-0.331779
-0.0838246
0.495753
-0.210564
-1.69854
-4.20517
-2.75698
17.0632
-0.297821
-3.79693
-0.286115
-0.211484
-2.36172
-0.612554
-0.846604
-2.07628
0.545225
1.42453
0.248173
3.41865
-1.29839
-1.15818
3.61273
-2.54159
-1.07978
-0.0511072
1.90473
-0.20571
-3.92613
0.935324
-1.05863
0.457751
1.53352
5.49562
-1.38408
0.762911
-0.70303
-7.45918
0.63668
0.149959
2.94717
3.44679
-23.4719
-0.81941
-0.00905699
0.698334
-0.457342
0.191301
6.19762
0.160925
8.28122
-1.8002
1.36717
0.427873
-0.552536
0.157247
-2.32949
0.734594
-2.04937
5.76171
-1.02312
-0.110608
1.67677
-1.37686
1.40025
-0.469363
0.473471
3.14099
-1.17246
0.121246
0.448221
-0.604751
2.99516
-0.258576
-5.65664
-0.0490398
1.02411
1.21723
0.234044
-3.31851
0.634608
0.382027
2.04807
0.628763
0.165517
-2.03507
0.601412
-0.561809
-0.224898
-0.504547
-2.08122
1.24011
0.0613799
-7.78913
-0.474276
-2.87372
1.15924
2.34947
-3.20569
0.510061
349.734
-1.24143
-0.357902
-1.12222
-6.79302
0.730536
1.24496
-1.13031
0.285176
