-0.590953
-0.963174
-1.56911
0.325068
0.0247552
-0.12763
1.71775
1.02594
0.762073
-0.356534
0.235939
0.0256311
-5.11738
2.68417
-0.568285
1.25028
0.825709
-0.863196
0.259248
0.53064
-1.00049
-0.278422
-1.27446
-0.1781
-0.937281
-149.198
-1.48186
0.238369
-0.242797
-6.68556
0.592157
0.0619083
-16.5325
0.314813
8.06162
-4.288
-0.55442
-1.3423
-1.02152
-2.01125
4.07148
0.486424
-2.00568
-0.144819
0.568546
-0.505611
-1.68689
-33.6625
-0.0886752
4.19371
-14.0366
0.583544
2.4032
1.01999
-6.69803
-2.76795
0.553218
3.50709
0.0134256
1.83538
-0.749992
-5.27836
0.492095
0.0161175
-0.293648
0.695152
-10.5245
-3.22217
1.53242
0.214838
2.29953
1.3721
-0.502046
0.605565
0.0636125
0.788173
11.3172
-8.63361
0.608278
-2.80819
-0.15819
1.57244
1.01815
-0.220882
0.645979
-1.38003
-0.014478
-2.21656
-1.28208
4.19596
-2.47332
-0.949981
0.191595
-0.607097
0.616936
3.85908
-0.503849
-16.6905
-0.607572
-1.06662
-0.421383
1.28764
0.99857
0.379557
-3.43977
-0.356858
0.5318
-1.7512
0.391052
-9.28942
0.821735
-0.248268
-1.26939
7.14267
-0.365511
-6.6414
0.203285
0.144519
-1.36721
0.58094
-24.4105
-0.512647
-4.29198
-1.05425
-0.721453
-0.419706
0.327719
-0.281819
-2.65277
2.22169
-1.1922
-0.659883
-0.183642
-0.626056
-24.8984
3.47792
-2.78743
-4.3982
-0.761055
0.114757
3.53907
1.77317
0.92148
0.173063
-0.0584517
-0.214006
3.98505
-0.0993742
-4.41136
0.177866
0.707019
0.738704
2.58223
-72.3109
0.610035
0.0464298
0.839038
-1.91018
6.2142
0.163332
0.526728
-8.84711
-4.04417
0.152195
0.115565
-0.065379
-42.092
2.46581
0.187933
-1.64327
2.45758
-0.528422
1.20999
-0.0500278
2.39665
0.225349
-2.3077
0.0998585
-0.720585
-1.23408
-27.1567
-1.03683
-0.98638
-0.511348
-0.178375
1.18845
2.31767
-4.47112
0.13088
-1.5856
1.56478
33.6709
0.864467
0.738611
0.434284
0.344041
1.06608
0.821366
0.31987
0.17547
4.73129
0.236823
0.846639
-0.505336
-0.201419
0.661699
-1.7206
0.615784
0.0197524
-16.5134
-0.568836
-1.46444
-5.88553
0.480246
0.321559
5.51695
-1.00083
-2.05185
-0.547802
-2.42873
1.40063
-0.952604
-6.65339
-0.20618
0.222751
-1.52905
-4.02019
-7.95553
-0.202388
-1.49518
-0.836944
-0.275658
-0.22031
-0.0602857
0.317575
2.35928
0.86966
0.0350306
-5.09357
1.18215
-0.0287965
-0.677411
-0.241738
0.333218
-0.572792
0.986129
-1.28518
4.583
-0.189217
-0.251706
0.083329
1.96213
0.315082
-0.969038
0.034231
-0.594215
2.80929
0.718759
-0.75718
0.514125
-0.802531
1.14617
-113.108
-0.67668
0.367826
1.19457
2.68209
0.334653
0.0278139
0.436992
-0.186153
-0.513456
0.905975
2.35794
4.42383
-2.83171
-0.0777669
-0.424233
1.93205
-1.40864
0.402064
-2.29067
1.17527
0.535374
-0.864012
-1.15857
-1.63951
1.54877
-12.1033
-0.396237
-1.12562
0.393542
-0.674549
-0.199689
-0.73949
1.26762
0.196594
-0.112512
-1.43649
-2.58784
2.16429
11.3337
7.08165
-0.460907
17.3492
0.0737081
5.96066
-6.58591
1.16117
-0.452286
3.20694
0.508351
8.84586
-0.134792
-0.99144
-7.42788
-0.73883
2.74767
-0.0773874
1.49836
2.34753
-1.63678
1.92617
0.57574
2.33318
0.0805041
0.494842
3.41151
-0.377601
0.452103
-0.612894
-5.61799
1.491
-4.12088
0.371686
-21.3156
0.94038
50.5663
0.0725439
2.82589
-0.874255
-3.43592
0.231895
1.58716
2.45216
-0.902967
0.221499
0.527681
0.935483
0.949336
0.0243123
-2.07708
-0.0231367
3.13943
-2.56379
1.10396
-0.32788
5.27393
-0.354731
-1.06258
-0.41649
0.481956
0.178235
-1.14987
1.12824
0.467426
7.6579
0.374749
3.8159
-0.713263
6.04811
0.399397
-1.15748
-0.559237
-0.297622
-0.139954
-0.798573
1.55989
-1.20533
-6.18639
0.632872
-1.85571
-1.94861
-0.585078
-0.719874
-1.47481
2.77943
0.0555293
2.60483
-0.608282
0.135366
-0.404023
-0.203987
-0.219289
-0.365247
0.0702201
20.3894
-1.03858
-0.766405
-0.529781
-11.754
0.752742
-2.81707
2.16642
-6.60078
-1.68032
3.24102
-1.26699
-1.60402
-0.66711
3.19867
-3.20501
3.12527
-0.503718
0.513571
0.154573
2.45631
-1.14316
2.73838
3.65127
-1.49554
0.205285
-0.582456
11.4364
1.94028
-1.7005
-2.43594
-2.5519
8.87473
5.98599
0.0545616
-1.10511
-0.0395631
-0.152035
0.113286
-0.32962
-1.61336
-0.149934
0.561898
1.58919
-0.00320303
-0.671644
5.78395
-2.11116
-0.811375
0.50312
0.9911
-1.62692
1.55386
0.627169
-0.645222
-0.416832
-2.7755
-0.537169
0.943011
1.24563
-5.41739
0.151638
31.4926
0.420567
6.25185
1.02372
-0.0522487
0.336331
-1.87824
0.557084
-0.176168
-0.415567
-0.455415
-0.130983
-3.66436
4.69167
-1.54571
0.455358
-0.854695
0.292026
2.51388
3.66335
2.36347
-1.06449
2.2711
-2.16971
5.57542
-0.474924
7.86024
24.9016
-2.1127
0.586688
-2.44636
0.637452
0.0476589
1.35771
-0.519918
-0.215737
0.530306
1.65959
6.19723
-0.00199452
-4.19004
-0.398375
-0.727498
-0.414923
-0.157234
1.36701
-0.804089
-2.58019
0.844887
-7.95765
-1.92024
-0.0624585
1.50053
1.18409
3.78245
-0.249493
-2.19254
19.6829
0.2243
-1.12664
-2.75426
-3.8431
-0.343339
-79.3959
-1.39785
2.16913
0.794847
-15.4652
0.809274
-1.45779
12.2343
-1.97417
3.91641
1.63908
-0.329055
-4.53459
-0.637305
-3.14703
0.123174
0.135655
-0.419059
-1.96305
-8.91046
0.690827
0.283099
-4.98001
-0.776616
2.00145
-0.661671
0.00126454
-6.50733
0.79938
41.3553
-1.43428
-7.28418
5.40238
8.03487
0.348442
2.78552
-3.99818
-3.65016
-0.0336531
-1.67451
1.07055
-0.481196
3.1568
-3.09296
0.589148
0.812117
-5.27606
-0.0653034
0.61
-2.74769
0.526499
2.93368
-1.46962
7.73759
10.9281
0.0616239
-0.837687
-0.685618
2.47919
-0.301512
-0.049806
-3.18628
4.46094
-0.284965
-1.546
-17.9393
1.15867
-0.152872
-0.100036
-1.07313
-3.50125
-1.6157
2.6642
-72.07
-0.0967671
0.630362
-7.80411
1.23753
2.43392
-1.08646
94.0346
-0.242841
-0.399605
-0.916458
-3.28857
-0.44651
-1.47862
0.355465
-1.15185
0.654687
2.5041
0.804306
-1.41346
0.0782205
-4.07319
0.953689
7.51204
-0.148409
-0.613271
-55.1148
19.6399
41.5318
-5.94865
-0.655326
1.34271
29.4602
0.681399
0.0963736
-0.841949
-0.303802
-0.739159
-0.309517
11.6389
2.3382
0.114863
1.79766
0.169262
0.821523
0.90474
-3.05031
-0.331307
-17.1932
0.947699
-7.23907
-0.167678
-1.90829
17.3665
-0.0574005
164.724
2.68425
14.7376
-0.222265
1.27729
-2.50886
1.52586
-2.51817
-6.22142
-0.255167
6.50182
1.42674
-0.62667
-0.407167
2.7918
0.196791
-0.353198
0.00676667
-8.16475
2.50129
1.31029
0.445179
1.41669
0.523368
3.27977
-0.250238
-25.6208
-1.22268
0.53402
-1.39309
5.60634
0.202162
2.74568
0.12264
4.54898
0.367917
-0.391515
-0.0077865
0.749222
0.77747
-0.856264
0.333331
-1.61031
-0.883505
159.33
0.491168
-1.7095
-0.766406
-1.29689
-3.63564
-11.7572
0.300465
-7.26972
-0.747169
-1.875
2.46295
0.898058
-3.80995
-7.13009
-0.393
0.406181
-12.8833
-1.09326
-0.628721
1.58025
-0.405334
-9.05224
0.492692
0.395324
-0.106044
1.26068
-0.114253
-0.570509
-0.180195
-7.93199
-1.36795
29.4772
0.108097
1.55032
-1.88484
0.708099
-3.93917
0.296745
-0.207125
12.0255
-1.96355
0.436827
-3.83507
1.25718
-0.291342
-1.51814
-1.52957
-10.57
-0.717389
1.26353
1.16295
0.722371
0.583919
-0.235475
3.00843
0.513679
0.744586
18.3048
1.3877
-0.226855
19.6256
1.52916
2.24058
-0.0400568
-3.51583
0.331374
16.792
1.42161
-4.21999
-0.720818
0.30068
-0.842678
-0.501252
-0.213646
47.8953
-0.593099
-1.45107
-2.84511
0.68085
13.9162
-23.7286
-0.155192
0.504331
-1.1752
12.2424
-2.1628
-1.65753
0.0639734
0.519098
4.0652
6.03509
1.83706
-19.4089
4.64359
-0.789011
-0.472606
0.325053
6.38017
1.82755
-1.57383
2.26981
-1.84955
-0.152246
0.301624
1.76701
0.412168
-0.688836
-0.181748
0.0684107
-2.5724
-0.232542
21.939
-0.102611
-1.83739
11.6216
1.57391
0.435873
-0.232032
0.0490052
2.18455
0.897375
0.144805
0.522348
-0.981608
-4.25249
0.418499
0.950163
-4.12158
2.60281
-0.243096
0.918014
0.337583
0.103829
-1.19935
1.13321
-0.193396
-0.298207
0.0473655
0.311592
-1.49356
0.394031
-0.831938
4.8711
1.16512
4.56596
-0.069139
0.0529014
1.2329
0.204259
0.806333
-2.75484
-0.782765
0.249946
0.16842
-1.16331
-2.16801
-2.5346
-0.997428
7.41639
1.28471
1.65847
8.35995
-0.3419
-1.59798
0.619392
-1.54249
0.130522
-1.53731
-1.52211
-2.19372
-0.446156
-8.17872
-0.117043
1.30362
-0.0957877
0.622703
0.142468
9.01716
-1.99321
-2.47967
-2.20146
-0.730586
-0.796462
2.48241
6.95902
0.754206
0.513897
0.818736
-0.702769
-0.979446
-0.611265
0.478239
0.514302
1.12792
1.76785
4.22318
0.679442
1.85424
-3.17359
-1.82027
0.436792
0.171013
0.353212
5.19263
-1.3667
3.40542
0.916408
1.8928
0.525275
-2.10961
0.916935
0.52367
-1.76184
-0.985358
-0.698755
0.193261
1.26771
-2.98245
0.205623
2.25755
-0.844567
-1.76982
-75.4374
2.873
-4.29447
-0.333089
5.64529
4.2735
-0.492435
8.38059
-0.0336003
1.29332
0.25631
-0.534561
2.35264
1.24843
-0.213799
4.87067
3.94146
-1.00306
-2.01641
1.86898
-1.24398
-1.13734
-1.25389
11.0469
7.2761
0.716441
0.424195
-0.349375
1.90792
2.05021
3.56838
-1.07072
0.849936
26.5319
0.0965068
0.93092
-0.245801
-147.891
-2.20137
0.85917
-0.439395
2.90932
2.27053
-6.4547
0.203102
1.37585
-1.69898
0.469357
0.22983
-0.170895
0.258672
-0.744666
-1.14886
-0.582567
-2.33491
-0.333283
0.573402
-0.713043
-0.910639
2.64644
1.35643
1.06745
0.289778
-2.87172
0.969412
0.206458
-0.340988
-0.73312
-0.619168
-0.212601
-0.0133816
0.278012
1.21874
-31.8274
6.71514
-0.269059
0.558927
-2.99113
-1.04316
0.618756
-0.961941
-0.55923
0.116394
-0.0985497
0.312725
0.89323
-0.0451495
3.10803
-0.445437
-0.797082
0.381532
-1.17039
2.41573
2.92186
0.941445
-0.0817637
-1.08351
-0.700563
-0.895113
0.53699
-0.37772
-0.733942
-0.403468
4.31819
-1.42444
-3.06947
6.06849
3.01421
-0.150692
-1.54914
-2.55955
0.259798
-0.0473566
-2.12053
1.05763
-2.67566
-6.19033
1.03398
0.462454
0.943761
7.49572
-0.803482
0.0293307
-1.10307
9.90437
-1.56086
-18.1754
-2.93025
0.489343
4.75426
-20.4162
1.68149
1.25547
-2.45773
-0.0248264
-2.71296
-0.409438
-0.92993
-0.0243011
2.16155
-0.635074
-0.737769
-0.845191
10.9715
-0.837585
-34.4497
-0.932171
0.491944
-1.6346
4.03555
0.437135
1.11376
2.64195
-0.423986
0.762373
-2.0237
0.0717261
-0.726791
0.710896
-0.943314
-0.938682
0.220575
-1.35052
-0.931845
16.6637
-0.312225
0.478785
-0.347167
3.38523
0.70267
0.735651
0.231141
-3.67018
0.654736
-2.21835
1.08646
-25.6126
0.133025
0.451781
-0.120954
0.479826
-6.38242
0.59913
-0.132898
-0.932348
5.52246
-6.87274
25.1734
4.80633
0.24134
0.677787
-1.95191
-0.806626
-5.20868
0.674544
0.451934
0.228407
3.57149
-0.955562
-5.61898
-1.32195
-1.43356
-4.55111
2.44066
5.88862
-0.294675
-1.76384
0.559017
0.0893005
1.4089
6.67312
-0.916749
0.0876798
0.670938
0.0773887
0.253494
-0.539041
-0.569089
0.336457
1.16112
-0.823092
-0.147701
0.436938
-0.535993
-0.0299707
0.337401
0.0741305
-1.2576
0.102705
-46.1728
0.698659
-0.137127
0.848554
-0.363106
-0.604987
1.82027
-1.60779
0.56822
-4.2569
-0.271535
-37.2411
-3.05752
1.38491
-246.539
30.5727
-0.372702
9.80988
1.27949
46.5852
5.13528
-0.105212
5.01559
-5.38399
-0.292539
-3.12184
3.18105
-0.221091
1.03456
-0.862677
0.336196
-3.15093
-0.351597
0.55388
-1.55629
-0.0224713
-0.131874
-3.37586
-1.78621
-0.639837
-0.13126
-40.852
-1.33999
-1.61815
-4.99718
0.177953
-1.46536
26.597
0.232526
5.42176
-0.619031
0.485955
2.87069
-1.17441
1.08818
-22.6938
0.399015
0.607901
-0.0456247
-0.908257
-2.23233
-4.69555
0.402524
-0.684675
1.50072
-1.2486
-3.75882
0.155006
3.86578
4.16976
0.164922
7.24597
1.92459
-0.468241
0.0858403
0.357387
-0.762965
-0.535152
95.9438
-14.2488
-0.382135
-0.262225
3.19877
0.0148225
-15.4639
-0.40314
0.922243
2.73265
-0.56303
1.9817
0.854004
-4.48507
3.95788
0.299472
-0.843933
1.97987
1.88654
-1.07078
-0.0389793
7.80972
-15.8067
0.915606
-0.53647
1.2959
-1.40571
-0.870279
0.408703
-1.78485
1.14889
0.29773
-2.663
0.774927
-1.67911
8.88493
2.70159
0.277481
1.82121
-2.11485
-1.4706
0.761062
0.953718
-0.73148
-0.485353
1.2779
-1.04074
-1.66645
-67.733
-3.08163
49.5521
-0.257473
-0.855406
-0.206807
-1.1132
-1.91819
-2.48457
34.5347
-1.26857
-4.14548
-0.249675
-2.28004
0.694478
-1.15085
5.83297
8.21373
3.0485
-0.424406
-14.996
0.519457
1.62449
0.274545
0.601634
0.319134
-3.38428
0.709432
-0.352622
-0.690126
-0.330921
0.0146872
1.94028
-0.33099
0.0471255
-0.333535
-2.63154
0.809799
-0.674307
-15.1013
0.733747
1.75856
-358.699
-1.46748
-3.77742
-1.60505
-1.52634
-0.256163
0.878198
1.12998
0.831468
1.21439
2.48386
-199.239
-1.06148
-0.614789
0.345368
-3.78957
1.65638
-0.269845
-0.759186
8.10079
-1.14945
-4.19331
-0.486306
0.855246
6.87237
-0.747715
-0.690486
-1.67362
0.782147
-0.170739
0.929638
-3.77641
21.0106
-0.599838
-2.23607
-0.28312
0.974993
2.59734
-1.17988
-2.76827
1.76194
-0.121398
-0.242471
0.452562
-0.140583
-1.04326
-0.328924
1.00292
-3.09107
-2.29774
-0.438156
-4.74695
3.77972
-0.81614
-0.359575
1.09527
0.884126
0.232109
0.594697
-2.89019
-2.04374
-1.99078
2.02308
-1.34787
0.147989
20.8788
0.453164
1.98975
0.109328
-9.84775
-1.25989
2.5166
-0.039736
0.710406
-0.411342
0.607255
-4.23697
-1.29832
0.377972
1.58029
0.0725576
0.83646
1.62683
-1.21222
-228.101
-1.52919
1.37733
0.509409
0.212221
0.332346
2.16065
9.17142
-6.43233
2.60436
1.66938
-1.20725
2.89742
-9.26175
0.42811
-0.6158
0.551847
-2.48109
-11.8503
-0.880938
-2.34273
2.87751
-1.21161
-1.11342
-0.252453
-0.094763
3.68008
-0.425276
-0.820268
-3.30531
-3.68463
2.98616
-0.731008
4.95307
-0.521056
-0.335294
-0.473388
0.368618
0.0392174
0.191449
-0.987137
-2.82161
-0.883603
-4.73177
19.4402
1.83016
1.01064
-2.60028
0.755623
-1.15961
2.85968
1.06344
-0.474305
1.84491
0.590559
0.420217
-1.16305
5.22199
-0.167802
-2.93587
2.17511
0.546953
-0.356887
0.320556
0.737936
1.89537
-14.7467
1.63273
-5.75072
-7.10072
-0.240103
0.57376
0.527023
1.14237
6.05577
-0.524388
0.378739
-3.059
-8.1863
-0.556807
-0.87912
1.76335
-0.171988
-0.42281
-0.424195
0.75769
2.74669
-0.268456
-0.184495
0.249139
2.54496
-0.00114658
-0.00123188
0.699958
2.20981
0.640795
-0.148415
0.748436
0.748914
-1.0856
3.12402
0.853078
-0.358814
0.941721
3.08638
-0.29739
0.574087
-0.49411
3.40573
-1.90391
0.145574
-0.359977
0.296833
-3.42569
0.913988
-0.533751
-0.444738
1.54561
1.22528
-0.765704
-3.54606
-3.33931
0.25933
-1.37565
1.34407
-20.3699
-0.101164
10.5595
-0.350624
-0.579224
-0.797366
5.47452
0.0444253
-0.638327
-1.04253
1.15897
-1.06475
-1.96379
0.670198
-2.59612
0.839817
5.33377
-0.268136
0.523733
1.12253
-0.0530708
-0.346553
-1.62486
0.44134
1.90012
-0.228591
-0.486386
-2.0862
-0.0231586
-0.195205
-1.89698
-0.638913
17.6971
0.0761514
-0.63588
0.43812
-0.443151
23.6905
-0.516619
0.046952
-0.355455
1.98158
-1.73785
-48.0118
0.203419
0.634134
1.56919
0.553604
2.21736
5.95421
-0.970658
-0.100309
0.599453
0.809316
-3.1439
-0.716356
0.96884
-0.0423911
-1.76452
1.66497
3.46688
2.25911
0.415113
5.55181
-0.41318
-6.40469
-1.59754
-0.348473
0.617913
-0.315754
4.73649
-0.120955
0.509643
-1.62621
-0.667682
0.583143
1.11439
9.84868
0.0834667
1.37771
4.81271
0.356796
6.41533
-1.67566
6.62211
1.06852
0.630003
1.013
0.567907
2.49182
-0.00702936
-0.786302
0.431612
5.29932
-0.0501181
0.140448
0.287865
-2.36544
2.33298
-1.39624
-0.793982
-1.08706
0.216492
0.682466
-4.03212
0.27672
-3.02151
7.3299
0.48461
3.2205
0.564916
1.18134
0.0997146
-2.81977
-3.34666
-2.10875
-0.983058
0.352907
-5.08121
0.534277
-0.186737
-71.1645
-2.68684
-0.773964
-0.0518409
0.304073
0.613569
-0.938672
-0.232969
0.104079
-3.82655
1.48085
-0.864209
1.79024
-1.79239
-0.140388
19.4169
-1.8285
-3.65047
0.226768
0.172367
2.71592
-17.3687
-0.641065
0.641899
-1.93414
-0.650091
2.38761
0.0840091
3.40067
2.21145
0.590732
-0.374959
0.58992
-0.0998288
-0.00132837
-1.56304
0.291794
-0.422004
-0.710601
1.16108
2.1381
-0.0725406
-0.195765
1.89105
0.499448
-6.60085
-1.51575
3.30607
0.584163
-3.14148
0.751263
-8.78658
-0.83318
0.0683161
0.586553
-0.318068
-5.65795
0.39823
-0.922865
-0.991971
1.0208
0.215024
-0.745345
-0.808627
2.56605
0.106158
-31.5804
-4.52166
-3.23781
-0.225292
6.15579
-0.614228
-0.00800052
-0.558843
0.705592
3.36201
-0.214358
-0.484894
-1.23404
1.84586
-1.22811
1.48624
-0.185701
0.059822
0.322918
1.53273
-3.30881
-1.40729
1.37805
-29.8171
-0.983844
0.632054
1.54517
18.1388
2.91928
-0.688802
-0.819331
0.478465
1.55471
-0.611638
7.4231
1.00094
1.32319
0.511302
-1.63293
-14.2706
-2.23555
0.846364
-1.74253
0.505515
3.55918
-0.450647
8.49283
-0.030322
-3.71633
-0.512389
0.806919
-1.39777
-14.2722
0.7362
0.0811586
0.0515359
0.64492
-1.28177
0.0940404
4.32343
-2.85198
-0.479062
-2.87976
4.13046
0.414632
0.120685
-2.26791
0.16356
11.2843
203.281
12.2529
0.174546
0.220845
1.96574
-1.70975
-1.3885
7.21563
-1.4293
-1.04611
-1.75748
-0.00433993
-1.10549
1.44822
11.2492
0.828662
-0.979363
0.0985419
1.49424
-0.762079
1.04305
-0.0176712
1.89105
-20.7839
-0.435306
0.815316
-0.504471
-0.492432
0.578436
-2.29142
-2.64233
-3.67219
0.805097
-2.27972
0.484595
-0.722749
0.483192
0.0222364
-0.529982
-0.423897
-0.404326
-0.417081
2.53213
-22.4764
-31.4986
0.369243
-3.07935
1.08879
-0.676959
-2.4789
-4.36649
21.5142
1.77441
1.11978
-5.11772
33.2664
0.536644
-3.22171
-1.23
1.65187
0.070879
-2.17203
0.289766
0.111808
-0.876175
-1.68741
-3.28392
-3.08362
-8.79514
-0.676479
-0.35404
-7.24955
-0.990307
0.1185
0.0740064
2.73901
2.35055
0.592619
-0.227281
-0.0447148
5.28974
1.25569
-2.37736
-1.11583
-3.17777
0.265859
-20.6999
-1.05694
0.663198
0.747423
-0.0655272
4.16953
-0.404353
18.6984
-0.0632738
-0.396001
3.28799
-0.0666894
-0.132749
-2.7665
-0.141851
-0.916383
-0.0475444
1.06107
1.64156
-0.781559
0.52534
0.837131
-9.60284
0.142891
-0.0455657
-3.27291
-101.238
2.11376
-0.795774
-4.99576
11.9789
0.436213
-1.5476
3.80682
-0.498892
1.5361
0.204098
-1.52368
5.62415
-1.54476
-0.491561
1.66012
3.31439
-11.2463
0.583257
-2.77299
1.36484
2.12365
-0.197415
40.7824
-0.881969
-0.185841
0.878876
-0.583824
-0.618837
0.223526
4.59498
-3.60988
-0.0806743
-0.0300922
-0.997607
1.46016
-0.829675
0.108642
-1.89707
-1.39983
0.431368
-0.626075
1.59376
1.78068
10.9562
2.27217
0.465361
-1.03214
0.498423
-1.05451
-0.497922
0.625687
0.0580725
0.673716
93.6098
0.952465
-0.86508
6.16503
6.38776
-0.68376
-63.233
1.01275
1.18395
0.0390475
-1.00256
2.49581
0.124548
-1.74132
-0.669988
1.94715
2.08955
0.937342
-1.11168
-1.32731
0.730935
-9.41231
-2.64748
2.874
-0.619711
12.1393
-0.168048
-0.395176
-0.389356
0.0853952
-2.08338
0.0717483
0.596812
0.0617991
0.6091
0.684668
1.68355
-1.06247
55.3736
0.610883
-1.42635
1.09374
1.15301
-7.00792
1.21349
0.757737
-2.83673
3.0755
1.91386
0.209166
43.2646
1.10716
0.0224515
-10.6543
1.38432
2.44154
0.589589
0.195965
-0.0805726
-0.746817
0.797252
0.238434
-0.136924
0.00921038
31.6382
0.377622
0.709074
0.12772
2.5106
-0.0642466
1.1705
-0.529216
3.02122
-0.496658
3.82751
-10.3329
1.93092
4.78998
-35.8234
-2.80094
0.562183
0.0973419
-0.598118
-0.923299
-0.19602
0.237808
0.818587
0.758134
0.823144
0.035119
0.294637
1.38838
7.74606
1.0407
0.413684
-1.16382
1.20527
1.88115
-0.467173
1.11582
0.804981
9.74944
-5.30384
0.559623
58.8672
0.765104
-0.548913
-0.798597
-0.717498
-6.14579
0.675277
19.9933
-2.30817
2.13214
0.114904
-1.67071
0.963045
-27.3729
-1.3849
-9.98529
-0.475962
3.03948
-0.272647
-2.18107
-0.716025
4.57056
2.63621
2.79564
1.0816
-2.8029
0.337039
0.955822
1.14152
1.07429
3.9804
2.98147
-1.83811
-3.77735
0.383264
-1.28582
0.202366
-0.470676
-0.702938
1.98485
0.239587
-1.16334
2.26225
-2.95203
0.427599
-0.392066
-1.86166
0.485002
-0.339442
0.853273
0.230066
-0.169924
-0.418326
-19.4558
5.65292
-3.80301
0.694318
-41.7834
1.80071
-1.26884
0.331974
141.583
2.60049
-0.20615
-0.308686
-0.095686
2.9261
9.36401
-0.342109
-0.205861
-3.4372
1.49071
0.637765
-0.0440919
11.4181
-0.294692
4.16925
-0.000342672
3.4621
0.388843
2.14673
-1.71323
-0.923979
1.86339
-12.7474
2.33577
0.419409
-2.59381
-0.99997
5.04967
1.27654
-0.28102
0.554455
2.62126
-0.533723
-0.561717
-0.212965
-1.49322
-1.13636
-0.55696
0.659655
-0.397219
-1.41837
0.450884
2.65057
-0.276216
0.537944
2.41644
1.82008
6.52279
-4.1699
-0.409737
1.05907
1.68139
9.15124
1.39873
-0.675379
0.665754
-0.699257
2.31056
2.85094
0.0624179
0.10371
-1.74095
-0.352272
0.219284
0.256088
1.23048
-0.752982
-0.485183
0.0179397
117.544
0.626994
6.99375
0.77248
-0.372215
2.16442
0.862743
-0.107956
0.930459
-7.86314
1.35975
5.96627
-0.89971
-2.09645
-1.44905
4.98293
0.221297
-1.22145
-1.51136
0.411149
-0.998339
2.25876
-1.88435
2.27901
0.045884
-0.658382
1.59989
-1.55176
-18.5063
0.896459
-63.7352
-2.56715
1.49266
-0.800345
1.96231
-19.503
-4.81271
-0.511394
1.02729
0.175967
-0.177058
4.06413
-2.65363
-0.403039
-1.05682
-2.76857
-21.4257
-9.37238
7.86209
0.337379
5.16043
-4.91767
0.233362
6.92848
-0.702405
-2.4733
-0.255951
0.67438
1.03094
1.51817
0.392724
2.4936
-378.824
1.68187
-2.24825
-3.24389
0.282121
1.17386
-0.0367412
-0.589583
-0.321933
-4.13864
0.142308
0.973215
0.592481
31.2212
1.98236
-1.51831
-0.450484
0.760067
-2.25485
2.63386
-1.95665
-0.853622
1.9826
0.135957
-5.32304
2.52583
-1.31995
0.0767257
-0.134158
2.47962
-1.9074
0.495334
0.0102794
0.0859789
-1.46786
1.49466
1.38811
-0.656657
0.0899503
-4.13795
-3.20252
-0.124753
3.59371
-17.6873
-1.42967
-0.660149
-0.324673
-1.15132
-0.253322
-2.34816
-0.29908
-1.54062
-1.00337
-6.88574
-2.00846
0.426441
-0.156392
4.49178
1.55287
0.730928
-0.274576
-0.1319
0.134764
0.214703
3.65673
-1.72558
-0.435935
1.89279
-2.63524
-2.14739
0.0053317
-0.540911
2.97637
5.72819
-0.08601
-2.58418
-35.184
-1.15319
2.33394
0.433361
-1.8783
-0.397398
-1.38204
6.79457
-4.08394
1.96963
-0.931234
0.0889197
0.128464
-2.60495
4.35939
-58.2171
0.164739
5.2905
-1.55801
0.0183119
2.88859
-0.535076
-1.77643
-1.32505
4.43115
0.704759
0.563998
-0.048075
3.28874
0.260816
0.864594
-1.49588
2.78999
5.31764
0.374135
-5.07463
0.338457
-1.59135
1.61452
0.164873
0.106988
1.53097
-0.31596
1.64483
4.10052
0.438873
-0.656081
-0.376052
1.60047
-8.13835
-0.392414
-0.0319507
0.139375
0.720469
7.85011
1.63534
0.613252
0.960633
1.65618
-0.632109
15.575
0.49198
-0.135569
-18.908
-1.60004
0.609773
-0.179838
1.69439
-0.472402
-2.77813
3.43786
-0.153929
-2.17461
-7.54897
3.16769
-0.104971
-13.8908
1.31787
-1.41687
1.3835
1.30038
-22.0062
6.19702
-4.13458
-20.6064
0.216252
-7.67375
-11.2184
0.0803379
0.0733298
16.7139
0.28611
2.75001
-0.175881
0.0319482
-5.4217
0.882492
-0.674032
-1.48857
-0.632462
-0.529665
-0.199834
-11.0966
-0.953064
0.146166
-4.33883
0.632901
-0.446844
0.523427
-1.94291
-0.410548
1.47511
-0.651181
20.8692
-0.220854
-0.372828
0.809488
-0.743492
32.7841
0.482094
0.648242
-2.37489
0.444657
-0.471551
-2.26952
0.907978
1.74429
-0.232654
0.256813
2.7108
79.9771
-1.53901
0.19533
-3.51491
-0.277843
0.0935233
1.71103
0.639232
0.421233
1.14313
2.592
-1.96046
-1.1395
0.0833213
-0.828914
-0.496951
2.73031
-1.99592
0.163371
0.261121
-0.107143
-0.871762
-0.224728
0.660386
-1.02837
0.0352237
1.27936
1.15564
15.5523
0.184584
-0.206067
-0.199148
1.05003
3.0319
0.834905
-0.443127
0.444235
4.25804
0.45569
1.75199
-18.3647
0.240661
-1.11547
1.06018
0.299622
15.0567
-4.28532
-0.889587
0.424865
-1.98855
1.62027
-0.872308
1.09319
-0.0475572
-12.6358
0.328187
-4.71613
-0.809561
-1.25807
-3.25333
1.2249
-4.58824
0.485404
-0.232025
0.669745
-0.379413
-0.765955
-3.32116
0.657576
-0.673822
-2.12875
-0.90262
0.394195
4.08326
3.00043
-0.172266
6.5875
0.511817
-32.2464
-0.498659
2.13582
-0.104468
0.62931
3.4284
1.19011
12.3688
-1.37902
6.96547
0.481528
-31.2776
0.640524
-1.08233
-0.144165
-1.11014
-1.51557
-1.28228
-3.02119
-0.288237
0.00134494
-0.435807
0.95473
3.12442
0.557899
-0.0884037
-0.67886
0.421462
2.86401
1.59484
3.27478
1.90255
-0.714456
-2.05616
-0.38574
4.32757
-0.864686
-4.57043
0.152107
-2.07654
-1.44942
0.566214
-1.08373
1.28098
1.66946
-1.10064
1.50283
-0.292855
0.317399
-1.90823
-0.00143715
-1.53785
1.03982
-0.189886
-0.369758
-0.432959
0.68739
-96.7688
-1.15139
7.01061
-0.211766
-2.38384
75.1594
-3.98822
0.278909
-9.21429
0.10357
0.82905
-1.94069
1.4027
-0.415944
11.9142
-0.886735
-1.15033
0.295506
-7.26274
0.120674
-1.5185
5.30253
-0.0486924
0.883243
-9.13076
-0.0215575
-0.807408
-0.469989
-7.99465
1.38693
0.298585
-0.132138
9.72577
2.56406
-8.89927
-2.72321
0.400595
-1.05876
1.3419
0.217405
8.64041
-137.385
-0.275856
-1.44088
-17.5062
-2.86385
-1.01234
-2.68566
0.2814
0.361067
-3.88959
0.113081
-9.22877
-0.86013
1.35935
-2.50368
0.13429
5.18218
-1.12623
0.667567
-0.0962384
0.191252
-1.73984
0.625679
-0.0523716
0.198691
1.47311
-0.00496068
2.18317
-1.03184
1.17563
-0.884279
-0.382809
-0.165629
0.311318
0.170637
-1.51862
1.17626
1.41182
-0.307186
-0.53548
0.691835
1.55024
-0.0983464
0.237748
0.912314
14.5712
0.165909
1.48969
-0.119847
1.63756
0.67529
-1.02849
-2.05643
3.39871
6.268
-2.71254
-0.467561
3.14527
0.508779
-0.154103
-1.16498
5.93489
-1.28767
-1.74531
-2.81451
-1.41022
-0.702069
1.97552
1.29149
-0.36372
2.37433
-0.705007
2.36936
-6.53388
1.68155
-4.22365
-1.45267
-1.18353
2.14206
0.190706
0.809225
-0.214704
1.58771
3.6334
1.42673
-0.698464
-0.56194
1.42594
-1.67833
-4.51784
2.03883
-0.527434
0.0997626
0.512874
-0.517178
-1.75661
0.486244
-11.6784
1.43286
-0.661039
-1.96338
1.70487
-2.41571
-2.8718
-0.846335
-1.01706
-63.6801
-0.363932
-0.768604
-0.113455
0.495807
5.61548
1.04552
-1.93872
0.0985531
-0.982852
0.961413
-1.41302
1.23066
-0.0635547
1.81601
-0.43058
0.793071
1.49544
-1.63695
21.5956
0.854383
-0.544847
-6.92602
-1.58056
4.78958
16.5763
-0.798233
1.30226
-0.334369
2.729
-0.0782476
-2.11485
2.04344
0.748975
-1.6482
5.17272
-0.263433
1.61564
-0.0830146
1.33899
3.76616
-0.732687
0.3146
-1.28865
-0.419054
-0.205318
-9.3864
-0.47422
0.331202
5.49974
-1.95673
1.31209
0.343792
-6.3075
0.78416
5.06429
1.18815
-1.16832
-2.20795
14.6697
-0.236016
0.893144
-0.863679
28.1856
-0.578363
3.2766
46.1191
0.335247
1.30789
0.68705
-1.60466
0.369048
-24.1211
-1.35244
-1.41269
0.00181705
9.36573
1.36045
0.0819586
2.33749
-0.7873
14.6722
0.942318
0.646522
2.43202
-0.784292
-0.151706
-0.140048
1.95589
12.0752
-0.0465584
-0.451874
-0.2004
-1.60984
1.58236
-2.95763
-0.855403
0.512436
-1.7027
-2.64255
-6.36167
-0.0874182
0.0680682
-1.99906
-30.0541
-0.225038
1.16642
-0.41678
-0.755993
4.14445
0.778306
-9.36306
0.731674
2.42213
-14.644
0.0409783
-28.3779
-2.45122
-0.582926
1.86724
-0.273879
-0.948461
-0.161268
0.780401
0.740373
-6.8059
-108.79
1.74555
-0.88071
4.70524
0.0726407
-0.195244
-0.308467
0.190878
0.467357
6.6884
-2.82855
-1.42062
3.02985
-0.899694
4.79013
-0.624912
0.661451
-2.26128
0.654654
0.0344843
-0.945705
0.36678
-17.2028
-3.36755
-0.250446
0.716742
0.653054
-0.304364
0.190223
-8.10662
-0.985834
-1.7522
4.62506
-1.44542
0.404593
2.10349
0.153671
-1.06603
-0.843999
0.404373
-0.218058
-0.589183
3.73468
-0.972463
-2.0675
0.191963
-8.41766
1.26964
-0.299307
0.276921
37.2758
11.8109
-0.701778
0.840936
0.731982
-0.188458
-151.316
1.0204
-5.74448
0.945463
-0.303509
-0.021689
0.181047
-0.191639
-2.52471
0.920898
0.993444
0.476874
3.93914
0.343409
-2.00459
1.30174
0.0181545
0.0586749
-1.70219
0.102941
0.951507
-1.20937
-0.249424
0.701564
5.51779
2.91093
-1.07807
-2.92097
0.106643
1.2737
-0.52295
-1.25693
0.908004
1.10512
3.92366
0.857549
0.119551
1.30934
1.40025
-1.32293
-0.659072
0.315933
-1.18924
0.235619
-2.11295
7.61349
2.26993
2.01213
-0.80337
-1.01316
3.26567
2.03678
0.868941
3.68362
-2.2924
0.877619
-5.28031
-12.5058
-0.599029
1.13139
-0.710343
3.83813
-1.06449
0.344885
-1.95537
-1.22569
-0.210027
2.76991
-0.0944803
3.95207
-0.322427
-0.0940673
-0.903692
-132.921
-0.0525838
1.97832
-0.505234
-0.987236
43.6447
-2.88024
-5.51628
0.463962
0.409863
0.185524
-3.85186
-0.0792997
0.486999
-0.486564
-1.1201
3.2297
0.179004
0.879481
-114.568
0.420895
-5.22764
-0.713905
-1.1183
0.296357
1.02139
-0.418556
-4.13117
0.965927
-0.801014
0.379732
-0.0365258
0.630198
-0.223877
-4.38396
-0.659163
2.23852
-0.169276
-0.453239
2.03727
-0.767999
-2.11691
-2.49257
-0.125174
-2.98241
-1.79573
-2.13342
-2.25999
2.20919
0.638319
1.06083
0.60336
-1.13173
0.864161
-2.51764
9.98782
1.04177
14.7147
2.51835
-0.550412
2.48868
0.780166
101.238
-0.315535
-7.90205
-3.12217
-0.416171
-0.876212
4.47718
-8.89168
-1.92178
0.76133
-1.068
0.588444
1.42058
-0.160722
-6.50688
-0.423736
0.24515
0.0109326
0.223815
-0.567648
-0.197946
-1.01007
9.37075
0.428924
-1.79588
0.207124
-364.944
0.163205
-0.275439
1.57841
5.77425
1.71164
0.566591
2.8951
0.708294
-0.524634
-6.67004
-5.51351
63.5666
7.08772
-0.302381
0.937145
-15.3001
-5.49435
-1.55461
3.15094
-0.498699
-0.165683
0.486616
-3.11278
-2.0624
3.13352
-0.253681
-1.7295
0.747686
-3.46931
4.31878
-16.9169
-0.503703
-1.3228
2.5878
0.962216
-0.725634
3.3194
-1.66528
1.36305
0.775
-1.85799
-0.943934
-0.465481
0.647257
-3.55132
-2.75914
1.71211
21.1066
-0.372777
0.417349
-2.75985
-1.0667
0.376839
-0.791053
0.647486
0.920432
0.0966992
-0.288353
0.563473
10.0815
0.0776607
-0.77302
-2.74082
-2.7723
-0.495218
-14.975
0.539386
-0.0900242
-1.51188
-0.0610426
1.31305
-0.306855
-0.541162
-8.95913
0.704268
0.430121
-1.27934
0.324605
4.36612
-0.890029
0.743619
1.16615
-0.707458
3.06405
-7.34892
0.204231
0.930201
-0.0134681
-0.0815566
2.74627
0.413005
-0.413656
-0.560764
-1.57769
2.23608
19.9551
0.264388
-0.840746
1.16944
-0.474525
-3.63925
-0.484231
-18.5717
2.02627
-0.00432222
0.267182
0.387219
0.158549
-1.73749
0.956759
1.8947
7.6672
-3.5709
1.95945
-3.37132
0.842674
-1.31932
-5.70092
0.0139883
3.63397
-0.802296
-3.71131
-0.47549
1.19698
-0.419006
0.190551
1.26257
1.09035
0.308739
-1.87449
21.4781
-1.3977
-2.3354
0.226542
0.028961
1.00149
0.435518
0.908377
-0.130165
0.325552
-3869.3
-0.0890197
-1.99343
-0.0389289
-0.496812
0.757291
0.691989
-0.194838
-5.01093
-2.06615
-20.8682
-1.10672
-3.07244
4.20113
-1.45492
-15.0034
-3.37074
-3.58744
0.240785
2.22192
0.213455
-0.214639
-0.759226
-0.918259
0.428356
1.9322
6.15268
-0.588396
21.1691
-2.55257
-9.82841
-0.875183
-1.11618
-0.95363
19.7792
-0.0288832
1.63782
-1.0276
-0.0938732
-1.39728
-0.0664211
0.113545
-0.72502
0.423751
0.633245
0.478454
0.998496
-0.363294
1.24821
0.4187
-1.17921
0.110155
-6.70288
0.591679
-0.637529
-0.17292
0.622236
1.87263
-0.165165
-4.68297
0.121798
-1.27924
-0.517849
-6.93511
-0.40213
-0.413869
-0.0454764
15.8224
-0.000336739
69.0737
0.0206105
-1.26943
-2.56349
-2.14224
-1.8505
1.88065
-4.25874
-0.399458
7.00511
-0.751902
0.311764
0.209409
-1.52049
0.38664
0.0021163
-0.563655
-21.0266
43.3536
1.11425
-3.21207
-0.464103
1.35324
-2.26949
0.127512
-0.00405846
-0.206348
-1.6361
1.29813
3.68412
0.832606
-16.698
0.67882
-1.03003
0.421102
0.163583
0.0340954
0.0245459
-0.204389
-1.18394
-0.18009
-2.13394
-7.46002
0.239343
-0.320713
-3.14784
2.01781
2.62377
0.855158
1.42663
-0.958031
2.26766
-5.81565
-2.36582
-0.104424
6.36322
-0.0979572
5.61715
-11.8384
1.23466
-0.414501
-3.3056
1.15231
0.477751
-0.473494
-0.606953
2.47533
-8.7629
0.0975036
1.38222
-2.39201
-1.34238
-0.0271836
1.02029
-0.169577
1.42
-0.514341
1.39564
-3.07502
43.6181
-0.161455
-13.9079
-3.38063
-2.04414
-4.60708
1.57306
-0.716931
62.1633
-0.393154
2.55449
0.224725
1.81228
2.21292
-1.36043
0.0156193
-4.04778
0.280161
1.10784
0.629041
-0.496401
-2.15261
-0.315689
-4.41449
0.419024
-5.04141
9.63919
-0.270413
1.58732
0.193259
0.103139
-0.623362
0.0186741
-1.18084
1.93009
2.35584
0.858625
-1.825
0.560669
-0.264849
-1.92531
-0.64571
-0.00132917
-0.495884
-1.84668
-1.41067
-3.81837
0.64728
0.67214
2.19038
0.376533
-1.64096
1.05202
-0.767771
0.0167226
-0.817222
0.215292
-0.0490747
-5.80947
-1.99589
-0.269523
8.61189
0.204693
-0.609501
0.754437
-4.9089
0.165129
-0.579421
0.570704
3.27931
-1.75669
-1.71392
0.375722
0.127445
-8.239
0.749957
-0.640819
2.48426
-0.305279
-1.94357
-2.51615
5.93838
11.4149
-0.447964
1.80269
-8.14319
-0.346886
-2.24449
-0.778472
-0.084425
1.34466
0.453299
-0.787085
-0.56879
6.05482
-0.356873
-4.39352
-3.10562
-5.79325
-1.45028
-6.53957
-1.34521
0.219886
4.14091
1.07737
-0.113629
-1.79541
0.0989933
-19.6139
0.113485
-0.717769
2.59291
-0.560953
3.73445
-2.10274
-87.7828
2.66259
2.63274
28.8986
6.13831
1.06474
0.12137
9.68209
1.04903
0.807351
0.116463
-0.904808
-0.578915
-4.81851
-4.53542
4.33172
-4.38977
4.40383
10.4142
0.00393659
1.264
-11.3364
-5.48816
0.366831
-0.343392
-0.782877
-67.4693
1.92127
-4.21351
-0.296037
-0.695361
-0.128466
-0.809216
-2.24684
0.836928
1.31134
-1.90158
6.88293
15.3296
-0.405799
-1.20093
-3.20523
-2.35417
-4.28706
-0.069272
1.2709
0.371724
-1.16861
1.44961
-0.0648404
-4.34853
19.7474
0.330949
-33.8001
25.8786
-0.692621
-0.630476
0.0262143
-0.166514
-0.783068
1.76829
-2.33475
-0.711752
1.7213
-0.266617
-0.122866
0.287575
-2.94837
0.933521
-1.29106
-0.0338051
0.0795916
-0.0395639
0.137502
0.160335
5.37316
14.1167
-1.61378
-7.89578
-1.07416
-2.28863
-0.504599
-1.87792
6.20984
-5.30092
2.45912
-13.3896
-6.74963
-1.00383
1.89176
2.74295
2.96441
-0.941628
0.231783
2.63878
1.35043
2.09438
5.02167
-2.1058
-7.78869
-0.573134
0.902395
7.65061
0.788943
-2.64298
-1.06882
-0.537253
-0.531604
-0.0734245
-4.40422
-0.452488
-0.308443
105.99
0.621003
0.323297
-13.1773
-0.606421
-1.41863
-0.349194
-0.645991
-1.98507
-0.168249
-0.263341
1.7291
0.334761
-0.496565
-2.07802
-0.58293
1.34392
1.28486
2.40133
-1.49805
0.328725
-1.15824
0.275512
-0.0352942
0.17198
1.32546
0.530046
-1.10972
-0.0384209
1.36499
-5.76629
-0.145975
0.444744
-1.42622
-0.822357
-0.49389
3.16745
-2.91744
29.2534
0.0660273
6.56063
26.0025
-5.01713
-1.24165
-0.121569
0.40978
-0.278025
2.38283
-0.441705
1.43897
-0.922574
-7.12073
-1.36544
2.6692
0.539715
0.746896
36.4815
1.53186
0.336809
-0.455585
-0.378601
1.00974
1.49203
0.334299
0.695534
-0.129183
0.41007
4.73684
0.201116
-21.3687
1.5588
-0.0626177
8.3477
-0.00162691
-4.71384
-0.421557
0.0351311
0.704595
7.98248
3.66981
-0.130933
-1.40451
4.09514
1.36304
-0.36385
1.94983
0.069665
1.63308
-4.49845
2.25325
0.3627
0.224126
4.89941
0.175652
0.934449
0.755312
0.706051
-3.69363
6.62517
-0.94261
-1.61453
-0.4747
-1.0071
-1.20367
-1.0795
1.5922
-0.066023
0.905214
0.0114802
-5.21294
-0.535107
0.379061
2.5096
1.02377
-1.54354
-1.77731
-0.0698389
-0.718151
0.545515
-1.09184
-0.617301
-0.454085
-1.59975
-5.20139
1.65963
0.967394
3.61589
-0.198166
-2.51654
0.244962
1.40508
0.576476
0.399795
-0.201302
45.086
-0.6907
1.29547
-0.726611
2.04815
3.84537
0.681933
-0.334458
2.14996
-0.535429
0.0853223
0.455531
-0.45097
11.9703
2.28074
-0.805297
12.9653
-0.974017
1.67898
3.61869
-1.53305
-0.611297
-0.27514
0.638514
7.9417
-7.78702
1.4301
0.345456
-0.513442
1.46021
-1.54676
0.220638
-0.422669
-4.2487
-1.10787
0.387401
-1.74007
-0.301458
-0.443241
-97.9746
-2.71164
1.71549
-1.13491
-70.8085
-12.1664
0.585549
-112.175
-0.606663
1.02636
-17.7683
1.07151
1.95543
-13.9359
-0.249161
3.62881
-1.3204
-0.311457
3.22907
-0.981799
2.43927
0.41132
-4.75596
3.31016
18.4457
1.37583
-0.406915
-0.866577
8.73159
-0.0498483
0.16321
-0.636534
1.49028
1.22782
1.38483
0.531629
-2.26471
-0.226603
-3.84807
-0.234833
0.626789
-0.582101
-0.0999616
-14.9378
-0.776803
-0.227616
0.0765184
26.1203
-1.03605
-0.605656
3.40705
-0.256837
-4.00948
-2.44858
-5.32749
0.876914
-1.05
-0.509157
2.97804
-0.894447
-31.7586
-0.0793259
-1.27626
-1.72465
-0.0519208
1.61125
-0.0873134
0.475801
2.05982
-1.6412
-8.02454
-2.06746
-3.95047
11.6602
4.98429
-2.67534
2.35964
-0.230266
-0.0190036
-1.51823
-2.27065
5.86271
0.749289
-5.5631
0.849869
0.46366
-2.2102
0.0755755
0.692222
0.165344
-0.512227
-5.96534
-0.294452
1.94808
1.9882
-0.520076
1.07341
-1.43352
-0.745192
1.18024
3.65547
0.711729
0.448826
-1.85674
1.42005
0.782754
0.444281
-0.459448
-0.0625772
2.62177
-31.2386
-0.366383
7.25051
-1.49721
-0.263971
-0.934605
20.5363
0.0966768
-0.505496
0.537143
-5.09882
0.362583
0.538586
4.90154
0.132644
0.978059
-0.215846
-0.309242
30.1016
0.757167
1.94103
0.836001
9.87937
-4.26059
3.14578
0.437239
-0.0486642
7.20664
1.02131
7.37326
-1.04533
-17.605
0.04574
-0.388287
-5.91316
0.931636
1.51804
0.93639
1.44804
-6.61053
-0.354694
44.7526
0.668089
-1.04987
-0.412054
-0.605236
-0.480978
2.23109
-2.32543
-0.525858
-0.12114
-2.24028
-0.526246
0.344565
2.06778
0.65528
0.309954
2.21677
-0.386706
0.210234
-1.27727
-1.46751
0.861673
9.33036
0.554804
8.80181
9.18452
-1.32787
-0.389958
-1.1086
-42.0095
-1.60583
-2.3154
0.243711
0.73055
-0.101399
-0.160032
0.1813
-0.454998
0.0137165
-1.97455
-0.409227
-0.0288204
7.32335
0.331217
-0.959888
12.9387
0.654875
0.0424288
0.763203
-0.510576
0.766179
-3.88374
0.282245
0.603428
2.21478
0.937486
-0.39933
8.6131
-1.1212
6.51699
2.22177
2.27498
-1.87355
-13.6547
0.26312
2.20562
-0.570784
-2.82198
-1.7949
-1.41431
5.12307
5.0241
0.309506
-0.45844
0.416582
5.60296
0.429287
-0.673742
2.93649
0.26001
-1.25429
0.288557
-0.780728
3.37196
-1.91103
2.65164
0.475447
-1.2166
-37.083
-0.358913
-0.358963
1.39134
1.95496
-0.195223
0.847456
0.969774
2.91054
-27.7598
-0.314665
0.439631
-7.45856
0.337883
0.141705
3.63312
3.35193
-0.390242
-1.43066
3.80643
3.36282
-0.0505545
1.99973
-0.268423
-0.265571
0.0236343
1.14042
2.77602
9.27318
-0.0553725
0.197409
5.17573
1.41474
-2.69745
-0.839547
-1.26954
0.645901
-0.851766
1.16163
-46.7967
-5.07285
0.663781
1.50969
0.45048
0.610158
2.33787
0.381633
-0.459198
0.496534
0.488786
-0.937915
-0.0911621
-2.78974
1.52799
0.0703132
-0.702536
0.212259
3.30651
-0.0208277
-2.2995
-0.6622
-1.44956
1.36192
8.90071
-0.400115
-1.62033
0.219947
0.663339
-0.372036
-0.640494
-0.105627
1.10972
2.04624
1.45232
0.371666
-1.1274
-1.65733
0.522072
-0.0752188
0.596483
-0.222847
-0.833092
2.98195
0.705933
-1.38668
5.03269
-1.01563
-1.16933
-2.26698
-1.82308
0.29169
5.55467
1.0362
1.36514
0.988411
-109.778
-0.629948
-4.35041
-0.468053
0.760377
0.969424
-2.52529
0.676954
0.861973
0.143935
0.426542
-0.126663
-0.521201
12.4639
-2.86589
4.5672
0.877176
-0.577578
1.01004
-0.640057
-1.53283
-1.6284
0.488598
-0.789836
-0.209049
-0.763077
0.0800419
0.0252871
1.63828
2.1506
0.316749
0.216728
11.5711
2.57601
1.16228
-4.84635
0.677516
-1.0802
1.17831
10.7899
1.57612
1.05868
-1.80636
-0.687931
9.90712
0.63639
-7.63979
0.410077
0.150439
-0.518902
0.264093
4.34006
-0.510944
2.40763
-0.767355
3.34725
7.42447
1.53253
-2.13394
0.0531696
-57.9504
-3.23943
0.754221
2.0138
-0.384396
-0.47098
-0.81627
-1.74428
-0.251261
1.13852
1.34276
47.9606
7.2892
-3.34084
0.138208
0.940214
0.349011
16.4182
-61.3924
2.88665
2.74621
-1.55874
0.436629
1.07402
2.61898
-0.293233
-1.14836
-1.03824
0.585684
0.197056
1.18207
0.862991
-4.27383
-17.4784
-9.5622
-2.09114
-0.0436454
3.71706
-2.12263
0.275431
-0.459251
-0.045116
0.848949
-0.401749
-2.06505
-0.954217
-0.0289028
0.631494
-3.54752
-2.1026
1.39983
0.39866
4.57365
-0.328986
0.269066
-0.505224
-0.816893
0.779494
1.20041
0.626682
1.39178
-0.189352
2.8343
-0.0700235
-2.81783
6.20274
-5.06684
-0.379466
1.38369
3.76263
-1.76526
-1.27876
-1.89
0.943209
-4.5888
-0.735101
-0.737428
0.964568
4.62412
0.72153
1.52577
-1.11394
0.166793
0.158718
-1.06747
-8.55839
-0.280766
4.93635
-7.8968
-0.446085
-0.355755
0.755498
0.632208
-1.22794
-0.283785
0.620918
20.0453
-0.851778
0.304572
-5.32803
2.25725
0.791593
-0.0215252
0.0472125
-0.483364
2.18579
-0.474974
-0.760273
0.322556
0.453379
1.31157
-20.3579
-2.29997
-1.28367
1.80452
-5.09559
0.179356
1.57395
0.31344
0.472041
-2.58421
-0.0410247
0.441637
0.363166
0.199691
0.623075
-0.0738871
1.49577
-0.0901162
1.97234
-0.413547
-1.16292
-0.3977
0.0188659
1.41177
-0.0954265
-1.66596
1.53831
-0.0690203
0.395276
1.74742
1.86286
-8.05982
1.39074
3.40746
-0.999752
-4.08595
-0.34605
-1.76422
0.47428
-0.642221
0.706945
1.29098
0.410022
0.426424
1.55114
0.0932358
-2.45544
-0.880335
0.315497
0.723131
0.555839
-0.748439
-0.755707
-0.532618
0.597883
0.160483
0.68872
-0.694633
0.926309
-7.59197
2.22349
-15.4875
-4.84932
-1.13939
1.37649
4.88762
0.0604097
0.166864
0.345655
0.110298
1.08259
0.753846
0.337499
-8.7023
-0.905489
-0.417397
-0.602745
0.639928
-2.90851
5.00605
-0.376144
0.592599
0.21261
-1.80297
3.27212
-74.9843
-1.27857
0.186039
7.27541
-12.8692
1.63135
-0.204113
32.7964
5.22781
1.22856
0.213086
-0.427507
-0.0718933
0.983824
-3.30354
-0.297284
-0.442982
-5.6554
-1.43855
-0.942208
-10.4265
-7.21768
0.00590447
-0.996376
-0.618359
0.512327
3.4399
13.7478
-0.167782
1.14286
0.325357
-0.796917
-0.257136
-1.72606
1.48828
0.0566613
-0.522022
0.4622
-0.136208
7.01305
-0.416176
0.093372
-1.2655
0.422202
-4.57599
0.502906
2.54642
-0.0554655
2.39476
1.97405
-0.439857
0.144295
-0.285431
-1.86975
-1.66265
-0.379506
10.701
1.6177
-0.43321
-0.862013
0.598229
7.93171
0.758802
-0.0444287
0.653546
-1.09238
1.62099
8.48256
0.613341
-0.410837
-11.2693
2.90157
-1.25134
1.37634
0.54202
1.60811
-5.1457
5.26276
-8.52562
-0.202016
-2.31798
-7.91122
0.762766
1.80852
0.270307
0.686514
-13.3054
0.0859897
-4.34994
-0.343835
-0.433825
1.18686
-11.3052
-0.777617
0.327951
-0.11129
3.82471
4.46182
1.39949
-5.47911
-0.0673909
-0.330702
0.288353
-1.95478
0.963729
0.676844
15.7298
12.8826
-0.6222
2.30016
3.36012
-1.75567
-1.88665
-1.19659
-1.42296
-6.2951
0.349274
-1.08063
-2.32936
-0.792505
0.729556
1.63483
-1.44461
-0.568714
2.65769
7.97877
-0.0685027
-2.09416
-0.341886
7.9821
1.50197
-6.38051
3.40227
-0.333842
-2.36906
-299.582
2.26593
-0.987798
-0.938472
-1.0401
0.723403
0.367089
-0.318008
14.7576
-4.46506
-2.0148
-2.77444
1.44391
-1.2334
0.231988
-0.100652
-0.102336
1.16891
0.0246333
0.0144716
-0.837581
4.44974
-5.22346
0.143725
0.922319
0.17184
0.902712
1.65745
-16.7055
16.6686
-1.33645
-4.49521
-0.307895
-0.0819254
1.43691
0.102546
0.460178
-9.78968
0.531882
-0.400294
22.585
-0.15725
-0.812675
-0.887924
-0.0280463
-0.532143
-12.3087
1.07032
3.91497
-0.960736
-0.282527
4.26054
1.04259
-1.21942
1.08258
0.602797
-0.767556
-1.81315
10.0445
0.1958
-0.466219
-1.60739
-1.43949
-0.268759
-0.460888
-0.880338
-0.137097
6.10247
1.39792
1.74166
0.973852
-0.140938
0.149071
-0.289229
-3.90964
0.377207
2.89153
0.206941
-3.29658
0.319074
6.5108
-0.157185
3.78833
1.41981
4.7249
-0.56314
0.589291
-0.781891
0.388172
-1.59731
2.2928
-1.90682
0.582423
0.901755
-0.534979
0.401334
-0.18744
2.3024
0.195542
-45.3196
-16.249
-2.4636
0.735793
-32.3608
-9.29992
1.16592
-8.47162
-1.43242
2.66103
2.5693
0.386848
-0.0367538
2.03681
2.42279
0.437482
7.12742
0.577555
-1.80525
1.42084
-0.649082
-0.874209
-0.722181
-2.22397
15.9139
-1.86263
-0.680792
-0.0587822
-0.811527
1.60721
3.77058
0.0769767
1.99956
1.12856
-0.723172
0.553239
-2.07462
-246.3
-1.08779
-0.0316394
0.126199
1.11868
3.71962
-0.149296
-1.00638
-0.584859
1.87247
-1.349
-0.0652954
1.17139
-0.606353
-0.365869
0.741932
0.254761
-0.00101032
1.99492
4.18019
0.499369
0.945481
-17.1412
1.2955
-4.75445
-0.397941
-0.589899
-0.855334
-0.146591
-1.10697
-0.956783
1.42469
1.91762
1.00495
-0.101165
0.478249
0.638791
-0.304435
-0.0934694
-0.571523
0.590617
1.2523
3.15765
-1.24277
1.26018
-9.77553
2.2736
-0.606784
-2.49865
0.579046
-11.6925
-1.69551
0.791479
-5.57086
2.86432
-2.08783
-1.46849
3.90716
-1.91419
0.0928578
-1.34485
0.0399944
1.7302
-0.0333165
-0.393939
0.18957
1.97586
-0.0318175
2.20345
-0.179024
6.60915
-0.27422
1.69941
-1.88146
-1.17745
0.120072
-2.43115
1.21507
4.25893
-0.209681
-4.87605
0.549836
2.95049
7.20933
-0.16943
0.875795
0.455416
0.527873
-0.442851
1.63783
-0.0102133
0.478683
6.8522
-1.13892
0.0485483
0.0184035
0.474705
-4.9967
0.402713
1.69
-0.23099
0.756343
-0.323178
1.63033
-0.122653
1.30918
1.07894
0.228016
1.02775
-0.76832
-0.779218
0.0582845
-0.985387
0.84006
2.38322
-0.284527
14.3472
4.40939
-0.516769
-2.06804
-96.0902
1.23119
-0.299447
-4.55675
-0.942614
2.65722
-0.32851
-0.0668384
0.779706
25.7909
0.482403
-0.389396
-0.014239
-0.502671
0.723949
1.46978
-15.5441
-0.331009
0.377304
0.299262
0.697663
1.06682
2.24798
-1.07423
0.57643
-0.886326
-0.758414
-0.273394
-0.129894
43.9893
-0.0753766
-0.465132
-1.52155
5.21064
-0.908889
-1.46385
0.503304
0.867727
5.59005
0.861421
2.12213
-0.501462
-0.410465
0.677905
2.53965
2.97602
1.0996
2.29784
7.14122
-2.16798
3.79463
0.0858353
-0.723092
0.960183
0.932081
1.95444
2.26893
1.19335
-1.08137
-1.42329
-0.124939
-1.07052
1.25519
0.888691
-0.131671
-2.25113
0.227903
-0.0129607
0.645698
31.0075
0.682511
-2.82372
0.0817583
4.04629
1.10442
-1.72671
1.76039
0.114007
-0.101617
-3.96907
1.49298
-1.06682
2.38228
-0.947403
-0.0932393
-0.267244
0.421856
0.126359
0.403698
-1.87356
-8.46469
-0.200176
-5.28721
-0.0602988
-2.79732
-1.75875
-0.48229
-1.97098
-0.999824
-1.16857
2.28042
0.334743
2.27429
-0.0809087
3.75315
22.3157
1.40247
-1.15346
-0.187399
-0.759073
-0.127548
0.555522
-0.329984
-30.7628
-0.934334
-4.10504
0.750854
0.123802
-1.49956
2.66744
-22.6798
-5.21833
28.6516
-0.472252
15.2747
-2.50446
2.94125
-4.07612
-0.677469
3.33664
7.33022
-3.23007
-17.1751
-2.4064
-0.958119
-0.947972
-0.351164
-5.58172
-0.668527
-0.295193
1.83221
0.729971
32.9746
0.753621
-2.86971
-6.74879
-0.820576
0.497486
-61.67
0.809638
0.553033
0.273991
0.975838
-0.543556
-5.06784
-0.0389628
-0.940334
-2.49505
-2.46634
1.22238
-1.61881
2.10258
4.28212
-29.7111
-0.504419
2.3293
-0.568877
0.054766
1.05934
0.721027
3.04875
0.346967
-2.54971
0.248088
-1.2299
-2.32968
-1.72934
11.3058
-1.10075
1.61705
0.809128
-1.62607
1.64057
-1.30116
1.81668
-0.532791
-0.34419
0.513245
-2.07581
-0.0349856
-0.200908
1.9227
-1.68093
-0.598441
-0.0168539
-1.31019
-2.12208
-0.00223652
-1.17309
-1.67834
0.623388
0.436291
0.0917657
-0.0578666
-2.36193
0.39714
-0.701645
-1.72815
0.506876
-1.69995
1.9454
1.44245
12.3079
-0.0805839
-10.3983
8.00733
0.379612
-0.499951
-7.3974
-1.11336
1.09101
1.77018
-1.31133
-7.84579
0.302508
1.47951
1.55617
1.32902
5.34436
-1.4388
-0.270209
-0.417591
-1.32461
2.42566
-3.25072
0.907412
7.98864
-0.693679
0.171474
-1.19419
1.62586
4.83633
0.146658
0.376387
-1.06528
0.295219
-0.41625
-3.58716
-5.02392
-1.54029
3.5045
1.73679
0.587275
-0.345309
3.1788
2.60869
-0.350808
2.19228
-48.3509
-0.738591
3.33887
-0.729563
1.30609
3.0203
-0.776065
7.18941
-2.1769
-0.534312
2.75169
-0.847244
-3.14319
-5.10625
-0.613131
-2.07159
0.29909
-2.31622
-0.477066
0.576017
-0.00594252
0.0407498
2.0032
-0.0275188
-1.84623
0.916605
-0.0991754
-0.668282
-3.23632
-0.419882
0.0157587
0.99852
6.69091
-0.644052
-1.40579
0.740104
1.27237
-0.0714452
-2.65436
5.57979
3.63
2.55773
-1.83649
-4.20715
5.38556
-0.907449
-2.72265
3.63385
6.9827
-1.89917
-4.47066
1.27031
-0.296513
-0.155132
1.06619
-4.22423
0.655977
0.56908
-0.35239
3.34884
-0.382375
1.828
-6.60032
0.745877
0.541544
0.0897623
0.0497998
-0.0759222
0.419745
11.3411
0.912844
2.00322
0.172646
0.0624612
-0.989312
1.26591
-0.637777
0.312461
7.47868
-0.329283
-2.25443
1.42614
0.690023
-0.31617
-0.0724304
-0.157633
-2.23615
0.956634
-11.041
-3.29497
-1.20584
-2.5879
-1.68758
-1.4564
1.20097
-0.425386
5.13496
2.90299
0.982806
-0.428784
0.248081
-4.35703
-0.715021
-1.09374
2.20537
-5.30822
-1.20933
1.74236
-2.68915
1.59943
0.144947
4.49268
-1.48534
-0.958997
0.641823
-2.91091
0.0004466
2.3092
13.925
0.785605
-0.382258
42.0657
-0.0726024
-0.992233
0.360531
0.803356
5.36706
-0.0454388
0.032448
-1.46474
-0.261552
-2.36509
0.170414
10.334
-0.431655
-6.98796
-0.54879
-0.65302
-1.41726
0.547431
3.61184
0.642549
-0.0923108
-0.733312
-5.3372
0.501903
-1.78758
1.10169
4.61703
0.531538
0.970037
-1.28462
3.64524
0.0169872
0.105952
1.64213
-0.281352
-6.65017
-0.146427
1.51944
0.538192
0.421795
0.666101
-0.583951
3.02084
-34.5038
4.30035
1.16644
13.8057
-0.0941615
-0.0408327
-0.232637
0.281195
1.94962
-0.158669
3.15577
48.5382
0.769581
-3.79784
-1.55064
-11.8165
-3.73185
0.238553
-0.185164
0.0351395
-1.59191
0.645456
-0.23416
0.492762
0.760164
0.19049
0.286397
-0.552243
2.52457
-0.899947
-1.48112
-2.73334
1.77857
-0.420055
-7.76511
-0.697549
-0.466475
-0.329452
6.94198
2.38381
0.292943
1.02208
1.30414
-1.73774
-0.324848
0.354663
0.607935
-21.5611
0.277878
-0.24218
-1.55853
-3.46656
-21.1474
0.0718352
0.697496
-0.139026
0.676582
0.357344
-3.90805
-0.60046
0.589831
3.90129
-5.75214
-2.14445
0.963609
0.513247
-2.23497
0.687281
1.17352
0.788723
1.41767
-4.10088
-0.0213461
1.40019
-0.628956
-0.0370687
2.84376
-0.217779
-0.726582
-0.388383
4.36223
-2.55217
0.719397
-25.8063
-0.41958
-0.808222
2.82878
-0.501153
0.281937
2.53646
-1.37467
-0.470207
-0.212107
0.311219
0.690599
1.12425
-9.4076
-0.0522918
1.07911
-20.1055
-1.67555
0.461032
-1.0713
0.174037
-2.51251
-1.07557
-0.672112
0.590961
-0.406615
-0.299111
-2.07685
0.118248
-1.95942
-0.919039
-3.082
3.06954
-22.5661
-0.367795
0.0876797
0.276596
-1.01936
0.920921
-3.04
-0.22033
0.463338
1.8773
-1.43013
-0.166019
-0.469692
-0.210829
1.20976
-2.08745
0.077657
0.923168
-0.896774
-0.0238226
0.0607931
-0.362747
-0.647707
-4.99953
-0.55684
-1.96201
-0.881767
0.00555997
-0.85177
-0.197013
-2.00706
22.3574
-3.89046
1.5352
1.67668
0.930951
-3.35967
3.64824
-1.44501
0.227738
-1.5173
0.854447
-0.888792
0.000616987
1.01645
0.869691
0.20799
-1.43652
0.111498
1.57307
-0.881995
0.235032
1.67964
0.860737
-0.364083
-3.18905
-0.178625
-3.6068
-1.27629
-0.4943
-2.29815
-1.36122
-1.28066
0.592096
-0.0843052
-1.04059
0.453397
1.16164
4.32561
2.66563
1.16401
-1.26569
-0.767026
1.94151
-7.8433
-0.237418
-0.371293
-1.03943
-0.0211851
-1.03371
-2.45885
2.65444
-3.61111
1.24761
1.30165
4.74368
0.447474
1.67605
-0.19411
0.265889
-4.49295
-0.244221
-3.76266
-0.97832
0.853328
-0.237403
4.77055
-0.120614
-0.514728
-0.352866
-3.67475
-0.912501
1.04762
2.51718
-0.34042
0.0581893
2.12226
-0.612866
2.37976
-1.97471
-0.169159
1.22716
14.314
1.62375
2.01317
0.581665
-0.0950523
3.34003
-3.52876
113.84
0.502525
2.23854
0.741529
-0.428723
1.38914
-7.06175
-1.83564
2.6109
-1.39733
-0.070401
-0.021423
-0.250128
-0.926384
-0.497551
-4.39759
1.18088
-0.742025
0.611925
-0.113139
-2.02019
-0.433641
1.50479
-0.162379
0.000261526
0.420875
1.31113
6.03316
0.748298
-1.45803
-4.51404
-0.696508
2.61749
2.65756
0.0954335
-0.796074
-11.1001
0.535166
-3.10126
-4.8015
-0.278952
-9.71972
0.988476
-1.29972
-4.34464
-0.934916
1.39225
-0.827958
3.17042
-17.1395
0.163973
-0.716483
2.94762
0.00208963
1.24019
-2.88663
0.0995176
0.318758
0.410529
-0.923045
43.0671
3.24488
1.7692
0.215435
0.702701
0.243373
0.689381
0.176822
1.09061
-0.378835
1.09499
0.236864
0.199804
5.4719
-0.630902
-0.0968954
-8.08131
-4.7366
-0.568453
0.147123
-0.0402423
1.22904
2.797
1.92536
7.15612
-0.691538
-0.192202
-15.9681
1.96179
1.69597
0.134034
0.992818
0.636313
-0.313054
-0.830357
-0.501509
-7.74874
11.3378
-7.27382
-0.698692
1.0918
-0.96114
-0.210871
-1.7368
0.918531
75.7449
-1.77557
0.464453
0.765925
-2.30919
1.44624
-0.348718
0.497273
0.324799
2.55076
0.637807
-8.49118
-3.46167
-0.301791
12.6749
-1.22254
0.727083
2.13104
0.280908
0.391494
1.64311
0.700415
-1.02035
-0.822097
0.489425
-3.01675
-0.1601
3.60574
2.88959
-5.8348
0.172608
-0.21044
-0.562945
-16.6028
2.98492
0.681638
0.239038
0.241756
0.183323
0.305406
-0.444907
0.806935
-5.3715
-4.85453
-0.0451442
-12.6024
-17.0327
3.6805
-0.455978
-0.250528
-1.5644
-0.121578
1.04725
2.15873
0.224083
-0.671225
1.84073
-4.76947
2.38421
-0.463031
-7.42543
-3.54646
0.535526
8.37682
-3.66965
-0.729737
-4.09739
6.9815
-0.862388
0.0168455
-1.25921
-9.33616
4.08279
-0.317319
-4.71756
0.798709
-0.58488
0.106026
0.724212
-0.550742
-6.56916
-0.690839
-0.707332
0.772879
4.35901
0.676075
-1.86753
1.40305
-2.37311
-0.623949
0.022001
1.24741
23.6194
-1.4505
-0.133958
-1.07188
0.0769402
-5.0285
0.264887
-1.19176
2.32791
0.379789
1.20285
-0.606552
1.30608
-2.92094
1.90142
0.252148
-0.361419
-0.623889
0.730702
0.660469
0.645264
-1.56248
0.0653172
-0.120945
1.16871
2.69707
-0.722794
-0.133094
0.615589
7.72545
-3.47798
1.06107
-1.10686
-2.30222
-0.194975
-3.80957
0.256398
1.25676
6.5753
-1.52245
-0.0590408
-0.366208
-0.481351
-4.69807
0.259966
2.56041
0.621059
9.72942
-0.347962
0.812807
0.37701
4.64528
-2.26689
-0.156088
3.51276
-0.454875
-0.938417
3.0305
0.251473
1.90786
0.265459
-0.219132
3.10673
-0.471496
1.2141
12.6806
0.343993
4.34595
0.418413
0.476356
-1.01775
0.174944
-0.303769
2.84265
-1.41195
0.979133
4.45638
2.09973
-0.649942
7.98483
16.5269
-0.8919
-0.585316
-0.801803
0.917531
0.120243
10.2141
4.4014
-12.4626
-0.878508
-0.282706
-0.793802
1.1358
-2.25599
3.0403
-1.60738
-0.126155
1.49031
0.851327
0.593062
-2.65006
-0.988655
0.748723
1.71162
-1.74362
2.2562
-0.501356
-0.581981
0.709452
0.698484
-1.28309
0.614966
1.04806
0.619621
-0.700456
-0.223127
-1.06756
-6.88854
-1.64833
-0.763372
-1.32171
1.84124
0.673781
7.1404
0.486831
10.2946
-0.471832
3.81801
0.247711
0.443723
0.38872
2.19149
0.160746
0.295502
0.661965
-0.410326
-0.980053
3.28124
0.150531
1.7225
5.57969
-0.365627
-0.0184642
-0.664401
0.0638022
-4.33877
3.27862
-0.675273
-0.943597
0.739986
-1.24707
-5.90616
1.88269
-3.50366
3.38002
-1.68218
-1.07011
-1.03281
-3.2459
-1.64369
1.95871
0.863915
-0.994358
0.744776
0.833382
0.354688
6.40096
0.611788
3.38877
-0.505227
-0.0151276
4.78584
-1.36419
4.04565
-0.00106079
-0.61775
-2.53137
-2.72053
0.0304818
-2.59272
0.193534
-0.482125
-0.980094
-0.101858
56.6192
31.3776
0.026382
-0.797516
-6.60329
1.0391
-4.11067
-1.72179
0.477727
0.35236
-0.810211
-5.67416
1.91206
0.329946
1.09698
1.38158
4.15882
1.44082
-3.08022
1.47654
1.71628
0.0469229
-2.85786
0.182523
-0.83318
1.46232
38.741
8.84379
1.89477
-0.175747
-1.0142
1.07091
-3.03169
0.0137606
1.20833
8.42853
5.11802
-0.0216292
-1.07812
-0.077828
-0.269204
0.482318
0.298062
1.28278
-0.362347
6.0689
-0.201296
0.316104
-0.041621
0.489516
-0.369388
-2.65541
1.43381
-2.957
-0.386717
-0.556108
0.832418
13.1049
1.77251
-1.95806
-0.0229059
1.41253
3.00555
0.254903
0.797234
1.03725
-2.62397
1.89911
-0.557869
-0.168141
0.800124
-0.629729
0.941884
0.994258
0.912344
5.93635
6.14386
-3.17436
0.569659
-0.448578
0.7558
0.30092
13.2033
1.22118
0.929074
-0.415869
0.212967
4.09424
-0.928685
0.9829
0.110545
1.27358
4.32276
-5.36846
-0.454658
-30.787
0.38567
-3.67113
-0.294919
1.36874
1.68677
-0.0157415
-19.3176
72.7897
-1.48462
3.52293
-3.70248
2.10947
0.227632
0.431703
6.00316
0.275353
1.71457
1.06251
1.09468
-0.592654
9.04821
0.466699
0.0681522
-1.51029
1.30385
1.53509
0.713558
-3.24383
-0.871548
-0.331929
0.00551193
-0.887501
0.644799
-11.8559
-2.45999
0.281934
-1.36107
0.538812
-0.915971
0.291766
-0.486803
0.0667184
-1.0398
0.368907
-0.234476
-0.691756
-0.228073
0.354129
-1.14217
28.115
-0.106984
0.647072
1.35144
-0.52593
-1.00336
1.37396
1.13957
0.422314
0.897335
-0.705645
0.0961429
-0.798188
-0.0714995
-0.641619
1.81445
-0.514188
0.333537
-0.895042
3.29532
0.0242196
-11.4732
5.66738
-1.13099
35.2096
-0.441531
-0.904521
0.570247
0.579522
-0.563539
1.95716
-1.07215
0.922278
-2.32604
0.472501
0.868417
-3.6504
0.876835
-0.49162
-0.412815
1.9111
-0.19717
-5.57463
-0.655873
-0.655673
5.37481
2.94893
5.69249
-0.650106
0.084398
0.315494
2.1405
-0.673392
0.245361
0.503254
0.325169
0.229327
1.5268
-0.830716
-3.9633
0.629498
-0.229561
-0.717705
1.29515
0.093494
-3.72512
-4.48338
-0.956276
-2.76317
-0.123998
-3.14355
0.85144
1.55424
2.47989
0.161284
-0.533248
0.248688
2.32327
0.0252789
-0.451869
-0.352259
-1.31951
-3.60752
0.875824
1.90223
1.63938
2.48109
-0.774639
14.2595
39.8835
2.87776
0.924975
1.20704
-1.96875
0.536805
0.158065
-2.45839
-1.06638
-2.51274
6.14964
3.77351
-1.02542
-14.4953
0.131897
-1.48638
3.43254
7.92797
2.62934
0.0312726
1.72877
-2.33124
-0.110852
-0.559824
0.0517287
-1.23915
0.191995
-0.390552
-0.438871
-1.43003
1.41662
-0.195689
-10.675
-1.38352
1.40381
-0.197069
-0.44621
2.9635
-0.00573669
-0.248506
-3.08261
1.71618
-1.25676
4.56992
-3.42842
-2.78485
-0.762219
-7.57491
-0.796279
-0.61028
-31.8993
-1.1364
-1.72078
87.9879
-0.227661
1.04632
-0.132774
-7.76502
3.85956
-10.093
-1.71114
-2.02832
-2.07871
0.332766
0.0983986
0.392912
-2.66024
-0.368069
-3.26378
5.98664
-0.0197495
0.647734
-0.246238
-0.976834
0.653975
-0.221597
-0.339926
-0.348547
0.320385
1.59681
0.00381704
-0.921385
-3.89033
0.419292
-1.36369
-3.10589
30.747
-1.87072
8.12116
0.684838
-2.08152
56.9339
-2.73892
-0.616536
-0.388093
-0.367501
-0.244634
-18.4379
0.545074
-0.843252
-0.290066
-1.11316
-1.24706
4.68913
0.855227
-0.210241
-1.56529
0.0241467
10.1305
-1.01767
1.41189
-0.619723
-0.926142
-4.64611
-0.511452
85.9329
0.100249
-10.3474
0.946566
0.294094
-10.1463
0.932011
-0.146608
-1.21254
-1.00585
0.26573
1.38944
0.879463
-1.17596
-7.62408
-0.604943
0.556544
9.02761
0.20889
-12.5903
-0.598353
2.1369
-2.35162
-0.587942
-0.218747
0.573165
7.11693
-8.8067
-0.0436319
-1.06335
-0.1404
1.41999
-2.02986
1.00307
-0.279101
-0.317675
1.692
-0.563035
-1.23043
-0.461447
0.137145
0.290686
-0.451986
-0.0028025
-0.328446
-0.404874
2.13302
0.371921
2.30481
-0.0432466
-0.421219
-9.65903
-1.3162
0.602328
-1.66666
0.696806
-0.118814
0.390014
0.691886
0.32685
0.574889
-2.57004
-0.611094
2.74682
0.302903
2.32963
4.28825
4.24519
1.72228
0.27853
-2.44392
0.549266
88.6656
0.666064
-3.74794
2.73226
-0.393854
-0.635455
0.844909
1.494
-74.325
-1.85983
0.0497354
0.732135
2.18439
0.0732968
2.29829
0.226476
1.56857
0.701789
0.980122
-0.0834926
-2.94115
-10.5465
1.45201
-0.136601
-0.702865
-8.10457
-4.45219
3.18769
-0.0647499
-54.5923
0.944939
-0.212496
0.470968
0.256755
4.36217
1.34448
-4.31763
0.0565788
80.7725
-1.2166
4.20071
0.331059
1.15344
12.7613
0.652955
-0.842248
1.41722
0.92064
0.828042
3.17698
-2.85516
-0.700877
0.101846
5.40027
0.720587
-2.86471
0.81716
2.22694
-2.51642
-4.45125
2.07784
1.67609
0.911391
0.776847
0.475481
4.39217
-0.880952
-0.659304
1.18913
198.261
1.42304
1.44606
0.911502
-3.9066
1.59054
-3.05637
-2.44126
1.19211
-0.674481
-0.0921396
0.276914
1.1274
1.01613
-0.858645
0.719659
-0.1408
-1.04856
0.885807
-1.51766
-2.68941
-1.0909
-0.390508
-2.75807
-2.97519
-0.181777
-0.421901
-1.53506
12.7642
-0.975834
-0.415063
1.08579
-1.58557
-1.01526
-0.919807
0.335089
-10.8164
1.02481
-0.0546104
-2.00036
-1.66898
-17.811
0.581262
-1.58415
-0.071869
-1.05943
-0.197056
-4.47574
-27.8272
0.639602
5.48092
1.25256
80.2417
-2.96834
0.213533
1.59121
-2.56798
0.148237
-1.12578
-3.27744
-0.270946
-0.250058
-0.505276
-0.430208
-0.127717
2.04836
-5.48613
-1.18135
-0.370663
5.46071
0.422179
2.47665
1.46635
-0.448364
-4.40402
9.47552
28.6151
-10.5207
0.505019
0.141802
-0.606264
1.32346
0.455386
-0.216366
0.567225
-0.798908
-1.08977
-1.11602
0.701202
0.0550125
0.235202
2.19564
1.68029
0.604904
-0.460844
-18.5841
-0.280168
-5.23071
2.00405
-0.216654
0.136627
-0.444099
-0.668417
14.4295
-0.253494
-4.98097
-0.032465
-0.380126
-0.528912
-0.392465
16.2176
-0.4551
0.211218
30.9735
0.973702
0.248804
-0.0392098
-0.0653616
-4.31009
8.8226
2.70824
0.850385
-0.00230341
5.38849
-1.44043
-1.7733
0.0803405
-0.654267
-1.72801
5.53863
-0.304631
-0.699799
-0.287505
1.0236
1.29778
-0.610433
5.77483
3.13538
0.36268
0.10932
0.409819
-0.975605
1.97283
0.0736559
-12.0262
-0.903796
2.20671
-0.413551
0.109056
11.168
-0.358073
-0.774223
1.37044
2.44181
0.387102
3.27948
2.96518
13.6527
1.79366
-0.695976
-1.84436
-0.901202
-0.785722
-4.43297
-2.72811
-2.44493
3.83267
37.871
-0.742083
0.0361607
0.166592
3.25158
0.49133
-1.32599
4.01799
0.380309
-0.264519
-1.17054
10.7638
0.501169
-2.079
-0.426372
-3.60484
-0.489523
5.86183
1.5245
0.341567
1.81229
4.31071
-0.539158
-0.196932
1.49233
-2.40909
-4.19862
3.62793
0.630455
0.102502
0.287887
-0.251841
5.09342
-2.42266
1.05578
-1.15673
1.45756
-1.63543
-0.178476
-0.261855
-8.16185
0.987312
15.1625
0.192079
20.7637
-1.60868
3.03632
-2.81261
0.212916
-0.201112
-0.140873
1.40298
-1.74759
2.58691
0.375754
-0.0252482
-0.685468
-1.61994
0.966115
0.91005
0.179367
1.21109
2.34097
-0.327889
-0.130298
0.479015
3.02477
-0.41699
7.25635
-0.0570472
7.42318
2.36643
-1.76518
0.857147
0.470728
-0.826227
1.04201
-0.54839
0.783136
-0.722536
-0.541087
-2.11128
4.69461
-1.08524
-3.0489
3.71102
-1.0227
-0.213219
-3.45981
11.1185
0.449419
-3.49865
1.57409
-2.32595
-0.29044
-1.01043
1.0726
0.419263
1.84158
0.70606
-4.19597
-1.48343
26.4408
-0.109672
-0.556684
-0.165519
0.11107
1.22482
0.811759
0.895005
-0.00351068
0.824739
-0.535638
-3.17829
-0.620565
0.321577
-0.233877
0.643951
1.59475
1.60626
-0.236494
-0.279335
4.13737
1.03417
-0.816613
-1.34932
-0.209535
-1.13403
3.52764
1.96769
-0.72013
-7.46962
0.494238
-2.55745
1.93764
6.64948
-9.7059
-2.86799
0.349698
-4.89737
-1.11838
-3.29815
-8.38571
1.34581
2.28502
0.376539
0.208372
-1.86412
7.86176
1.80961
3.25582
-4.31366
0.302077
0.334831
-1.48872
0.17821
-0.723663
-1.24607
-0.967085
0.292101
-0.550154
-7.62651
-0.960191
1.82947
-0.119366
-0.662022
-39.9076
1.05792
-0.490744
0.941122
9.65039
4.85398
164.711
-66.203
-1.341
1.10836
77.7266
-3.40813
0.301594
-4.63532
0.231388
0.118083
2.41248
-0.339872
1.15012
5.03777
0.110824
1.83338
-8.25064
1.42665
-1.35403
-2.16777
-0.286182
0.102896
-0.15416
-0.925097
-22.3524
-0.795538
0.331353
-2.00594
1.96051
-0.298601
-0.70235
-2.95383
-2.72684
0.398662
0.282549
-6.62097
-0.79859
0.0614988
-7.64691
0.389128
-2.5943
0.576658
0.0864872
2.51563
0.444314
-0.17923
-1.29222
0.837114
24.6861
-2.53717
-0.721241
0.2772
-0.782732
0.788056
-1.04115
1.3883
-2.17319
0.136195
-0.590356
1.06668
-1.64298
-1.69439
0.825378
-3.09349
6.99323
1.60396
0.444444
1.08304
-1.43409
10.1723
-23.5008
-0.258263
3.88507
0.0513215
9.86232
12.6719
0.405726
-2.03451
0.268927
-0.694954
5.15367
-0.71205
-0.430185
-4.47373
-0.222659
-4.64617
-5.63209
-0.411727
-3.94746
0.570287
0.843318
-3.69647
-0.892163
5.49875
0.0148447
-11.7607
-3.46601
40.5712
-0.308197
-0.409834
0.714574
0.977191
0.396013
7.27862
0.305343
0.637046
-0.18326
-29.9152
2.46036
0.348686
-2.40161
-19.9135
-0.562812
-3.41048
-0.126095
-8.35716
0.41501
-2.73825
-0.0499752
-7.31976
0.747758
3.49758
-0.945041
-0.565494
-0.145672
1.40117
1.16977
0.77814
1.60401
0.914327
-0.40197
-0.0556624
0.636463
0.301768
-0.329696
0.246094
-5.36773
-0.419326
0.043483
-1.01643
-3.35956
3.87869
-2.87192
-3.17455
-1.09422
0.0301541
-0.632107
120.069
1.36709
0.788335
-1.34426
-0.153368
-6.14977
-2.49731
0.379252
3.06545
-1.72487
-5.23219
0.230735
10.196
-1.44479
-0.940632
-0.0965554
0.171474
0.267345
-0.310047
-0.697096
-1.04399
-3.21914
1.23816
-0.321369
0.959823
-2.85288
-75.7939
0.407643
-0.349752
-3.7892
1.18295
1.99843
0.0962768
0.879063
0.554857
-0.135204
-3.61198
0.524993
3.77477
3.08148
4.18935
-0.160081
-1.05502
4.19282
1.31422
1.42851
0.417333
0.318991
-2.31866
-2.08411
-6.08758
-0.655456
-0.480717
10.4774
-1.46045
1.92587
-19.0944
-2.76664
3.74123
-254.364
0.78454
0.191099
1.16635
2.60059
-11.1353
0.89569
-0.0510147
0.0844304
0.803054
-0.0444455
-1.21197
0.328584
-1.56475
4.63878
-0.502908
-0.36306
1.45286
0.704438
-1.53929
-5.55007
0.474113
22.4068
-1.23829
0.0690645
-1.27616
0.584885
-3.55222
0.328896
-1.08956
0.679777
2.76228
-0.779898
-4.99272
0.69958
-7.31094
0.774475
1.12032
1.15329
22.089
0.923471
1.12175
-0.506273
0.0866745
-1.17465
1.76575
-0.114694
0.212187
-1.11516
-0.60647
14.4458
0.27199
-19.8329
-0.837988
-6.09637
-2.00891
-0.464502
-1.68605
-0.510711
0.0308016
0.504027
1.90727
-0.289586
-6.16334
-0.221085
3.59181
0.893845
6.07069
-0.493395
1.74266
-6.25995
1.66107
0.414729
-1.00859
-2.33659
0.0457501
-0.344798
-0.277445
-1.09704
-0.442459
-1.96642
-18.9329
-0.295214
-0.337371
-1.53577
-0.18731
0.471371
0.846063
-20.2013
0.748023
-3.6331
1.80161
-3.19591
-2.00902
0.435129
-1.20983
-0.561767
0.395313
0.472601
5.80362
2.67603
2.18349
-77.724
-0.575757
2.45425
0.149032
-0.462044
1.50677
1.58085
2.71402
1.19608
-0.0523315
2.79426
30.4339
-1.72719
-1.20992
-0.521808
-2.30516
0.954728
-0.551975
58.9873
-0.631476
0.0366859
0.610596
-0.104143
-3.07993
-1.10621
-1.04077
-0.239882
1.31621
0.183688
4.69413
0.0148445
2.95789
0.395429
-4.16671
5.95141
17.8373
-0.152327
-0.496955
0.967586
0.775598
0.929747
0.202719
-0.690101
-0.789752
0.168657
0.949895
-1.78667
0.386219
-4.39179
8.39162
-8.43006
2.18834
-2.91903
-1.05837
1.05599
3.1448
1.41661
-0.931045
-7.41138
-0.879021
-0.892305
0.84675
12.4405
0.657029
-2.41482
4.70027
1.89474
1.31502
-0.937008
0.752477
-0.262413
0.896455
3.14903
1.42282
-0.0239048
-0.0693148
-0.21625
-2.08637
-0.456414
-1.0022
0.345245
0.201875
11.0906
4.64678
0.347895
-1.63157
-0.563163
-3.79388
0.875377
-0.238422
-0.908852
-0.297532
-4.64142
-0.868283
-0.403347
-0.486042
-6.40998
-0.227121
0.74966
-0.540052
-0.142683
16.6846
2.57523
0.640851
1.53444
-1.00464
1.32532
0.857922
16.9596
1.54586
-0.188894
-0.769179
0.32379
-1.86625
0.0878884
0.19825
-0.799315
-1.92804
-6.45109
2.20569
1.13251
1.53845
16.8853
0.285842
-0.165764
0.0740537
0.432548
-3.83486
1.59769
-4.81651
-0.186484
0.0477715
7.44696
-0.224611
-2.95434
0.656581
0.0785312
8.06742
-0.438085
-0.235218
0.858375
0.456443
1.14404
0.169836
0.135309
-1.54171
-1.84088
-1.28419
-4.02045
0.729061
0.0524581
-0.800336
0.0887197
9.20763
-1.54499
-1.21481
-15.2275
-1.50411
-0.326161
2.81893
-0.418751
0.913808
-0.142581
-9.9095
-2.38449
-2.1358
1.34542
2.48858
-2.53871
-0.107551
-0.114762
-0.422367
-1.38655
20.6411
-0.552922
0.932426
0.848375
0.649435
-11.4208
1.64124
-1.43471
3.39368
-1.05041
-0.33662
-1.38618
-2.27631
1.50096
0.526275
-19.982
1.5232
-0.211481
2.30716
0.524386
4.70104
4.77012
-5.78245
-3.77247
-2.37508
-1.68149
1.29063
0.438773
1.9465
0.928132
-0.445604
0.861703
-109.124
-0.764549
2.17887
-0.800012
0.940092
0.244131
0.192774
-3.65917
-21.5186
7.99203
1.01549
-3.40983
0.372629
-0.554782
0.301673
0.186823
-1.13004
1.69346
0.304066
2.45159
2.56639
1.8636
65.9286
-2.74481
0.590866
0.811967
1.01321
30.0616
0.0888048
-1.25188
6.84467
-8.99305
0.678245
-0.0593011
0.515205
-2.56547
-0.365339
2.34457
2.19613
-2.53394
-0.976038
-0.631836
-5.01908
-16.7827
-0.189845
1.0386
-1.62395
0.164783
-3.60502
-8.91289
-0.89848
1.15268
0.677159
0.207329
-0.380213
-0.718596
0.0712038
-0.104345
-0.0261635
-5.31115
5.15965
0.908313
-2.81276
-0.431798
-0.251186
6.11681
5.51183
-0.0420842
0.908849
4.35544
0.138111
-0.437912
0.360726
1.5969
-0.927939
-0.968079
0.629057
-12.9416
-3.67124
3.34266
-1.50358
-56.1047
-2.33595
3.99092
-3.54497
-0.56763
-0.950983
-2.51186
-7.0606
0.833988
0.168583
2.4644
-1.45397
21.8006
-2.5282
3.40277
2.83636
-2.25791
0.0228636
-1.78124
-0.844763
0.0703442
0.60297
0.08327
2.12361
0.411896
-47.9573
57.0203
0.694379
-0.534626
0.35571
43.3355
0.503771
-0.518876
4.9085
-0.176013
-0.310024
-0.208602
-0.255645
1.01469
3.45062
-0.263626
-5.22411
-0.787361
0.555648
-9.23414
-1.21367
1.09846
-1.92059
0.0489168
-4.73039
-0.871458
-0.721267
-0.704981
1.39582
-5.9893
-1.20635
-0.118352
-0.885465
-0.335486
1.3124
-0.0333109
0.988059
1.40591
-0.596787
-2.25083
-0.0633582
0.327353
0.49451
4.22221
3.9745
-1.52394
0.0179104
0.57691
1.9873
-1.02737
-0.0415201
4.30953
-0.00393336
-0.0417259
-0.84782
11.4247
0.465386
-0.0767825
-1.32019
-1.38164
0.788126
-0.644925
-1.78924
0.278071
0.338511
18.4411
0.422781
-0.795725
-0.287787
-1.09984
0.0788963
-1.36434
0.676863
-1.7539
2.12167
4.73675
-1.10859
-0.294289
0.326903
1.01582
1.72665
0.505919
0.278552
3.6073
0.577138
-0.740423
2.54589
0.273577
0.599801
-0.479493
0.676138
0.18558
-0.242318
0.388571
1.74424
-0.592633
1.06202
-3.79534
-0.407058
-1.47783
-0.26261
0.829224
-0.406412
0.240426
-1.12947
-1.61923
-0.419417
-3.98319
-0.117693
1.1313
0.0133102
-0.485569
0.287808
0.646408
-2.61633
10.9522
-5.39462
-0.217182
-1.01296
-4.3907
-0.0158337
1.88655
1.60356
-6.00588
0.441891
2.96778
-0.979676
0.889424
3.31873
0.479549
-0.657986
5.11386
2.76425
1.88675
-0.297951
-0.922571
2.71631
2.4906
2.24555
0.121689
0.992905
1.13783
-1.62892
-12.9624
1.6407
-1.38086
2.42594
-9.03864
-4.96452
-0.789381
15.4874
-0.038223
-1.38801
4.72729
0.550045
2.47061
0.498791
4.99585
-1.77841
0.518805
-1.35045
3.97675
-0.412363
-0.134156
-1.3646
0.272434
-2.31149
-0.0744513
1.84506
2.0992
-1.38756
0.482215
-2.33579
-1.00461
0.34985
18.3339
-3.188
-0.379616
-0.0975288
4.24123
-0.275479
-5.99579
16.3006
1.06023
4.58158
-0.903651
-0.384404
-0.732845
0.131885
-0.791184
1.56908
1.06827
2.56304
-2.6845
15.626
-0.220653
-1.01925
0.432311
0.874787
0.219323
-0.129322
0.837508
0.281209
-1.36921
-0.252256
0.965432
-0.29414
-0.537365
-0.958713
-4.84715
-0.361676
-0.0279913
-5.24394
5.12507
4.12472
-1.27038
0.112408
-11.1529
-1.61496
0.778557
0.383859
-0.00116777
0.155028
-0.672994
-2.40588
-79.7519
7.14593
-2.15147
-2.09574
-0.534086
-7.28135
2.09149
-0.921281
-1.61161
-0.758319
10.5355
13.561
-0.777075
-1.23092
-0.463297
0.149634
-1.0592
0.565203
-1.9572
-1.1603
-0.768921
0.125439
2.61606
2.20168
-0.205156
0.0999674
2.02264
-2.28267
0.461366
-0.611982
-1.20333
0.696487
-0.610159
-6.23511
-1.11581
-0.71175
3.42343
-1.36008
0.430203
0.671787
-2.30372
3.49748
-1.02482
6.409
-0.625812
-7.26577
-2.38947
0.8292
-1.26492
-0.363603
0.726496
-0.309231
-1.27055
-1.25144
21.0723
-0.772179
-0.39385
0.493654
0.592848
-0.452596
1.83466
0.445486
-0.851646
0.108325
0.0449451
1.42036
-0.192906
0.216507
-3.32247
-1.16329
-0.881361
-0.906165
3.48119
-1.50669
-0.355902
-1.51119
-1.77374
-0.213942
-0.270112
-1.46033
0.516284
-0.345903
-2.28933
-1.53211
-7.22723
-0.470643
0.224841
-1.12111
3.32701
0.518023
-8.69467
3.88119
-0.795495
-4.10596
9.53392
0.314508
0.823529
-1.51057
-1.1035
-3.05995
0.311097
3.97805
0.607266
0.357449
2.20817
0.46707
1.26282
3.41728
1.93004
-0.49303
-0.0871445
0.951121
-0.62552
0.669746
-8.65315
-7.11402
5.37814
3.36724
-1.78222
-0.241367
4.15694
-0.122595
-6.57874
-5.13007
-3.76018
0.383206
-2.8449
0.191546
0.0741702
0.322253
-0.513251
-0.307977
0.0394904
0.295474
-1.20887
-0.582197
-4.39328
-0.132022
0.549997
0.119539
-0.00980762
-0.0737329
39.552
0.072432
-0.977204
4.66591
-0.492759
-0.732098
-5.64171
6.03567
-0.0891388
-0.0457078
10.8116
-0.601172
-8.79325
1.67868
-1.13864
1.22354
0.621031
-19.9087
0.339986
12.617
0.217815
17.0382
9.19913
-0.307934
0.563419
-0.53634
-0.189845
-0.832529
-0.0718567
-6.87422
-3.57907
0.20867
-0.221663
4.96343
-0.78702
0.285161
-1.34336
1.08534
1.39466
-2.22126
0.999207
-0.248824
12.4883
-0.496215
0.918535
-6.68018
5.51717
1.82434
0.872406
0.512132
0.457547
1.35901
-0.869735
-0.0718282
0.752381
-0.251752
-2.00447
-0.318966
2.77749
0.568656
7.08542
-1.78393
0.288509
-2.25832
-4.25681
-158.116
-0.791231
4.46209
0.598177
0.544255
2.07849
-0.617245
-39.0155
-92.4095
-2.0707
-1.64404
0.323541
-1.34313
-0.941086
1.46325
-27.9288
0.577837
-2.00993
5.89848
-0.298967
-1.36951
-0.353826
-0.918401
0.590333
0.307328
0.193284
4.83409
-2.11099
1.08656
0.324274
-0.834421
0.266989
5.76393
-0.932793
0.823468
-3.48851
12.047
-0.04408
-1.20862
0.870735
0.357037
2.68358
-0.113314
-6.03875
0.93076
0.944565
-0.0467815
-1.47446
-1.09342
-3.15311
-0.107103
-1.87823
18.1106
0.115634
-2.89595
0.468277
-0.238029
-1.36921
0.358766
-0.668588
-0.35311
-1.46409
2.52824
-0.644022
6.13356
0.02806
-1.78536
-0.0420861
-0.104971
-0.864545
0.187433
-2.95999
6.2677
-4.54363
18.0942
0.600076
-0.465931
-1.04923
-5.26742
1.4795
-0.181909
1.03466
-1.94338
0.265455
0.421019
-1.99458
1.76082
-0.838424
0.75758
-0.0677716
13.1066
-0.331518
2.25643
-5.66128
0.918347
-0.229886
-4.61706
-2.85448
-0.196821
4.95638
-0.537766
0.442409
-0.24542
0.373228
-0.239471
-0.816779
-2.62799
7.52419
-0.633793
2.91624
-1.87433
-0.118717
1.05399
-13.5391
0.228664
-1.63279
-11.1184
-3.51972
-3.61082
0.0630655
-1.43862
-0.0988911
-0.814353
-0.426251
-9.92451
-3.62713
-1.7263
-0.967511
15.8201
-0.567302
-2.78254
-3.90256
2.03713
0.427275
0.351527
5.23216
5.22634
2.78981
2.37579
0.650019
1.66951
-31.9395
0.679545
10.7695
1.11246
4.7452
-1.23954
-0.950301
0.150997
-0.401672
1.35227
-0.644689
-0.696964
-65.2024
1.23685
-0.499318
-1.94422
2.20993
0.76843
4.19302
-1.0809
2.65245
-0.635733
0.992801
0.91984
0.498533
5.15712
-2.72058
0.642159
0.910826
-0.543864
0.96758
2.98867
1.16205
-1.64513
-0.644377
0.49681
-2.41144
-5.02176
-2.74204
-1.20082
-1.51539
-0.292942
-0.256964
-0.245734
-1.64167
-0.694545
-1.41836
-0.937833
-17.67
0.137125
0.866656
-0.494018
1.54765
0.483625
-0.842432
0.86758
-1.46917
-1.17364
-2.86325
-0.178412
-0.346146
0.773125
4.02994
1.25626
0.833416
1.68172
-0.0231328
-1.35258
-4.09684
6.99667
-1.41549
1.18227
4.73761
1.01868
0.0576516
-0.212704
0.573421
-8.17786
-1.16935
-3.73
0.14058
-1.82329
2.13236
-1.73959
-5.00397
-0.927428
0.321818
14.434
-0.708474
2.25488
27.576
-0.247412
0.657484
-0.715715
1.31121
-0.837065
0.586085
-6.92146
0.334781
0.796397
-27.5613
-2.64669
-40.8268
-2.40976
0.176576
-0.313077
-1.0975
1.06757
-1.30522
0.562529
-0.107375
0.679326
-2.40532
-2.03777
0.707749
-1.41026
-2.24431
-9.55726
0.0590992
-0.257304
-0.335353
-0.389122
15.4757
0.236514
-1.37409
3.60147
-1.06875
19.9469
-0.340781
0.768841
-0.660434
2.2893
4.79495
0.0675575
1.20086
-2.51166
-1.5045
1.91627
-0.37026
-4.08141
-1.27034
-0.699319
1.83852
0.403371
0.311389
0.521657
-0.0269858
16.2107
0.139637
0.43261
3.20376
0.399852
-42.4781
-2.03622
0.673013
-1.72516
-0.126425
-1.28211
0.0607573
0.489416
-0.697797
-0.114389
1.38403
-0.315796
-1.73983
0.894576
-2.15901
0.187052
1.69678
-2.62981
-0.846063
-1.89006
-0.734927
2.85674
2.5033
-0.127977
2.9782
-4.40072
-0.911112
-1.82668
-0.473477
-0.705109
-0.502283
-0.335787
-0.00886248
0.26385
8.0741
-0.174344
-461.214
25.6304
-0.201942
-1.41224
-0.96495
-1.45448
-5.85433
1.18333
-1.92938
-42.5916
-0.598387
2.22854
-0.96881
12.6722
12.1209
-0.0686051
-11.9839
-0.377491
-0.268914
-1.54337
0.221976
-1.1375
-0.506482
0.458798
-0.612616
-5.06788
-0.760014
6.11185
11.5715
0.361185
0.807553
-0.183791
-1.55173
-8.74397
-13.1897
0.394376
0.661313
-0.902321
-0.275735
-11.1332
1.12297
0.594627
1.43132
1.71267
-0.343052
-1.40496
-1.13415
-0.716406
0.806405
138.382
-5.14867
-2.19702
5.49803
1.85856
14.186
-1.40151
-1.16992
-1.04748
0.123631
-42.8583
-0.147898
-3.99725
1.30358
4.6683
0.755112
0.498355
-0.579949
-5.73172
1.42538
0.687419
0.0570406
-0.501307
-0.760874
1.69866
-3.35135
2.14012
-0.273743
0.735435
0.138703
-0.23146
-1.49039
-0.904829
1.23805
-3.24873
-10.3031
-2.51891
-1.60724
0.0221491
8.01319
-1.18694
-0.550152
-1.35957
3.745
0.933888
-3.4576
-0.847392
2.17748
11.4211
-0.0303962
0.991395
-0.790065
-18.6528
-0.337642
-7.90997
5.77085
-1.78162
4.21382
-1.11693
1.87116
2.42891
0.884935
1.29412
1.35887
1.50012
-0.156009
0.780148
1.77047
2.10732
-2.72812
0.313562
-4.31181
-3.06718
3.30518
0.201019
-3.6388
1.28068
1.07511
-1.19507
0.170346
-3.19369
-2.39314
-0.815194
-1.64715
2.24223
0.040033
-2.89033
2.57314
0.76439
-0.235145
1.02157
-1.39941
0.84578
2.70023
-3.5768
0.883646
-2.23397
0.276445
-3.82177
0.0284356
-1.98981
-4.065
-0.515329
-2.45989
0.266843
-0.246013
-2.34895
-3.75049
-1.2712
-1.6476
-0.955312
-1.81036
-2.32785
1.27491
9.64624
-1.39787
-5.05963
0.762947
0.396781
0.254598
0.413592
-0.211996
2.17233
-0.144212
0.573522
-4.01353
33.114
1.44892
0.295365
-0.438213
0.859626
-1.99808
-2.99242
0.414629
0.784757
3.49189
0.948812
0.307577
2.77783
-4.50916
-0.370546
-0.726483
-103.897
2.56421
0.0996338
-0.297767
0.249577
-0.333836
-0.786406
-0.447798
4.22818
4.57306
3.33489
0.54367
-3.24993
1.34931
0.14415
-2.92377
-3.12434
4.60806
-1.50808
2.62489
-0.994401
0.897044
-1.14838
-1.44384
24.9114
-3.14353
-0.159616
-5.83788
5.47869
-0.992828
0.577403
0.189682
2.03927
-1.40966
0.176232
2.04107
-0.286489
2.05507
-1.93384
1.1438
1.11483
0.181621
-1.85731
-0.026677
-0.142808
-0.0770629
0.606818
-1.85477
-0.818629
-1.0047
2.91172
-5.50826
0.97966
-1.04819
4.94596
-0.549593
1.45178
-5.91277
-0.200386
0.556886
3.00862
-3.94154
178.46
-0.128996
0.779523
-9.92956
-2.32328
-2.49683
-1.86838
-0.878954
0.0651367
0.295993
0.848971
0.876261
-1.36889
0.079084
-1.9206
0.11819
-1.16748
1.94239
0.168174
6.29718
-2.98641
-0.0457933
2.58303
2.69567
2.23202
-0.827144
-0.109496
-0.530508
4.78796
-0.0838868
0.131397
-0.130746
-15.1982
0.324352
95.0218
0.230319
-0.912654
1.37784
4.34226
0.411182
-0.413603
1.60352
-1.03462
-0.312339
-0.238165
-0.150564
-0.667254
1.12334
1.22936
-1.02511
2.10568
-0.535051
-224.429
-2.96423
-0.276525
0.768493
0.0448859
-0.50876
1.61492
0.0359853
-0.421281
-1.62809
-1.24729
-1.68399
1.43379
-2.17881
0.0243661
-0.155112
-0.197374
-0.917196
6.46572
0.1839
-5.73171
5.57143
-0.435408
6.31397
0.434994
-7.10959
2.96946
0.634107
5.19182
-0.303238
1.15786
1.17962
0.903501
-1.19642
0.186402
-0.985462
-0.780396
-0.282264
10.2368
-0.129459
-5.58969
-1.08919
0.149993
0.628681
-1.70008
7.77332
-0.730699
0.354988
-0.798065
3.93568
0.0981671
-1.7049
3.83321
0.55669
-0.0180715
-2.61909
-1.50432
-0.774021
4.44859
0.674161
0.38747
1.96832
-2.05088
3.36648
0.132088
0.893681
-0.544977
-0.514649
-0.0421306
-3.03247
1.85087
-2.86996
-0.190397
-5.81931
-0.807197
-3.03225
0.791256
-2.17298
7.17138
-0.123725
-1.18277
0.674344
-1.42363
-0.132947
1.42252
-1.11855
1.00445
4.29762
-1.83461
13.7888
0.0546796
0.683437
-0.22785
-1.52212
0.103485
2873.96
-2.95129
0.0894797
-0.970845
-3.13824
-0.947785
-1.66335
-1.24185
0.914916
0.911246
1.07201
-0.294208
-0.920482
-0.387588
4.45059
1.01772
-0.537894
-1.29535
7.10057
0.674583
0.749529
1.6732
0.51039
0.565759
-0.489358
-3.55261
13.021
-7.82468
-0.0576335
2.52566
3.32078
-0.280675
-2.22029
-0.922822
5.31819
-0.339901
-0.93121
-2.57452
-5.13108
3.1518
-17.9329
0.224983
0.739915
-3.82155
-1.16492
0.987913
-0.0334996
-4.55643
-1.01015
31.6999
0.580299
-0.652013
0.075895
-0.352456
0.987048
-0.235022
-0.130516
1.09804
-0.413075
1.13197
-0.860899
-1.12766
-8.09764
-0.582467
-0.367104
-0.352753
5.99628
-0.084369
0.142929
-1.22014
0.128145
1.4674
0.946431
-12.0856
0.707222
-0.813527
-0.876658
4.58479
0.655673
0.559623
0.0225751
1.13915
-0.330459
0.636705
1.38169
-1.07386
-2.99186
-0.508246
0.297677
1.93705
-26.1112
7.2473
0.179168
0.0300647
1.39525
0.729238
3.28431
5.73718
3.48062
0.588787
0.125161
0.0805458
-0.773316
-2.85234
-4.39899
2.97935
19.388
-0.497759
0.288229
0.125119
-4.71445
0.580697
0.102519
0.861984
-10.017
-0.890887
-0.711923
-1.87088
-2.15633
0.510541
-0.448821
-1.48188
-1.87067
1.06861
0.718168
-14.5126
4.20739
-3.90919
0.849201
1.06131
-0.35848
-1.15685
-5.90324
1.4836
-2.58806
1.66037
0.212081
2.28545
-1.5146
1.25064
0.263206
9.81209
2.6307
4.45537
-9.27621
0.0350894
0.31893
1.03351
0.6527
0.0048972
0.119348
-4.22361
8.54613
1.95079
2.42217
-0.364827
-0.462141
-7.13927
0.931761
4.3812
0.0675492
10.7793
1.12816
0.692864
6.05709
-4.77433
-6.88773
-1.10116
1.54037
-8.90546
-1.03356
-1.21986
0.107297
0.561689
2.0286
0.196759
0.0738573
1.01687
32.6951
-1.05233
0.431911
-0.264786
-1.70809
-3.59552
0.315326
-1.3401
1.18842
-1.04887
1.60785
-3.26177
-0.374019
-8.50409
13.5678
-4.63668
40.3158
0.318441
1.34058
-0.459734
-10.5008
-0.00544271
-0.86448
1.59083
0.286885
3.59798
-0.27618
0.990063
1.32604
0.902579
-0.781197
0.708729
0.332703
-1.34736
2.30107
-2.70827
0.685972
7.65407
0.0757002
0.283075
1.02259
0.425241
-0.33147
2.69281
0.970069
-1.46573
0.945769
-3.42236
1.57202
-2.28346
-2.80374
-1.82966
-1.06761
-1.22795
0.521539
0.545647
-1.97051
-0.837038
10.546
-7.75331
-0.819156
-1.43897
-0.25414
0.763443
2.09816
-0.907811
-1.89674
-2.3439
0.294567
1.00328
14.6467
-1.80267
-1.05025
1.063
0.264662
0.367935
1.23373
0.74191
-0.42979
6.34171
-2.14288
2.22814
-4.13595
0.321238
10.2593
-2.42096
0.314853
-3.15271
-0.436217
19.4637
-10.429
-10.8585
-0.968816
1.08684
-0.579168
12.2888
-0.453379
-0.621766
1.64936
-2.15357
1.03169
-0.211484
0.735185
-5.68539
0.535574
-0.873661
-0.781262
-4.91584
0.689946
1.02689
-1.56051
-0.360223
1.45521
0.31907
-4.17396
-0.191313
-0.197342
-1.2125
0.308712
2.91656
0.357672
-10.6131
0.3536
6.15572
0.702052
6.77416
-1.09457
-28.1312
0.493037
0.543188
5.21637
-2.40149
0.0661687
-10.6739
-5.80727
-0.72922
-4.43487
0.0245001
0.132881
-0.121344
-0.0605473
-2.95969
-2.81074
1.36265
-3.18465
1.31753
1.6503
-2.62548
-0.499183
0.750292
1.6448
-1.35101
-1.65977
0.303551
-0.531235
-1.79408
0.749693
-0.0956252
-0.370557
1.6709
0.29213
-0.226357
0.25288
0.554672
6.65985
0.140975
0.991233
-7.53735
1.59303
-0.0416159
0.63913
0.239715
0.38508
-3.09227
-0.0370798
0.113735
0.462127
0.257277
0.532616
0.136219
-0.253039
-0.717828
-0.603963
13.2179
1.44458
0.509377
-0.964168
0.0451098
-3.65105
-0.372665
-1.14
-0.573711
0.543833
0.323362
5.48708
-0.251821
-0.418865
-19.3947
0.13528
2.28955
1.57342
-0.137026
3.54368
1.50792
-1.23214
0.743096
-0.282603
-3.51921
1.96184
-0.027883
3.57017
-3.07971
-2.45837
1.71211
-87.6404
-2.82887
1.22614
0.413695
1.24629
-4.6437
3.65184
0.152628
0.570465
-0.243471
-0.598848
2.25058
-1.04212
-0.864077
4.48419
-20.9715
0.0183056
-0.566285
-0.131293
-2.9446
-0.792072
-16.9815
-1.13634
0.420684
0.227716
3.29012
0.681641
0.57803
0.755448
1.16967
0.473017
0.233685
0.284409
2.65965
4.92316
-1.79008
-0.476034
41.074
-0.469233
-0.499282
-1.07299
-0.25198
-6.61222
1.3666
-1.71646
6.49942
-1.17013
-2.0092
-0.101886
-0.248183
-3.02343
2.08247
0.885468
25.2999
3.24417
1.45469
0.258685
0.726517
-0.862612
-0.166084
0.622509
7.85561
2.07907
-0.0346992
-1.07296
0.353158
-0.210225
2.06646
-0.708094
1.04531
-94.2305
0.72519
-0.387475
0.14542
-0.0415094
-1.01375
0.290594
0.401326
-1.18205
-0.468686
1.17814
3.19546
1.24255
0.6524
-0.591537
-0.70052
-1.59315
1.49406
-10.1416
9.71101
-0.812058
0.0348843
3.59881
4.78375
9.28463
-0.299299
1.15468
1.66799
0.777996
1.21557
-0.541411
-2.38271
-0.40921
0.439752
0.451204
-29.9796
-3.20328
-2.24174
-4.56109
-0.43608
1.83044
0.141183
0.260455
-0.902113
-0.529714
-0.168823
8.38187
0.64311
7.51728
-1.25556
0.655024
-0.0858244
-1.19154
-1.94732
-0.340547
-0.433794
1.26317
-0.997043
0.643648
2.83983
-0.648654
0.955379
0.560943
1.02886
0.548784
0.673549
-0.0467605
-6.21015
-2.36158
-0.565608
0.84548
-0.387298
0.360303
0.184571
31.8201
3.68321
0.936824
-1.23627
-0.37812
2.07414
-0.0617844
0.404039
1.04922
-1.12867
-0.288001
-0.649878
-0.0633164
-0.102754
-0.656714
-0.580244
-0.431077
11.233
-1.15398
-0.552888
2.05372
3.42877
7.70714
0.378211
-92.2389
3.19747
-0.0788368
5.71838
-6.07442
0.492838
-0.605781
-0.152734
4.30815
-0.134452
118.363
7.34425
-1.6798
-0.329601
-0.53503
-1.06771
-0.55574
0.708303
-0.68422
-4.50055
-4.73193
-3.43535
-0.686056
0.704554
1.75391
2.23799
-0.595607
-0.761255
1.03708
-0.714111
-0.966568
0.31243
-0.117488
-0.273094
-4.53397
-2.51167
-1.75163
1.53774
-3.07726
-2.15375
0.346599
-0.330108
-0.532251
-0.761162
-7.2322
-50.4942
-1.20675
-0.330869
1.67224
18.7662
0.991057
-0.675106
-0.746789
-1.1893
0.777463
-3.1191
1.02308
2.89847
0.509743
4.63799
-0.557357
0.528857
-0.355321
-2.40995
1.05141
-0.403074
5.99779
2.57545
-0.115437
0.207677
0.592753
-0.515199
-2.08931
0.580913
1.02747
-0.844976
22.9182
-0.418872
0.884548
-0.455012
1.07612
0.703147
1.65877
-20.1047
0.540828
-2.0657
0.471284
-0.37458
0.814926
-0.438602
0.572594
-0.0128345
-0.719142
-2.06873
1.44303
-0.650314
-0.497744
4.10414
-8.90038
-7.46172
3.06624
0.821007
-2.82415
-5.24583
6.24459
-1.50703
2.12726
0.754314
-0.444113
-0.0986905
-0.503318
-3.48563
-0.28889
4.49463
-0.396957
3.95834
0.331583
0.0298474
1.13228
-2.25365
1.02825
0.191881
0.545799
0.189199
-0.535464
1.00967
-0.0802877
-0.87828
-0.701163
5.41529
0.0861445
0.275623
6.76158
0.0409647
0.388013
0.782959
-0.106478
-0.895578
-6.94697
-0.536657
0.508843
-0.645415
1.51324
0.263619
0.255551
-0.945581
0.495076
2.72618
0.0637133
-1.44276
-0.800889
-1.41065
0.197616
-0.836101
0.52624
-12.6824
0.105729
-3.29866
2.10438
0.343268
-1.22597
-2.51099
-0.642743
-0.15735
6.65902
-2.70822
0.397055
-0.666406
14.8995
3.72301
-0.83214
-1.70382
0.718586
0.383159
0.3039
-6.17087
0.633924
-2.34418
-0.860417
0.457459
-0.602556
0.0659088
-18.8973
-10.2274
-1.4626
20.9566
-0.941899
-0.589202
0.443142
0.654851
3.0136
-0.911919
-0.15562
-2.07875
0.663956
2.31335
2.64226
-2.38033
0.352904
0.834455
-1.00767
-6.56241
1.59988
0.983448
-13.0935
1.44125
0.858023
-0.786147
4.46571
6.42136
0.444351
1.41265
0.00191006
0.652694
-0.190104
0.0665804
1.18512
1.99493
-0.630342
2.41682
-8.33724
5.67741
-1.29262
1.7064
1.05468
-2.59463
-8.9519
3.56452
-140.498
3.48243
-10.6538
-2.3025
-4.99825
-0.568831
0.812472
-0.714851
-0.340513
0.298484
2.81262
2.86822
-0.468248
1.32814
0.550585
0.336934
1.25167
0.139122
-0.194958
-0.474366
-0.784612
-1.15169
1.72498
-4.59501
-1.91427
-0.854675
0.0472878
1.57377
-1.62617
-0.376526
1.80399
12.7813
-0.0278974
1.17899
4.48555
7.14491
-0.487262
0.00132182
-3.44339
2.61747
-1.3241
-0.0381994
0.735615
0.928933
0.358285
1.27419
-2.63814
-1.57516
8.17265
0.00254503
0.380081
0.0256594
6.95466
-6.61095
0.0249547
0.797653
1.7708
3.42525
10.6151
1.77299
-2.5979
-1.03726
0.543119
0.491449
-31.0927
0.035047
14.3254
-1.01263
-3.08396
2.01027
2.36487
-2.45776
-0.154842
-2.44801
0.159677
0.364223
0.623617
-0.759878
14.303
0.160067
0.771109
0.576854
0.362482
0.962082
1.1099
2.10394
7.74119
-2.10978
-2.70298
-0.0742089
0.0743222
-0.409824
-0.274901
-0.607803
0.551778
3.42837
0.225863
4.04877
0.272716
5.15902
-2.30398
-3.44212
1.56442
0.00206915
0.261391
-1.45948
-41.5369
6.90126
2.1923
1.21878
-0.144621
-0.31164
-3.30235
0.659016
-2.91918
0.48628
-1.80019
2.68871
3.1301
-1.79798
3.06912
0.542606
0.0283554
-1.30856
13.4879
-1.9565
-0.307691
-3.56594
-0.606955
0.0258473
-7.33136
-0.934168
-0.986265
0.26926
1.60942
0.359589
-0.441546
-0.522236
-0.626075
-0.26805
0.00124465
-0.296777
-0.552548
-0.11365
-0.171377
-6.89851
-1.91412
-0.264524
-0.919361
-1.59221
-0.987787
0.861933
-0.947657
0.105363
0.926064
-11.0158
0.127626
-0.658754
1.39334
-1.42622
1.57706
-0.110164
-0.0851961
-0.644127
-4.86582
0.034183
0.971179
-3.63483
-1.61204
1.02685
-0.388367
0.78636
1.62432
1.60676
1.37077
0.54959
-1.35334
-0.531769
1.01446
-0.250902
1.51702
-4.4452
2.7446
0.018016
-1.72405
-0.99546
-0.836166
0.286605
33.7385
-0.139095
-0.535796
0.271048
-1.72222
-4.66714
-1.81675
-0.720607
0.338486
0.162023
-15.415
0.542315
-4.11509
0.241603
-2.34526
0.441023
-0.15166
10.8268
-1.436
-1.46725
-1.22769
1.22984
0.0137827
-0.256877
0.717244
0.922372
-15.4
0.951837
-1.14793
1.34823
-0.601653
0.557574
8.30743
2.33377
-29.8295
0.474496
-4.02013
2.19089
-2.67832
5.45807
0.943488
-1.45809
-3.72114
-0.626646
0.821045
0.0336151
0.136014
1.33324
-4.96899
1.4116
-0.00603088
0.503401
-0.147808
1.38557
4.53917
0.122306
0.502005
0.410929
-0.730504
-0.514795
-0.729476
-3.48539
-1.71781
-2.09426
-0.871275
-1.65729
-1.97155
-1.44221
-2.18821
2.21985
-0.587831
-3.11151
-5.52552
0.34272
-0.924507
-0.177105
-0.772894
-2.19387
1.24746
42.8817
-0.977301
154.207
0.950516
1.16927
-1.35036
-0.386967
-162.862
4.4619
-2.06173
-0.394898
1.80105
-7.62511
-1.05938
0.438652
0.791113
-1.21878
0.122041
-0.550027
0.946971
4.06886
0.864012
-0.417913
-3.28483
-2.00509
0.00698834
-0.0630232
-1.43389
0.143657
-4.06376
16.0556
-2.91101
-5.80727
-6.65154
-16.0252
0.156747
-0.596201
-7.0986
-1.65977
1.09123
0.209647
-2.95293
-1.84755
-2.2353
-0.704112
0.858514
0.240244
-0.768819
0.297239
-79.7621
0.925106
-5.64385
-3.17077
-2.10364
-14.2471
0.387824
3.39297
-1.70945
-2.03052
-301.664
-1.46766
-0.376805
0.112246
-1.68842
0.018487
-1.77193
-6.35976
6.29866
-0.135557
-0.401674
-0.962524
-6.64423
-2.37538
0.451036
1.23016
1.8297
-0.870742
1.3425
0.923647
0.668163
-5.72668
-1.02245
-20.0929
-0.552427
2.31675
-0.00629752
0.42763
-0.861742
0.651889
5.42879
-0.476092
0.265292
3.39426
-0.238225
0.720139
1.35817
1.0317
0.0335531
-1.04099
-1.01215
0.373257
20.5635
-3.09604
-2.24037
0.550454
-0.344098
-2.07408
-0.0709371
0.342814
-7.77574
-1.59361
0.322184
-2.39829
-1.04063
-0.244239
8.99461
2.53523
2.11939
0.574874
0.876146
2.05566
2.26492
-0.836393
0.0454413
23.3605
1.34041
2.30938
-0.247831
0.0249201
-0.0308636
-75.0355
-0.476315
6.29005
0.157256
0.125219
-1.60204
3.92099
1.04666
0.979356
-4.65629
0.378595
0.777606
-7.79139
1.75369
-1.28891
1.36618
3.09053
-1.50317
-5.40487
0.0692612
0.624216
-0.523977
0.216762
1.57866
0.415913
21.6541
-29.0031
-0.953858
0.0426956
1.23141
-0.0274607
3.17995
0.376745
0.380744
-0.966674
-0.389813
0.942911
1.05956
-1.93699
-0.653157
0.915836
-1.45459
0.221099
-1.31181
3.67995
1.42382
3.4142
0.703294
-1.16276
2.21597
-1.59845
0.180786
-0.0517398
2.25788
-1.27834
0.349435
8.15882
-1.19149
1.11071
-0.909319
-0.60856
-2.17851
0.423346
-0.329847
-0.823007
0.498789
-0.762766
-0.407178
2.84218
0.080943
3.73823
2.03053
0.81369
-4.46454
-0.3579
-1.19572
-3.34721
-3.41422
0.871659
0.0619687
0.0736271
14.6337
-0.703815
0.0359482
0.379639
-1.18558
-3.06371
3.02674
-3.00834
-4.74743
-0.367567
1.32308
0.231276
1.34188
0.223802
0.663709
-0.598022
-0.877942
1.16829
0.0718361
0.0406533
-8.80381
0.51658
1.02928
-0.144826
3.34076
3.12116
-3.9245
1.21269
5.58256
3.88876
2.32726
-1.20826
0.430931
0.16088
1.05136
0.165417
-0.819091
0.128077
-0.687199
-0.280313
5.47214
-0.216714
-2.15384
-0.983893
0.653833
-0.728005
-0.52291
-1.69392
1.46591
10.4416
-0.789313
-2.53328
-0.473085
-0.130205
-6.87795
0.177107
0.381823
-0.455645
0.810819
-0.139204
-1.66833
0.468667
-0.800421
1.46603
0.33372
0.25314
1.07769
-1.34777
-3.12736
-9.83551
-4.08574
-1.51518
0.951917
-2.59373
0.0978939
-4.61714
-3.62719
0.483422
-1.6162
-0.761368
6.99752
29.1514
-0.136535
40.6609
-1.2133
2728.93
-1.0572
0.721508
-0.466558
0.916391
-0.45044
1.60395
-5.55042
3.16662
-13.4953
-0.430898
-2.42206
4.46892
1.52902
-1.71391
0.531621
0.240376
0.777958
0.349269
-0.289936
0.228613
2.35851
-0.73817
0.632555
6.80925
-0.151819
4.0231
1.56245
0.183886
15.7681
0.888098
0.234116
-0.159432
3.38827
1.12207
1.70418
0.372699
-0.778681
0.951688
-0.847176
6.27477
1.43484
4.37242
0.244032
-0.218556
4.1733
-0.0614372
-3.44146
-0.22004
-2.72684
-0.522602
0.272027
-0.539225
-0.0111023
0.996843
10.5237
3.26164
2.03116
-0.329301
3.04723
-1.70631
-44.5011
-1.67172
-1.45015
0.0284764
26.6714
0.137026
-0.786046
-2.00965
-1.44818
0.691659
-0.0310579
3.37288
0.753962
6.80719
-0.236642
0.39254
0.222602
-1.62336
12.8194
-0.0359471
1.31338
-1.18386
0.645193
0.102012
-0.654885
-3.13295
-0.146983
-0.0515824
0.118728
0.686692
1.38615
-1.38624
0.29394
-2.22281
0.634645
-0.632115
0.125354
-1.13487
0.276701
2.30032
-2.04771
-1.95907
-1.56662
-2.53938
-0.138713
8.55343
14.1074
2.14716
-1.44369
-1.59136
0.794617
-14.0681
3.38592
0.17003
-2.8658
-0.282334
-1.09112
0.533696
0.325321
0.281481
0.300268
-0.526087
0.191297
0.285616
1.03883
0.526753
3.25449
-0.535146
1.28077
10.5215
-1.33864
-3.6254
27.5919
0.607144
0.290579
3.79533
-0.686463
0.823368
0.729122
-2.00925
-1.55475
-3.2428
-3.39398
-7.20226
-1.22233
-0.941565
1.76025
-0.502074
4.96956
0.651816
0.140505
0.483568
-0.426956
-0.90096
-0.772797
-0.621086
0.337975
-0.0921239
0.118297
-6.6803
2.26788
-2.09651
7.67944
-0.0843876
1.70032
-26.4161
1.44471
-0.674191
-0.293594
1.35348
3.43564
1.68119
-0.430491
0.847901
0.112966
4.94669
-1.43802
-0.384727
1.25121
2.28886
-1.00754
11.0971
-0.596643
0.0559054
-38.9299
-0.845336
-4.08577
114.905
141.177
-1.49969
-2.2241
-0.399959
-0.418669
-1.9188
-2.04147
-0.768523
0.468974
0.663132
-1.39398
-2.65948
0.206542
-10.0881
6.3141
0.822201
18.7636
0.328918
-0.281662
-0.183279
0.128296
1.31528
0.876931
15.9574
0.542376
0.596619
-0.799411
3.18012
2.90747
-0.174563
0.41867
-0.775255
-7.46203
1.42848
0.362295
-0.18646
0.677643
-0.0262448
-6.51128
-0.878861
3.84597
-1.17504
-0.864861
-0.327668
-5.64587
0.996536
-7.46544
-1.14136
1.32367
-0.329679
-0.681077
-2.64507
-3.26166
2.62635
-8.31321
-0.564829
-1.59034
1.7048
4.47745
-0.421964
3.49484
-0.128602
0.250787
1.95648
-5.38022
-1.60864
-0.412716
1.53304
-26.4352
-8.69256
