-1.96862
-0.767786
-0.520143
0.14336
0.91342
0.740373
15.1098
-0.474071
-1.00426
1.49458
0.224419
13.4678
-0.783346
0.691486
1.21975
-0.274348
-0.649396
-4.90164
1.28534
2.18587
-0.452316
2.28888
10.181
0.470262
-1.08671
-1.67013
0.872641
5.52378
0.73808
0.354617
1.34211
-0.423553
-0.89198
0.595491
-0.511757
-0.0336361
1.43634
-14.5873
0.395883
-1.69309
-1.34893
0.772247
1.49801
-0.31767
-1.00839
0.18807
-1.53725
-0.365114
-0.80889
-0.96236
7.16485
-0.154963
0.10857
7.51852
1.55143
-0.16001
-0.657324
-18.0881
-0.47383
0.255607
1.30616
1.03414
0.974995
0.625466
0.0478498
-1.23614
-0.129054
-0.686499
23.929
-0.593081
2.80767
-3.76647
1.86932
0.5847
0.877342
-0.692145
-0.203901
-2.32679
0.785427
-0.0830842
1.76528
0.775149
-1.42319
1.6802
-0.234609
-1.31695
-0.166582
14.8627
-0.750218
0.511026
1.07807
-2.69774
-0.903168
-1.64242
-2.88771
0.299098
-0.132644
-0.479491
-0.559693
-0.371917
-2.8598
0.465177
1.20586
1.37551
0.0621598
11.4474
0.951076
0.79396
-1.79024
4.78281
-1.49733
-1.67563
1.9053
-1.43874
475.313
3.58578
0.531643
-7.93255
-1.23402
-0.0137584
0.760828
4.77215
0.15032
-0.757397
0.830706
1.96343
-0.220156
-0.506657
0.035251
-2.26215
0.0747598
53.6167
-0.0380761
-0.165003
0.448976
5.25462
-0.0656586
0.230407
6.14473
-1.49147
-0.0171899
0.136637
0.873624
-0.774709
1.27247
0.255296
0.1939
2.123
-0.466578
8.31571
0.645867
0.048713
1.85887
0.294414
0.190212
-3.92283
0.922393
-4.30311
-0.580725
1.06919
0.760996
-0.00549129
-0.457277
-1.69221
1.0471
-1.25385
-51.1012
-2.05515
0.553428
-1.0455
0.145973
0.919849
-0.785828
3.30061
0.156616
0.454732
1.85479
0.28507
0.515577
12.8172
1.32251
-0.1193
11.587
1.01196
-0.119878
0.258805
0.707081
-5.97993
-0.620453
1.35396
21.0201
-2.76146
0.582357
-0.0495106
8.17147
0.365108
0.243901
-0.291407
-0.981882
0.17461
13.481
0.718929
-2.40014
1.23312
0.299566
0.503996
-0.439664
-0.245532
0.2231
1.51834
1.09918
0.409504
1.27834
5.96632
-0.561511
1.71029
1.44122
1.47109
-0.929962
0.322855
22.3609
0.968036
-2.21359
0.220246
-0.697576
-1.25017
-0.309154
-1.21596
-2.077
0.240654
0.470836
-0.0914219
0.818513
11.3923
-0.0120879
9.27057
-3.53768
-0.639312
-0.723527
-1.95773
-1.17442
1.1387
0.14912
-1.24072
-0.3371
0.0319034
2.12722
0.256412
-2.14792
-0.777609
2.25025
-0.489948
1.63415
1.34293
-2.5594
0.821029
1.83284
-0.392235
0.096067
-0.791614
2.23563
0.0710106
-1.42202
36.8731
-0.202376
1.02437
-0.314937
0.266899
0.631321
3.31848
5.43153
-220.863
0.62018
0.432789
2.94307
-0.671561
2.78656
-1.45659
0.223088
-0.766444
-1.88918
0.0901204
2.6977
-0.213409
-2.50208
192.065
25.2337
-0.204592
1.46173
13.4225
-0.0633557
3.48108
6.99872
0.302615
1.16316
0.263445
6.40843
0.410621
-29.4058
0.890423
-0.179819
-1.02376
14.6026
0.175913
-0.436666
0.0247534
3.36673
-14.7551
-0.961297
3.10316
1.09262
-2.29353
0.646362
1.24872
-3.14951
-0.165257
-0.836786
0.230295
-2.58016
-0.882754
-2.5574
-0.23933
2.01674
0.325388
-0.542412
1.49102
-0.193132
0.654053
-0.435185
-1.13908
-1.86216
0.353582
-4.49678
1.2089
0.556484
12.9917
-0.0312854
3.17127
0.031756
0.618848
-7.74069
0.645118
-5.99443
-0.0352162
-3.141
-2.90909
-1.57029
0.204949
0.417621
0.776254
-0.275189
3.70487
-0.792929
-0.186953
-0.20627
0.129954
0.913627
0.287803
6.54082
-0.240736
0.0136528
0.0926035
-0.571412
-0.0826614
1.81041
4.29814
-1.06141
-0.411681
1.32107
-0.12011
0.943874
0.684679
-0.706935
-101.088
-3.64832
0.33939
0.218911
1.37588
-0.0497708
1.31907
-0.540722
0.792154
-0.187084
0.403068
-0.0967143
1.81613
-2.60057
1.70885
1.18032
-1.3982
1.85986
-0.498306
1.51
-0.00155132
0.41774
-36.0994
2.20701
-6.69517
-14.6909
-0.580397
0.157808
-0.924216
-3.59908
-7.33077
0.237139
0.859507
-1.60572
0.926457
-1.03359
3.27905
-0.621717
0.410335
-20.5657
-0.399752
-0.401424
-0.645596
43.7466
0.556167
-0.104663
-0.289163
3.88366
-0.0714133
0.0472106
-0.257672
-7.55212
-1.51082
0.733652
3.2508
-0.155261
-0.0492502
-3.25675
-0.576387
-11.4265
-61.0478
-0.535273
3.44931
62.3983
0.888584
-3.5439
-0.0250869
26.6972
0.279115
0.0949553
-1.15508
-0.816112
0.482733
-0.334767
-0.479567
1.03113
-4.56807
-3.92699
0.0481257
0.554665
-5.29187
-2.98453
-10.2907
-2.23562
-1.99186
0.0603459
-0.778105
2.89049
-0.996381
-327.198
-10.3828
-1.39224
0.104257
1.1159
1.92228
-1.80569
-3.56225
1.1805
-0.391807
-0.73087
0.711862
-0.232986
-22.5825
-0.110418
-0.603026
-1.02383
4.70048
-6.55835
1.04886
-0.438725
-0.541419
-1.9527
0.599875
-0.0921036
0.729917
0.102412
-3.72133
-0.302772
0.103953
0.940417
-1.89358
7.0826
0.461507
-20.2183
-0.83362
-1.30991
-1.4669
-0.125528
-1.01411
-3.07985
0.714037
0.166028
-0.108933
0.406161
-1.77195
-0.0309074
-0.0137598
-15.3102
1.31193
1.39096
-4.80587
-2.15673
-3.26804
-0.0980563
-99.5845
0.660637
-0.0184881
-0.921818
-0.155378
0.320722
0.978348
1.36158
0.743221
0.781376
0.0911571
-8.28391
-0.121192
1.52057
-0.789294
0.0675613
0.00336842
0.126578
0.351277
0.353079
-3.55775
0.74289
2.1958
-0.304639
0.985051
-1.37102
-0.0345386
-1.9532
21.5678
1.87307
3.73467
0.901079
-0.419521
0.184913
2.83168
-2.62258
0.415758
1.60016
-2.88393
-0.313346
1.04975
-101.75
9.25118
1.18033
1.38028
1.78891
1.5989
-0.725415
4.26751
0.764818
-0.30522
-0.858849
-0.608994
2.94858
-0.859943
-0.461437
-0.379109
-11.6546
0.08727
-0.307561
-0.904804
-0.113051
0.595374
1.98697
-1.35951
-0.082161
0.272257
1.44853
-1.19313
0.471135
-1.25291
-1.84622
0.799755
1.40592
0.0119109
-1.12369
0.362852
-0.17339
0.632179
0.827447
-4.4435
-0.0109148
-2.29442
-0.0809006
0.622901
-0.388693
1.68955
-1.22804
0.70631
0.353072
11.5852
0.114741
0.755336
0.731211
-11.3381
0.233614
-1.28535
-0.402009
0.662141
0.683532
3.09047
-1.43888
0.742011
0.28147
0.732751
1.98897
0.296747
-1.29384
-2.47875
-0.546933
0.732325
-1.0021
-0.726345
-16.3884
0.0642776
-1.50435
1.0589
2.16554
1.27394
-7.87727
-1.15949
-0.475908
0.420273
0.590296
0.296355
-3.68344
-0.147646
-6.63701
0.1911
-0.391963
0.651819
-3.76045
6.9671
-11.937
-0.364354
-0.960641
-0.231407
30.0037
-0.285045
-5.08821
0.99828
1.36183
0.0541708
-1.87738
-0.221628
-1.69134
1.84084
0.761761
0.217318
0.707869
1.37273
0.416968
4.1849
12.9512
0.194116
0.726191
1.00758
-0.685061
0.154243
-2.85499
2.59492
0.170022
0.335767
-6.14375
-0.727595
-3.51583
5.5156
2.71846
-2.13983
1.13138
-0.13043
-10.4544
-0.857634
-0.546515
-0.948481
-0.306273
-0.790732
2.30523
-0.280535
0.418582
-0.204221
2.55857
0.908555
5.36527
-1.55767
0.103041
-0.0125934
-0.824586
-4.293
0.554238
0.0825807
3.14706
-0.748955
-0.101055
-1.69324
-1.17889
100.391
-2.0683
-0.0331233
-0.938811
-0.126711
-0.99931
-1.77373
-1.42575
-0.0645321
0.39309
-0.0860539
-3.59186
0.549479
0.581729
-0.443023
1.86595
3.28045
0.241131
-0.441438
0.001073
1.91023
-5.8687
2.84571
4.88131
-1.97542
-0.72018
0.407614
-0.0819944
177.601
-0.313129
-1.66875
-0.242858
-0.675242
1.61683
-19.3684
-0.220491
0.784934
-6.35489
1.31811
-5.94235
-2.1163
-0.992639
0.947109
-0.136814
-0.528435
44.9419
-1.11615
0.624618
-0.414002
0.0906374
0.145872
-0.33349
-1.36271
-1.83057
-4.42182
0.502222
2.84795
-0.52823
-0.341671
0.969895
0.051527
2.76358
5.82707
-3.05749
-0.718048
0.266884
0.116292
-0.187833
-1.13124
3584.43
1.31958
-1.01831
-0.251414
0.373559
-1.77115
-0.8614
-2.58709
-0.158722
0.910534
-0.315871
-0.972374
0.0737968
3.33829
-1.57426
-0.621934
-0.0339667
0.0578232
3.1037
1.07043
0.849077
-1.56442
1.96583
-57.6368
-2.15963
-2.59277
1.02085
67.6485
1.29526
-232.722
-0.718799
2.85685
0.699905
-0.728894
-1.71008
4.94966
2.54952
0.96834
7.87403
-0.304395
1.77182
1.33084
0.120341
-0.213213
-4.8499
-1.40469
-0.626053
1.29959
-0.674177
0.68897
3.48175
0.400726
0.262443
-2.50534
0.999484
2.5664
2.48252
0.00806067
0.950033
-0.192144
30.6477
1.96182
1.94899
0.37131
2.41228
-0.477954
-17.0303
0.977642
0.795085
-2.48993
0.140835
12.1709
1.3768
26.2432
-0.836821
-15.8253
1.86942
3.55323
1.99857
-0.58437
5.16312
1.99507
-10.0767
-0.695898
2.3254
3.48834
0.194964
0.684384
-0.072977
1.03777
4.28301
0.818339
-0.344721
-0.791178
-1.27342
0.109604
-0.391866
-1.05792
-2.46497
-0.061624
0.389685
0.97982
0.197439
0.287693
-0.511157
-0.748319
0.796599
-0.923369
0.443113
-1.22305
-0.242249
-0.129854
-6.60511
0.0796411
-0.00269963
12.2695
-1.02078
0.307964
-0.242294
70.1143
-0.329011
1.0615
1.10056
0.168128
0.607567
-0.928797
3.0478
-0.117678
-1.0003
2.10214
1.73927
0.317958
0.952343
-0.228472
0.277416
-0.664169
-0.688306
-0.563823
0.356389
0.0992519
-0.395384
-1.31289
1.72608
-6.02438
-167.797
0.112725
0.166155
-1.15277
4.78263
35.3211
-0.0877954
-6.41881
0.756297
1.29595
-1.3881
-0.690123
-0.971862
-1.23572
0.000595535
0.0200785
-0.347703
-4.486
-0.739009
2.0052
-1.21004
0.245235
-2.13641
0.893089
10.594
-0.720936
0.94853
1.08712
-0.61303
-11.0273
0.363913
1.3028
2.90891
-3.18264
0.304639
-0.230766
0.704953
-0.944399
-7.17502
-1.06528
-0.114988
-2.48506
-0.277457
1.22184
-0.48118
-0.150973
12.0199
0.00482516
0.726439
-1.51879
0.107101
0.767026
-1.26541
-0.623482
-0.703994
-1.71831
-1.26185
-1.16541
0.778143
4.14306
1.63703
-0.67885
-0.106647
3.50714
-0.402606
0.0178431
-0.727381
-6.79562
0.843016
1.25895
1.22126
-1.14652
-1.45343
2.24988
1.72332
-1.43476
-1.46021
-1.47469
0.189447
1.88921
0.626235
1.483
2.97827
-2.17675
-4.20367
0.256252
-0.191507
1.6508
-1.05655
-0.439012
0.0479279
-6.27767
-0.215156
-2.29444
0.17014
-0.462867
-2.48923
0.623767
-3.40488
-4.04732
-0.548697
1.27057
1.34517
3.23734
0.607429
0.441967
-0.341902
0.978041
1.65278
1.43836
-0.981435
-2.02111
-0.0566592
-0.431982
0.369966
-0.328863
-6.81745
-5.35475
-0.236486
1.38659
-0.5343
-4.88865
0.67429
0.138353
-9.32393
0.278905
-0.184132
-0.728359
-0.112997
-0.637866
1.6823
0.470781
-7.10004
1.50943
-6.63083
1.82205
-20.1785
1.49329
2.24576
1.24166
-0.618363
-1.09681
0.283334
-1.85648
10.3347
1.09497
2.13349
-4.84481
0.0824211
1.29745
0.176646
4.07563
-1.40016
4.77335
-0.355873
-0.405844
12.1482
0.116035
-0.482919
-0.597909
0.121337
5.43804
-1.18604
-0.0394665
-1.05084
0.08793
0.648299
2.19961
-0.592658
0.91316
0.29248
-0.728075
-1.13928
-2.47971
-0.0311137
17.4887
0.349277
0.316066
-0.900595
2.95118
-0.341585
0.852474
-12.4356
-0.176376
0.473974
-0.808591
1.91433
-0.230051
0.331758
0.057243
-0.117167
0.374181
1.33319
-0.167372
-0.273867
-1121.63
0.0703663
-0.153244
17.883
-0.413808
1.55189
4.08242
0.681385
-0.82831
-0.683566
1.71046
0.841588
-0.164996
-3.54247
-0.0395566
-0.349932
-0.344493
-0.0589221
-0.956864
2.15898
-0.869536
1.14116
0.199143
-3.25999
0.0663125
3.88988
-580.934
0.355815
-0.0902879
0.250477
7.9471
-0.0372336
5.87879
1.14623
-0.233527
0.927088
2.41395
2.68732
0.541352
-0.281001
1.06262
-1.07606
-3.0164
0.580752
-65.8846
-0.689396
0.518651
1.1753
-7.01131
2.74405
-2.39564
12.7907
0.598942
4.953
2.71028
8.88845
0.477794
1.56954
-0.0152599
1.1974
-1.43275
1.38608
0.00800272
-3.94699
1.74135
-1.38282
-4.49318
-2.72496
0.504229
-7.29343
0.787143
0.403931
1.53803
-2.08306
1.65843
0.13951
3.04594
-0.442311
0.419013
21.0023
-1.45463
0.980284
-1.68509
2.34518
-0.815235
0.226999
0.555843
0.0736539
1.72292
-0.482318
-26.8966
-0.709698
0.106506
-0.045928
3.47789
0.843808
-1.60977
0.13531
0.569175
0.45886
-1.21639
6.76192
-0.700571
2.31984
0.52998
-8.35863
-14.6027
0.359414
0.655362
-4.04529
-1.05788
-0.458742
-0.438353
0.692532
-0.00819343
1.57657
-13.3368
-0.504343
1.75902
1.20389
1.84699
2.39827
-0.760674
6.16919
0.493952
-0.026782
-93.7196
-98.4255
2.41542
6.82126
-0.763167
0.0805811
7.25053
-0.949665
-0.058933
121.489
-0.70877
0.112056
-0.356145
0.777057
0.705281
-0.169854
3.41961
-3.66302
-0.168205
2.01814
-9.02468
-1.69829
-0.674243
0.187893
2.5237
-1.9499
3.57851
-3.36869
0.845852
-0.25674
1.75419
-0.768174
0.935983
2.06758
2.3232
-0.7799
0.80871
-0.743625
0.435217
-18.6759
0.882862
-5.3969
0.551478
0.20647
0.714661
4.83913
-0.501331
-0.816869
-4.40053
0.71112
-3.22593
0.179864
1.20041
-1.78675
-0.516654
0.463606
-0.159751
-0.438234
-0.311403
1.32448
0.0693926
-0.441083
2.10183
5.47838
0.972387
0.520753
3.14025
-0.465461
-0.849797
-4.81034
-0.0648623
-1.50483
-13.8852
1.2637
-0.0561243
0.564236
-0.0235341
-2.75962
13.1152
2.07718
-95.8863
0.0355699
0.843646
0.169999
2.55836
0.867676
-0.869951
-3.5593
0.763788
0.135662
-0.95476
-0.539826
2.29259
2.70176
-1.00396
-1.20845
1.35401
-1.03428
-2.9885
-1.02518
1.91935
1.32023
-0.115508
38.3429
-1.34277
-2.09055
-0.778726
-15.8713
0.0206736
-5.86032
1.33491
-0.487914
0.72371
0.72034
3.12088
0.868618
2.19082
-0.252649
-0.185546
1.05962
0.523563
0.729867
-2.32094
-0.0641917
-7.23468
-1.22085
-0.31372
-0.870591
-0.22314
-0.151058
1.10596
-0.52839
-0.0815257
-1.03665
1.46451
0.703241
1.0537
-6.62551
-0.737478
-1.0713
0.121628
-0.256938
0.645113
0.677231
-1.54417
0.4492
1.18171
0.883003
0.102105
0.558112
-1.39854
-2.03048
0.0913641
578.165
2.22867
-11.5722
-8.05127
0.233868
-0.874366
3.0157
1.75037
1.47338
0.0628946
-1.17541
-1.1384
-0.790271
0.457179
2.2394
1.63728
0.728977
-0.193225
-0.922343
3.90796
0.958598
-2.03653
-0.318034
2.02244
1.49939
-1.10206
-7.59796
1.04685
1.59238
0.467777
8.46195
0.211591
1.67596
-1.34211
-0.28398
-1.83889
0.0728343
-44.2009
37.3801
-43.7783
-7.65798
-0.619383
-0.521197
-1.01152
-0.50752
0.770254
-8.69201
-1.11716
1.62609
0.375267
15.5853
-2.86757
1.28864
0.0637275
-1.10741
-0.583572
-1.30925
-6.06104
0.063263
0.841707
-0.488955
2.12812
0.533478
2.25421
0.738779
20.3613
-1.09949
1.99523
7.27947
1.36779
5.21318
0.292065
-1.41701
0.67988
0.40028
-0.502728
0.0737898
-1.14548
-1.71193
-4.3965
2.79576
-0.75561
1.35875
-0.829332
-0.816541
5.81583
-0.52802
0.0637364
-0.0105181
0.129529
-0.279321
-6.36961
-5.08082
-1.23813
-0.183125
-0.830985
-10.4228
-0.253941
3.04223
1.73498
-2.85115
0.361662
0.79092
7.5684
-0.47814
-23.6804
0.478345
-1.35589
-23.596
-2.67379
0.622714
1.72083
7.04089
-1.09413
-3.24962
26.383
-0.058023
0.251699
1.69988
0.314508
-0.0747145
-2.92783
11.4035
0.744678
0.651166
-0.127818
-0.174407
2.17701
1.42392
2.87085
-5.01606
-0.440069
-0.125274
-0.323119
0.31689
1.78187
-2.11079
0.857804
13.507
-0.0118103
-0.229237
0.0439348
-0.232852
1.23398
-0.559212
4.26479
-3.18919
-1.79584
-0.488392
-0.188486
5.29848
-0.924815
-0.243629
-1.58808
-18.5002
0.37007
-0.578967
0.425171
-0.18378
2.38151
10.9767
0.0448818
-2.10434
-10.0471
2.17593
0.133047
-0.42764
8.62393
-0.899359
1.18132
-0.782792
-4.19144
0.749645
-0.78893
0.837198
0.981291
-1.81643
-21.3717
-2.28771
0.281468
-1.25392
-8.54126
-1.97417
-1.5267
0.928452
4.47598
0.0347989
0.00709349
-1.68358
0.909807
-0.231275
0.136876
-1.44305
0.0726206
0.307689
0.129364
-1.96276
-0.117674
0.2014
0.923312
3.25783
-0.480312
2.84507
1.15442
32.5936
-4.89152
9.81116
-1.57901
-0.071002
0.609285
-0.441332
0.099816
0.53867
0.440663
0.12905
0.302966
0.664134
5.65554
2.28196
2.91467
-0.867117
2.0334
-1.64311
-1.70172
0.825201
-0.49828
0.188472
-0.215548
-1.07025
2.31275
0.446258
-0.875361
0.365566
1.04208
2.91765
-0.251005
-1.83668
2.13957
-10.1484
-2.03188
-0.159063
-0.440493
-12.3045
-4.1619
0.916198
-86.5417
1.72435
0.761521
0.876184
-0.513661
8.87787
0.135156
-0.243051
-0.896337
-0.0565372
-0.75434
-0.305626
-1.2499
-0.547209
-0.970141
-0.251859
-0.383875
-0.402562
-16.5285
3.56327
-0.0697848
0.20216
7.03852
-0.0162067
-2.44422
-0.519283
-1.26162
1.27439
-2.52373
0.0542856
-2.09336
1.28747
25.2407
-1.86171
4.01322
-0.0198224
-0.504179
0.255145
0.792799
-0.170392
-0.983088
4.01739
-0.0909178
0.439777
0.343599
-4.34863
-1.33695
-0.708551
-1.68232
0.321374
-0.136781
-0.372561
0.402251
-0.68105
-0.921078
1.50613
-1.33126
-0.820306
2.56208
-1.45541
-0.485828
-1.47001
-9.26812
0.128699
2.07803
3.53749
3.40632
-3.95978
-0.762141
0.953705
2.9251
0.720056
0.153316
-0.822185
0.833056
0.953916
0.892189
0.0973208
-0.537767
0.412998
0.670504
0.168784
0.128886
1.61846
0.542441
0.32104
1.57205
0.378727
2.94307
0.943963
-1.07918
-0.052493
1.45777
-1.17777
-1.55448
0.0936776
-5.50188
0.45523
1.09161
2.49463
-1.67069
-0.0462633
-1.24857
1.15155
-1.85401
-0.762064
-1.13646
-0.347215
1.17879
-0.693872
0.742699
4.00126
0.259761
1.67889
0.0703555
0.618153
-0.267253
-1.03568
-4.39384
-0.669421
-2.44252
-0.438301
-0.172756
-0.15736
-1.37226
-1.03681
11.022
1.16556
-0.137996
0.313189
-2.48918
-1.27432
-0.710096
-0.10431
0.382343
0.759556
-1.20304
0.135892
-2.48442
38.9797
0.407133
3.05782
95.4915
-2.65489
7.12969
-0.295696
-3.23567
0.402364
0.0789232
0.231829
-4.39323
-4.30048
0.402508
2.62208
-0.685948
0.0783283
0.199122
0.189247
-0.229206
-0.373148
1.61293
4.28336
0.0679208
0.80938
-2.67233
-3.31483
-1.08024
1.68787
0.244128
-0.516753
0.614549
0.815694
-2.31019
0.437126
-1.0901
-1.84229
-1.27116
-1.12791
7.26223
2.11977
-12.2308
0.101271
0.183177
-61.7342
0.665179
0.159722
0.100244
-0.180312
-0.423924
0.814649
8.79204
-0.0369743
-2.48627
-0.881536
-0.362676
0.128881
6.00366
0.717412
130.336
0.236977
-4.28487
-0.398683
-4.33725
0.14731
1.67758
-1.53932
-1.58351
0.205317
-0.625104
1.17391
1.09783
-0.449205
-0.13514
2.19452
-0.920734
1.35629
6.32837
-0.601181
-0.852901
4.09163
-1.62956
-2.11218
0.949083
-0.800876
-0.259808
1.20235
-18.2694
3.42962
2.03081
-0.957987
0.825419
-0.472653
-0.333822
-3.43527
0.474418
-0.0129978
3.14641
0.392097
0.313489
0.73906
-1.10006
16.4144
-0.013014
-0.062626
1.4173
-0.704826
3.23352
-1.20544
0.460462
-0.82804
-29.1766
-0.490627
-1.1947
0.218043
0.70394
0.353839
-8.88301
2.42229
0.0501193
-1.1738
-0.667899
3.46853
-1.35333
2.19209
-0.00766406
0.909723
7.6156
-2.22369
0.659148
-14.4717
0.453744
0.89205
5.86308
31.8506
-5.95914
-5.17717
-0.546313
0.548936
1.04447
0.307082
-1.00858
-0.758083
1.28073
-3.17914
2.90281
0.0364496
-0.408774
-0.692698
1.23215
0.439355
6.6279
-0.800907
-1.23953
2.32547
-1.25403
-7.57281
0.0985257
2.62644
-2.33223
-1.66067
0.414625
-0.577574
1.40896
-11.7215
1.5265
-25.5239
1.693
-0.251718
2.95931
0.872448
0.237646
1.30979
-0.0358106
-0.766244
-0.0860588
-0.0149941
0.972868
-0.22582
-1.15712
1.10036
18.0004
2.36916
7.62848
2.93916
0.609554
0.175355
-1.61307
-0.548602
-7.38777
-1.33821
12.7833
-0.0612935
0.786658
0.881568
2.27172
-0.0116733
0.0105397
-3.2089
-0.40256
1.40475
-1.06233
0.0565727
-0.846136
0.790553
5.31678
-0.53467
2.67335
-0.0785534
-49.1365
0.442183
-14.28
-3.34601
-3.87144
-0.124437
-223.402
0.96232
-3.13544
-1.99346
-0.0726567
11.1329
1.24637
-1.4799
0.501178
-0.403306
0.39315
-25.2239
2.72725
1.05806
3.258
0.704024
3.52896
-0.268082
-1.24607
-1.10851
-1.50812
-0.532748
-0.282883
0.166761
-15.7872
-7.60798
-3.66647
-0.882179
0.0806603
-0.775783
1.17276
0.0370454
-6.8282
22.3791
4.15857
9.48094
-0.95457
-0.596563
1.70338
0.478383
0.336637
3.40555
-0.881852
0.723838
0.394295
0.783632
-1.17406
3.72316
2.05633
-6.36032
-1.21475
1.36477
0.891798
-2.48087
1.46632
-14.2785
-0.0743408
3.10833
-2.60425
0.178735
7.94812
-0.405147
-0.389136
-1.03616
-0.270177
-1.73535
1.93714
-0.954021
2.90971
42.354
8.33983
0.221422
-1.6347
-0.216772
-1.6246
8.48335
1.62904
55.7087
-17.8565
-29.473
0.792231
-1.49145
-1.09809
0.916272
0.206332
0.117093
0.128128
-0.688099
0.0314449
3.26395
1.20252
-1.49572
2.06507
2.90445
0.659586
-7.39948
-3.06123
0.0943966
-35.7655
-1.41718
0.992419
52.4415
0.527666
-0.121198
1.00684
-1.88126
3.37575
1.00557
-1.33557
0.452524
1.13007
-0.0596491
1.37567
3.07066
0.366831
-147.98
0.259211
0.125783
1.02803
-0.241066
0.113026
0.708541
0.526479
-1.67874
1.17135
-0.57437
0.397909
-0.322808
1.55456
-1.21149
1.05981
0.753167
0.958349
0.113176
-0.412252
0.984021
-1.60337
-0.551955
-1.57148
-1.03788
0.493837
2.46311
4.99144
0.131583
0.201808
-57.5548
0.925019
0.595819
1.47812
-0.033528
1.60373
3.08217
-3.31259
-0.858507
0.147078
0.257201
-0.271352
-2.39326
-11.4831
7.92161
-0.390942
3.06659
5.03353
-1.90316
-0.717955
-0.616245
-0.0433287
-0.375282
-0.36527
-0.425024
-0.501468
-0.476302
1.82529
0.230511
1.09658
-7.82561
0.892287
0.265396
-0.473034
6.13595
-0.395573
-1.99458
4.30652
-3.76521
-0.692852
0.0870999
-0.402611
0.630026
-1.83914
0.305926
-0.333156
-1.35159
0.315486
-0.818877
0.0488545
0.911441
0.569929
0.0345012
-1.7168
39.6789
0.698602
-0.65327
-1.05005
0.496139
4.9954
-1.18242
1.18867
0.0381985
0.141727
2.31839
-1.32358
-4.33471
0.991164
-2.0562
-1.26076
-1.24122
2.66436
4.53913
0.949445
0.484056
0.954286
0.194065
-0.610712
0.165961
-0.573859
-3.99705
-1.89066
-0.871697
1.03796
-12.2262
-0.650213
-0.492747
0.920012
-7.91812
5.43716
4.84254
-1.59631
0.293462
-1.16132
-0.415886
97.4983
0.0134753
0.891254
-0.295452
1.74138
0.178379
-0.315024
0.634589
-1.74738
-0.429792
-0.393877
-5.0296
-0.249687
0.510527
3.0766
-0.887315
-0.442565
1.23036
-0.526526
-2.20961
-0.582279
-0.537003
-0.34367
-2.86565
-0.708783
-3.55392
-1.85491
0.955341
0.0123034
-8.58381
1.24151
-1.07693
-1.14954
-2.04681
3.02676
-0.491038
0.134798
-4.39347
-1.29836
-1.81217
-1.49329
-3.41377
-0.684501
0.34976
-0.515565
0.0297033
-17.3441
-0.455162
-0.103499
1.38021
1.612
-0.0945569
-1.07519
-0.694668
-2.71089
1.66959
0.639349
0.0405465
0.023623
-7.99649
-4.22273
6.09552
-0.266164
-0.997208
0.399984
0.0628159
0.19849
0.174652
3.56677
-0.256961
-16.9283
0.942349
1.86239
-0.466779
-0.754768
0.689039
4.02897
-1.88916
-2.66392
1.13555
-1.53066
-2.10843
0.0570081
1.59279
3.76756
0.531177
0.511431
0.927621
0.286394
-3.45065
-0.15087
-1.82515
0.243826
0.275495
2.22769
1.57061
2.51199
-1.24095
-1.1272
0.922177
-1.44862
2.10134
-0.732943
0.168637
-0.449251
-2109.19
2.18892
-2.03844
0.404359
-0.421907
1.02869
0.902236
-1.15794
23.0395
2.6981
-0.0248898
0.469736
0.159347
-4.51969
-13.3708
-0.632532
2.33574
-4.63474
-0.138892
0.345697
0.924362
6.51461
-1.38705
-0.397107
-1.34347
1.85823
-6.40155
-4.32588
-1.6704
-0.717737
-3.55828
0.931951
-0.65094
-2.31133
3.46102
-0.273742
1.47838
0.661246
-2.66883
-1.2602
-0.756432
0.1337
-3.23777
0.892409
1.05173
-0.444304
-15.6142
2.59236
0.182931
20.9577
0.532445
0.0743579
-0.318947
1.34755
-0.310101
0.317337
0.620063
1.1512
1.72252
6.60739
-9.23532
0.0961006
0.666401
1.72705
0.391777
1.05163
0.655949
-1.12011
-5.35316
0.206856
0.521513
-0.457141
8.06558
4.09788
-3.27005
-1.04477
-1.00056
-0.614234
-0.18918
0.0805588
-1.56562
-0.536376
-0.738683
5.20344
0.0627476
-1.12727
0.452275
1.47427
0.0551997
-0.0259401
0.65759
2.94147
-0.293722
-0.955644
-3.15034
0.388026
0.274632
-6.7545
1.00591
-0.197211
-90.1757
1.46018
3.2187
82.0097
1.01346
-1.52191
-1.02171
-1.00972
2.96195
2.05609
-0.334359
-26.3527
-2.33013
10.31
-0.600198
-0.408968
-0.190091
-0.465732
0.845579
-2.88367
-2.50202
2.86036
1.09598
-0.0417706
-0.156688
-0.39556
-1.81927
-2.00353
-0.129929
-6.32628
0.141952
-1.13318
-1.28504
0.676213
-0.55953
6.05657
-0.449459
0.32414
0.810454
0.259871
-2.15078
-0.227485
-7.94706
2.4048
-5.30047
0.573218
7.68812
-68.5212
-0.221399
-0.208795
1.53161
-6.8214
0.353873
-0.702297
-7.72351
-26.7769
0.724498
-12.6264
2.72469
0.0962698
-0.619329
0.354825
0.170994
-2.14103
-1.6724
0.700065
2.2068
-0.95679
-0.530364
0.296344
-12.9234
1.43022
0.803287
2.75559
18.4912
-2.99747
-10.7296
-1.85797
0.529186
-2.85701
0.432332
0.532118
1.9129
0.402086
-1.70989
0.0572976
2.97969
-0.463686
-0.12838
-0.237185
0.431638
0.437814
0.0457918
0.356398
-0.117284
-0.409574
-2.17542
-19.852
0.393419
3.71496
-1.59939
9.62228
0.579106
-0.142053
0.00916973
0.743183
0.233084
0.562397
-0.667148
-2.7162
0.285611
-0.30338
-0.845467
-3.24316
0.185599
-0.236983
1.64156
1.11075
-0.664833
-5.68484
-1.26721
0.228245
15.364
2.79285
-0.721821
-0.744593
-0.0249291
-0.932848
11.7142
-24.8034
0.450651
0.000765391
-0.0243129
0.323664
0.588791
-7.75746
-2.36045
4.36651
2.14912
192.382
-2.18285
-0.630712
2.5439
-0.291141
-0.81549
3.10554
3.35333
1.43392
-0.958285
-2.25689
-10.1247
-1.9129
-0.0776734
0.219985
-0.886336
-0.0496854
0.636896
-1.0003
5.87936
0.547927
-2.1213
1.64808
1.52426
-0.152032
0.751145
-3.15778
1.42275
0.343593
-1.0669
-11.4643
-3.26347
-0.489224
1.07895
-1.50242
-3.05584
-0.872249
-3.72651
-3.68622
-0.0782315
0.976795
-0.424524
1.182
-2.10204
6.97239
-1.86175
-2.87176
-0.47534
-0.457794
1.69636
-2.80189
3.36356
1.08493
0.0527984
-2.21886
0.323503
1.89974
-0.0127781
0.602269
47.1525
-2.21646
1.17233
0.873074
1.35185
-0.402663
-0.328363
0.242629
-0.920787
-1.85791
2.87994
0.645924
-1.08357
-0.264936
0.39765
-0.437503
1.30766
-14.1945
0.0855695
-2.29635
0.233477
-0.192056
-0.888647
-0.600002
0.448765
0.642667
0.236563
1.73931
-2.21354
2.2606
0.545475
1.80152
0.335088
0.0606833
0.212627
6.14645
0.708246
0.897798
1.56879
-12.3472
-1.04366
-0.389837
0.226494
-0.605685
2.53985
2.39726
-4.56378
-0.104852
-0.0255714
-0.483849
1.32893
0.832312
0.951181
9.48862
1.05463
-2.095
-1.12987
-1.50795
0.0172898
0.851959
-0.256941
0.459565
1.45631
0.0760969
1.83863
-0.748029
1.78592
-1.51261
0.701529
-0.562416
0.265414
-30.9684
15.0832
-1.85484
0.0337582
-0.671868
0.446665
0.486809
-4.95758
2.35529
6.529
0.355298
1.16976
-2.98125
-1.26455
-0.279611
0.545417
0.346508
-0.174343
-2.97277
0.87003
-2.77759
-0.128358
-1.22057
0.797707
3.40905
1.34414
0.665889
-0.532228
0.881005
-0.415993
-0.741515
-1.03511
1.43254
-0.722101
4.23271
-1.36314
-0.759277
0.164853
1.64652
1.58266
-1.9369
0.415247
-5.86559
1.89214
4.66921
-2.22284
0.00651346
0.336625
0.53558
0.628557
-5.92416
4.55034
0.126192
-0.898446
4.44173
0.445499
-0.0863576
-0.15172
-0.787425
-0.295591
-0.680145
-0.795564
-0.55035
-7.1621
8.81068
-0.833202
0.232161
-0.0662133
1.43773
-7.00379
1.07855
1.38604
-61.4635
4.82183
-0.118454
1.87825
0.0746204
-20.0029
0.453112
-0.441619
2.50348
-3.94997
-0.593525
-0.00522336
-0.903767
0.116784
-3.08036
31.6684
0.208239
-0.58755
-1.59356
0.673265
0.376099
-0.907116
-1.50961
0.191233
0.186914
0.585103
1.02153
-7.84794
-0.155649
-1.10408
-0.104805
0.17062
-0.0205362
1.31878
0.0763602
-0.295265
-5.66806
0.690104
0.253016
0.0432269
-1.1259
-27.5404
0.025018
-1.52996
1.67853
-1.71981
-4.20888
-1.02
-1.87369
0.0239079
1.24349
-2.64921
-1.47919
2.50491
-1.18781
1.12013
-0.370421
-0.676123
2.34425
-0.281073
-1.11752
0.62881
-0.766459
-4.22488
1.82188
53.7738
0.27823
-4.14218
-1.39242
-7.39887
-1.329
7.70953
6.2256
0.48829
-1.18243
0.184724
0.831578
-0.608971
67.986
-0.576624
-0.64232
-2.37403
-4.66147
-2.13761
-0.421879
0.288416
-0.767213
-0.695924
0.131865
-1.23311
-1.89014
-7.05088
-2.97092
0.203244
-1.00634
4.76706
-0.539864
11.3634
-1.90338
-0.390243
0.918404
0.00214149
0.722997
-139.205
8.60345
0.891315
-0.387211
0.576017
5.51993
11.7325
-5.20672
-0.768834
0.364056
5.87251
0.791493
-263.273
-0.385912
-0.47571
0.349802
-2.94604
-0.766561
2.12852
-0.33115
-0.122131
-0.526675
0.134665
-247.024
-0.088115
0.343621
0.491338
0.313027
0.0792955
3.33511
2.39898
0.393558
-3.73684
1.88828
-0.725431
0.483432
0.0852647
2.04819
0.313147
3.70051
-2.00882
1.67288
0.0709846
-0.273743
0.823975
0.00865527
-0.291196
0.249085
1.85331
5.35241
2.46008
-0.0673745
-0.745989
3.1657
-0.832193
0.595474
0.693467
-1.44491
-0.97238
0.171726
3.2148
-0.038113
-1.12302
-1.12549
-1.7406
1.19003
-0.879725
-5.1237
9.46159
-0.267087
3.41328
-2.13213
17.9249
0.263157
-0.564483
-0.618033
-1.54684
5.47537
-2.35838
0.822321
-0.277574
-0.140131
3.2276
-0.713899
-1.21297
0.169479
-0.774756
-8.9904
-0.574998
0.165118
-1.09908
0.606076
1.52566
0.378709
-2.5402
45.5118
-0.651395
1.29986
-1.29399
0.481058
0.874316
0.861527
-1.93245
-0.273735
0.247778
0.370359
-0.00575506
0.473836
0.343282
-0.00323952
-0.505947
0.854524
-2.07164
-0.885372
-0.00423386
0.185954
7.66093
0.399337
0.793516
-13.9662
-0.559404
-0.0361706
-0.434914
-1.88171
-1.09272
-2.44491
-1.93701
0.150211
0.355556
-7.08598
-0.168219
2.40576
0.669443
-0.644892
0.234254
-1.83838
-0.188351
0.562382
0.553143
0.819738
1.2317
0.344149
-0.360918
-1.67899
-1.93923
0.302269
1.39346
8.14408
-2.4015
-16.5173
1.13955
-0.354849
15.3795
-0.267092
-7.7607
-0.697953
-0.0968203
-12.4098
0.933864
-0.709922
0.213303
-62.3972
3.39946
3.9605
0.686563
-0.460255
-26.8598
-1.55074
12.8187
-0.399518
-1.72186
-0.520514
0.594817
-0.480776
1.23353
-6.42603
0.0689493
2.26611
0.875687
-0.761445
-0.0572335
-5.34676
-0.663452
-2.24646
1.16398
0.0179203
0.286063
0.430142
-12.9099
-1.75372
1.26095
0.282303
-0.474091
-0.0537042
0.0577417
9.75816
0.360774
-5.13133
3.81859
0.498211
0.6302
-3.77647
0.766854
0.42238
-0.344695
0.826091
-0.177265
-0.0511661
2.64311
58.2045
0.901502
1.26795
0.218349
-0.880386
2.51142
0.536823
2.0086
-1.99867
-1.66133
-3.83468
0.469094
3.2522
-0.612011
-0.0580122
-5.73763
0.466361
-49.8982
-1.32602
-0.378462
-4.47613
-0.351133
24.9198
3.88255
-1.80995
-2.3362
-2.45333
-10.7404
0.323459
0.391861
0.757626
-19.3763
-0.375747
-10.3481
0.434679
-1.98391
1.50305
-0.624038
5.56027
0.572431
5.70123
-1.96623
-9.32285
0.170613
-1.30409
3.339
32.0831
-0.287433
0.433378
-0.766956
-2.84351
1.58608
0.383565
-0.191581
-1.32613
1.04894
0.933638
0.487884
-4.02492
-0.493195
-1.94072
-0.241728
-4.38718
-0.475259
-1.23531
-1.33203
-1.36596
1.71726
-0.484648
0.368841
-0.414306
0.112118
2.59976
-0.386505
-99.7308
0.287733
-0.693167
0.0693007
0.190586
-989.219
3.88578
-0.179768
-1.45719
0.0298993
-0.776149
1.62754
-3.57871
-1.65006
-7.669
1.52908
0.427318
-0.278113
-1.90624
1.93032
5.49876
-1.31536
-3.04813
-0.0387938
0.175914
-1.68722
1.08506
23.7956
0.982355
-9.06127
0.386245
-0.496995
0.400717
-0.997874
-0.172013
-2.34919
-0.885039
-0.16336
-3.0707
-0.627212
0.0683937
-0.683654
17.5906
-0.868878
11.3101
82.9566
0.732551
-1.28579
-0.20633
-0.0389912
-0.802227
0.86722
-1.68694
0.0996005
-2.73507
0.193423
-0.983141
-0.913479
-0.505122
-5.12064
-1.04797
-0.503953
0.706442
1.06671
-0.847237
-0.871766
-0.0302381
8.37397
-0.566869
-2.82557
0.509446
-5.55799
1.60273
-0.308477
-0.214854
-0.51773
0.316173
-0.926957
40.3598
0.0279706
0.45691
-1.18283
-0.586971
-0.827549
1.91883
-2.14179
-0.293491
-0.245842
0.0546759
1.81153
0.355968
0.978724
-1.24337
-0.243076
7.25849
-1.93739
0.179368
0.12177
-0.0998987
-1.98862
-1.79428
-0.856229
-1.05403
-1.60584
-0.78858
0.05426
-1.12044
-0.161032
-5.18838
2.50772
-0.643496
-1.5117
2.69413
-0.650364
1.0767
-3.17149
-6.05915
1.04018
-0.772153
1.65915
-0.178074
-8.59685
0.563015
-1.09436
0.579227
0.525323
0.254234
-0.21303
-1.05759
1.30804
1.06988
0.0157095
1.46635
2.27498
-2.66727
-1.17469
-0.249415
22.2909
5.22425
0.362848
0.667088
3.76912
-10.2559
0.96159
0.793156
-1.13539
-6.29744
-0.620275
7.55529
0.71513
-5.09484
-29.7763
-8.66608
-1.75954
-0.460584
96.0173
3.49287
0.288473
0.356835
-0.400628
-0.659249
-3.67609
0.994977
-0.101528
-3.03257
-0.417851
-3.22647
-2.26462
-0.513202
-10.4364
-6.33233
-2.53973
-3.32474
-0.327524
-0.727546
1.52144
-1.03082
-42.9372
-1.06883
-13.4914
0.227835
1.31861
0.706758
-1.24925
0.317203
2.52609
0.242977
-2.71527
-0.742715
-0.697373
0.16109
-2.34799
0.34483
-0.617542
0.721236
1.80377
1.50707
-1.22821
1.15857
-1.66134
-1.0461
-5.80991
-0.525599
0.0911742
0.0332143
1.54188
-1.02964
2.88296
-13.0105
0.380826
-3.95945
0.172304
-0.401686
-0.0484073
-1.95751
0.30561
1.94861
-1.95788
0.787339
0.501237
1.43293
4.90009
0.305053
-0.303372
-0.322363
-1.78869
-0.616604
0.0876359
3.02763
0.221404
-0.274589
1.18322
-1.13496
-0.884313
-0.107464
0.34084
-1.13865
25.725
55.7093
1.55591
0.813309
-19.0108
12.757
0.502396
0.916774
0.0253732
-0.0850334
1.12597
3.14661
-2.22352
-0.572477
-0.178228
4.57914
1.70079
1.5971
0.628238
2.50507
-0.414943
-1.43752
0.640898
27.2702
0.366941
-1.39432
-1.80718
0.470437
0.481424
-0.247742
-1.10967
0.573154
-1.74839
1.35326
0.204634
-0.32008
11.1862
1.0258
7.33432
1.60903
0.71099
-0.686988
0.575218
-1.89906
0.813408
1.18602
-1.68877
-0.436321
-0.684811
-3.51675
0.676597
-0.202379
0.879864
1.56325
2.27727
-0.646295
0.244924
9.51563
0.305915
-0.126717
-4.96208
-6.3737
0.983927
0.415818
-4.34503
-170.218
1.37133
-1.09857
-1.07123
1.65026
-0.210592
2.55708
-0.171585
0.669701
-4.56602
-2.93611
-3.2053
0.780726
-0.25317
0.291497
0.19408
0.242947
-1.68651
0.633845
0.720477
-0.159162
17.3849
0.636763
1.0431
0.460102
1.71806
2.80585
-8.53164
-0.614721
-0.167612
-1.37558
-0.500367
-1.15721
-1.24896
-35.2233
-0.622578
-0.591009
-0.658098
0.202914
-0.946457
-2.49359
1.92623
-2.15762
3.88977
-1.48957
-8.25898
2.4939
1.69075
-0.208965
1.43768
-1.22614
-1.09095
-1.58162
0.816995
0.0349509
0.55253
-0.617571
-0.299484
0.618517
-0.791307
2.59901
-0.181491
-1.40934
-0.078543
-1.23317
-0.409419
0.621185
-0.149107
38.3413
4.49386
-0.393659
-1.55156
1.56147
-1.16436
-0.716594
19.9422
-0.0484802
-2.60465
-1.09705
-0.0633863
-0.484073
-0.274379
-1.10999
-10.5418
-0.470032
-0.327925
0.337147
1.06945
1.29429
0.110602
-0.363176
0.489876
-0.0784171
-0.547721
-0.641538
0.344233
1.39834
-0.3777
-1.8091
-0.704226
-1.16579
-0.992583
0.305819
2.65739
1.27261
2.69165
-0.40768
5.57632
-1.69391
0.738316
-2.51879
-0.865455
4.77989
2.24409
6.48816
-1.7679
0.112691
-2.42941
-32.7591
0.769579
1.52509
-0.801642
-5.10007
0.314277
-0.0413251
1.82719
-0.357449
-1.00016
-0.233514
-0.142456
-0.447422
2.45322
-0.653605
0.466988
0.344666
6.50486
-54.146
-1.32587
-1.11395
0.222571
2.45866
4.89113
0.408511
1.74899
-3.38572
0.481027
-3.49267
13.1079
-0.76004
0.027738
0.531317
-1.09569
-1.29486
-9.82547
-0.767879
-0.559952
21.8637
-0.52363
1.68097
-4.71035
-1.17284
-0.203796
0.317958
0.0828375
-3.99749
7.63924
0.324582
1.18312
2.58396
2.0848
0.311892
-0.775403
-86.2666
0.518655
0.474159
0.664666
0.601706
-0.83253
9.51734
-3.4366
1.52305
-0.295677
1.28828
0.436228
-2.50561
42.419
0.235119
-0.663276
-0.95704
-0.411117
-0.488323
-0.667539
0.23274
-0.0493737
-0.0343367
-0.91968
-0.260774
2.1609
10.7816
-0.759479
-5.7809
1.37415
-0.218461
0.100158
0.0798342
-0.760584
-0.0974824
-0.254888
-0.38571
-2.13094
1.10328
3.71877
0.52613
0.16394
1.89138
-0.602216
-7.68163
0.117665
-0.773342
0.977824
0.169258
-1.26734
7.72704
-0.451938
-0.164605
-0.549866
0.00320073
-0.54964
1.07229
6.03011
-3.05366
0.43089
-1.32022
0.607617
-0.0664421
-3.14415
1.11705
1.07287
-7.23418
-0.92423
-1.08248
2.61771
2.10114
-1.7201
-1.56325
-0.158628
-0.493764
-0.424846
124.37
0.13887
0.575135
0.980019
-3.04143
1.93021
0.128424
-2.44186
4.31225
-0.76487
2.39523
0.129418
-3.76788
0.770786
2.01484
-0.156363
-1.05293
-1.01894
45.9934
-0.708087
0.649947
5.74171
-1.62232
0.33943
-3.87584
1.93859
6.02072
-1.71722
4.61261
-0.0272965
-0.221893
-3.8737
-10.9565
4.75724
-3.89356
7.19808
5.12843
5.81049
0.533562
-7.8293
0.566819
0.381917
0.249415
0.1949
0.514741
-1.81968
0.254758
0.403106
-1.54009
-1.13128
0.498568
-1.29965
-0.656824
-0.516526
2.12123
0.0284387
0.929686
-0.853098
-0.835236
0.995456
17.9216
-2.27979
-0.524269
-3.0821
2.66813
1.26413
0.647601
-0.419224
0.648402
0.514264
-1.97117
0.104109
-1.44091
0.00155765
-1.74447
-1.26235
0.677057
-0.0517822
0.494497
0.171624
0.131485
1.07628
83.983
-5.97193
-0.433888
-0.15462
-3.34195
0.996798
1.25296
-0.931125
0.0129258
1.36263
-0.243265
7.77068
-0.000169012
-1.01263
2.30707
4.32746
5.57906
90.7517
0.00357594
-0.756401
-2.93972
-0.03357
0.639869
-0.301038
-1.07786
0.835889
0.58458
-2.19363
-0.945389
-0.970195
-4.85487
0.758013
-18.5208
-0.184327
0.695189
-1.1014
0.532467
4.39889
0.20841
0.683959
0.505814
-8.40272
6.13422
-3.09377
0.993925
0.612031
-3.07128
6.41904
-0.257898
1.71135
0.586143
-0.289989
-0.480556
0.125919
11.9627
1473.27
0.051238
-10.0693
32.5605
0.574781
-0.707706
2.06353
-0.835125
0.910239
-0.444674
-0.717287
-0.628266
-1.29149
1.68897
-4.45062
-0.223031
0.844526
-0.696377
-23.254
-2.60598
3.0333
4.68071
-0.251022
2.70915
-0.346957
0.870019
-0.786077
-0.928324
-1.81691
6.4928
0.873973
-0.399811
0.272858
0.516911
-1.72002
-1.1236
13.7977
-3.26789
-0.0320557
7.1
6.29116
-6.38056
-0.721867
-0.630443
0.628536
0.178729
-2.29009
1.7842
0.318036
0.251973
0.742327
-1.62198
-0.188963
-0.286168
0.706285
0.559463
2.98391
-0.533692
1.14342
11.068
0.0892956
-1.07442
0.0386988
2.68832
0.369691
-5.02195
-0.396717
-0.0989789
0.74679
0.328211
1.1457
1.02035
-0.582194
-12.5171
0.154136
1.50166
-0.107967
2.43597
2.27078
-0.353682
-18.2717
-0.0879763
3.8444
0.622237
-0.0317602
0.500459
4.98775
-0.318737
8.12721
0.568753
1.57223
-1.26056
0.483932
0.275426
9.56332
-2.43336
0.810519
2.66646
-1.90292
-0.116803
-8.81986
0.208747
-7.40181
11.442
-0.881203
-24.5969
-0.76806
-7.01504
5.5987
27.3403
-0.618938
1013.38
-0.629197
-0.122049
-1.58331
2.02715
-0.590201
0.510941
-1.45107
-2.31282
0.293913
13.5093
0.217808
-1.11551
-0.989642
-0.118094
9.75893
0.976522
4.6469
-3.3237
0.634703
0.460467
-0.884862
-7.74768
-0.0165389
-1.11528
0.682782
-1.61207
0.816067
-0.273848
-53.5233
1.70822
-1.57461
-0.461906
-3.64699
-0.788924
0.826877
0.578892
-0.453332
0.243827
1.75773
-0.205866
-15.6735
30.2008
0.0829402
-0.977927
0.391561
1.07974
-0.064319
9.81603
0.183779
-1.68761
-3.56388
-0.282137
0.762168
-6.13378
0.346161
-1.76177
26.0053
-2.93463
0.421619
0.994267
16.7864
0.769771
-3.6076
0.843953
0.768887
-1.49056
0.87961
0.38589
0.150202
0.416729
-0.592611
1.23796
0.150458
-0.638732
0.0230056
0.418075
-0.789498
0.344047
-1.76567
-0.132216
-14.216
-0.0519744
1.71573
0.00954457
1.52979
0.137074
-1.32763
1.00818
0.19384
-4.10831
-0.800665
1.09593
-1.1342
0.411037
-1.50636
2.56399
1.07739
-0.43206
13.432
0.342231
-0.161367
4.52302
0.20924
2.21195
0.7538
-0.450702
0.940811
-0.745749
2.60284
0.518514
-0.0204725
-1.33466
-1.46646
-0.920556
-18.8987
3.82934
-0.519002
3.3674
1.27397
-4.81338
3.25011
-1.95692
-0.971679
1.74405
-0.0982616
0.757566
-0.163558
0.548212
0.744643
-0.133116
1.37664
1.18974
-0.508092
-1.34225
0.659028
-0.215072
-0.171021
0.30102
0.716545
0.520146
-0.90743
0.294818
2.73974
0.0400097
14.0015
0.875514
-1.2901
-0.380297
-10.4591
-0.375461
0.260671
2.07074
-1.16072
-2.96008
-2.23256
1.30213
1.85598
0.977322
2.06278
-0.939782
1.20554
-1.58516
3.7938
-0.606694
-1.6666
3.10886
-12.344
0.399114
-0.814883
0.695418
-2.23405
6.86061
-0.0311224
2.10566
0.443783
-4.12489
-3.64868
-0.623394
3.34412
0.0920525
-1.13351
-0.249353
-0.22837
0.901538
0.0323892
-0.211993
2.04095
-7.08264
0.647701
-2.1663
1.92587
3.82108
1.60971
-0.400899
0.217606
16.1277
0.147244
0.812405
1.30019
1.02002
1.07187
34.558
-0.0594253
-1.48238
0.486884
-0.662779
-0.0946988
1.06558
-0.46016
1.85757
-2.69313
1.40143
1.11075
0.906104
2.36329
-0.695784
-11.0802
-3.10794
-3.15651
2.12464
-2.68989
1.03586
-4.05558
1.02077
-1.172
-0.623575
-0.302947
-0.0234016
4.46542
0.285116
-49.8083
0.196696
0.49774
2.93888
1.20329
0.262492
-0.0532921
1.7969
1.02115
-0.697149
-1.14549
0.740104
-0.360975
-3.14308
2.90011
-0.916296
3.83849
-0.262534
-0.516997
-0.00171306
-2.4581
-1.72484
8.93296
-4.09968
-0.669875
9.92272
0.234838
0.88489
0.398531
1.05182
0.0635539
-0.279769
1.43947
1.21373
-0.353397
-0.32929
0.164608
1.29807
0.894347
-5.30203
0.987296
0.714026
0.374071
-0.801348
6.71754
-1.19867
1.5666
2.05751
-0.813564
1.0791
-1.53372
-2.05633
3.21939
-0.714476
1.17134
0.602137
-0.00643936
-0.7821
33.0907
-0.570763
1.14687
-2.93337
-1.84663
-0.0101367
1.88117
0.580328
-0.093088
-13.183
0.943838
0.859993
-2.32281
0.881917
-0.680601
0.864318
-0.327605
2.32004
-12.5938
0.697491
1.90986
0.824249
-0.855019
72.0414
-0.0773051
1.40947
1.05026
-2.00544
-1.30059
-8.12268
0.395154
0.111724
9.40602
-1.4294
0.0779481
-1.57866
3.77908
-1.28956
16.8742
-0.977113
1.71161
-1.55836
-1.22382
-0.951446
-0.837435
-0.207546
-1.05898
2.38126
-0.358986
-0.275449
4.96338
0.01193
-2.53032
-6.21229
0.538725
-1.19439
-0.789867
-1.21114
0.508014
-0.24985
0.25257
0.815413
-5.43564
-2.15671
0.100285
0.59634
-1.67825
0.815265
0.605088
-1.70979
-0.71681
86.6209
-6.84341
0.24097
-0.0260767
9.04644
-0.451606
0.245968
-5.30842
6.97165
17.1831
-0.44021
-0.233287
-1.10526
-3.10156
-0.798044
0.167453
6.60043
0.154234
-2.56666
-1.0776
1.6735
1.83886
-0.371695
0.937732
-0.140216
-0.807328
-0.928646
2.03422
0.580488
-52.6378
-0.151188
0.28219
-0.796547
5.9548
0.242277
-0.102934
-1.83101
-0.645119
-10.0618
0.501152
-0.378163
-0.583539
-0.136272
15.5403
2.48138
-1.08613
1.08628
-0.394229
-0.635119
-0.393452
-0.477579
-0.14057
1.02642
0.686057
-0.608108
4.13655
0.597344
2.23485
0.498527
1.06125
-1.25399
0.896339
1.21563
209.26
0.135868
-0.5479
7.15762
0.285226
8.21214
-1.1455
0.737676
-1.77637
0.0412542
-1.22844
-0.76675
2.72373
0.0744253
-0.249717
0.842564
0.13832
0.584412
-1.58111
0.0592834
13.16
0.284518
1.09034
-0.659546
-0.185101
0.284899
0.328459
0.83295
0.519409
66.2574
-0.345507
-3.77311
-0.675776
-1.42643
-1.26179
-0.639279
0.683771
1.30327
-0.667511
-1.02255
2.13351
-0.242317
-1.07543
-0.314715
-7.73994
8.06382
-0.0442696
-1.1985
1.52659
0.0504074
8.97988
0.0564678
-0.639193
1.80369
7.70234
-0.549484
0.336169
0.0586068
-0.675662
-0.36213
7.14079
-8.0483
0.299483
13.3762
-1.09392
-0.28058
30.813
3.92737
4.66319
0.0023229
0.763368
0.502256
-0.242413
0.115682
-0.195645
1.02623
0.539278
6.29116
-1.85068
-0.754123
2.68705
-5.06678
0.184617
-1.72617
-0.453697
0.322445
-0.973865
-0.167647
20.4802
5.32493
2.73315
4.992
0.751766
-0.00813395
-1.43006
-2.2159
0.272007
1.10192
0.479629
-3.4776
1.06009
-8.23815
4.15666
-1.64527
-4.45619
1.38834
0.00752838
0.418828
0.0529312
-1.0055
-0.527561
-2.26358
-10.5467
0.720161
-3.32043
1.24855
3.56417
0.49174
0.911984
-5.24308
-0.458563
-0.192491
-0.217711
1.03506
-0.973418
-1.74071
0.382646
-7.58357
-0.605163
0.127505
0.337155
0.0882649
2.6728
-0.582985
0.281288
-0.0231117
0.0253132
0.272183
-3.04229
-0.860983
-3.27706
0.653934
14.6171
-1.53585
-1.36725
-26.9893
1.23812
3.27415
-0.829344
0.0193991
0.696968
4.94389
0.083524
-19.7434
0.821382
-0.209949
-1.05789
-0.596626
0.284907
-5.34994
-0.928541
-0.0371367
4.61081
0.518282
0.70868
1.46992
-1.24275
0.370931
1.64204
-0.0367854
-0.512484
1.79871
-8.48707
0.951022
0.110989
0.281024
-0.124547
7.71549
-0.635911
-0.233393
0.940041
0.586611
-0.201722
0.46785
1.13364
-3.2429
1.36031
1.98232
0.786539
-19.6756
-0.143807
1.14365
0.0346876
1.09402
-0.803379
-0.251158
-0.817063
0.0162998
0.952506
1.60179
0.0237964
-2.00889
-14.9012
1.36779
0.344241
0.877046
-2.13875
1.97358
-0.330504
2.8675
0.570621
2.78601
1.68282
-0.658356
0.135114
-0.667453
-2.09365
0.779293
-0.32496
-0.11995
-0.156499
-21.4299
0.543524
-0.315166
-1.40709
3.81499
0.89635
0.758256
0.783149
0.0528203
-1.19123
1.04502
-0.162773
1.12102
-1.70047
-2.00659
-0.793704
-1.19655
-0.726824
1.64234
-5.06876
-1.09537
22.0896
-3.14877
-0.795363
-1.70691
0.251716
1.93103
0.694657
1.21092
-3.68103
3.21863
-3.5979
3.13734
1.5734
-3.2579
-1.32316
-0.645011
-0.333215
-0.530055
0.796898
1.33766
0.0400593
-0.315922
-0.467147
2.77471
-0.829407
-2.04241
0.686199
-0.0354932
0.0248025
0.276909
-0.175422
-2.4706
-1.58302
0.300639
-0.202078
-1.19514
-45.8284
0.21247
0.53205
-0.566749
-6.2405
-1.66871
-2.64198
-0.177008
-0.479433
-0.270464
0.19019
-2.88537
-1.65696
-0.384299
-3.71533
-0.495039
0.521084
-5.41403
-0.845111
-0.744634
0.497606
13.7615
-2.66628
47.5548
-0.0133691
1.05939
-5.69985
1.12097
-0.878775
2.31902
38.7812
-2.46122
-0.0258734
0.372236
0.638562
0.494924
-0.956425
0.130693
0.439179
1.16449
1.35336
-2.17298
-5.91318
1.12352
-0.600248
-4.12256
-0.24742
0.349948
-0.970861
0.415868
-18.6277
-7.46922
0.742428
-4.06407
6.79753
-1.93625
-0.482749
-0.273265
11.1004
0.78566
-0.620522
4.44824
-1.10235
-20.897
0.75682
0.817764
-0.260214
-2.75108
-0.452725
2.66379
-5.5671
0.0504434
-2.69657
1.03399
1.21078
0.166601
-0.415009
0.166297
0.843699
-0.813565
-1.0812
-0.205125
-2.29206
2.02072
-0.0125626
-0.418904
-2.53276
-7.43472
-0.583188
0.302699
4.29054
2.15989
-2.34111
-0.638864
0.571871
6.05518
2.94208
-0.705271
-0.268565
-27.8444
-1.08166
0.328935
-4.6859
0.972206
-0.537501
-0.522259
1.52396
0.786645
-6.59903
0.526484
-3.12385
-1.41278
-0.28579
-20.1691
-0.243461
-1.07713
0.0392118
-0.263722
-2.10097
-0.762379
-0.84859
-8.01051
-5.83269
0.525783
15.8621
0.405386
-3.23311
-1.64051
1.02923
1.11787
-0.61537
-1.27931
1.1531
-2.15784
-0.480199
0.721736
-3.62371
56.8904
0.144293
0.586139
-2.33183
0.201711
0.387419
-0.934108
2.65744
-0.19055
0.965806
-2.8689
-0.590144
-1.11948
-2.12409
-0.547341
-1.78739
1.06771
-0.652339
0.395903
-0.805994
-1.18505
0.108482
0.581432
-6.88941
2.56076
0.267101
0.788284
1.63798
5.56223
1.43369
-13.652
-0.0486309
-7.40569
0.103006
0.719166
8.32304
0.734369
9.71142
0.411916
-0.608374
0.261789
-1.89619
3.04612
-0.470618
1.05863
-1.62999
1.7288
-0.997713
0.213312
0.71498
-0.910059
-0.611619
-0.0119083
-1.92089
0.0774363
0.789007
-2.09197
-1.48698
-86.6882
-3.73422
11.5603
0.780965
1.3485
0.518821
2.31024
-1.11654
1.09983
-0.693951
9.49158
-0.742676
-0.892606
-0.709606
-0.677046
0.452195
-0.733979
-2.71883
1.09711
0.112119
0.219673
-1.90106
-0.0117415
1.08231
-17.6075
-23.6295
0.0289445
-3.91878
-0.0876147
-0.603564
-3.59608
1.59562
0.40893
-1.27381
-0.231924
-0.282067
0.459591
-2.37988
1.23337
-0.140212
0.19941
-0.316285
-0.455066
0.539037
0.574054
-9.9933
-0.264176
0.888996
-0.537689
-1.81299
-0.673653
-3.25877
-10.2903
-0.75973
1.67425
-5.96106
-2.33365
-0.153052
-3.92497
-0.843985
-0.131111
-0.07531
-43.7363
0.948951
-0.645185
-4.85639
0.718606
0.0899754
-0.373968
-1.54799
0.609307
-0.90582
1.37515
0.934745
0.174207
-1.15166
1.2883
-1.34906
6.58273
0.316192
30.9975
7.02659
10.4395
2.07994
-0.514774
-0.563289
-1.03067
-0.253213
10.3886
-0.192174
1.6407
-0.147908
-4.17457
-0.912451
-0.693821
-15.8524
-0.368299
-0.354234
0.403786
0.143321
-3.28928
2.3905
2.88847
84.4019
-0.983745
-1.00162
1.68986
0.0442663
1.60248
6.96416
0.514136
-3.47039
12.1114
0.0272021
0.799877
-0.168697
1.12272
-14.2297
-17.8167
-1.55608
-0.246888
1.85464
0.589902
0.571136
-1.35578
-0.375013
0.708702
0.596717
-2.07897
0.248664
0.127196
-13.344
0.9599
-1.79377
0.733743
1.58727
0.59265
2.34174
-0.532516
0.741798
0.195164
3.21312
0.0692021
-9.00692
-0.171576
-1.45838
2.37573
-1.07268
-2.22486
-2.52308
-3.58103
0.948441
-2.78046
1.3977
12.0986
-2.10206
-0.374833
9.89846
0.491318
1.26246
-1.20128
0.33926
0.0712206
4.25859
-0.651797
1.36832
13.9089
-0.419579
-1.44696
-0.0344793
0.499267
0.00314221
0.618123
-0.92129
-0.134238
10.1967
0.351751
3.46545
0.58277
-0.727292
-5.71551
1.5418
-0.957615
-0.545944
7.26002
-66.0156
36.6567
0.98237
1.85948
-18.8909
-2.24344
2.38568
0.169572
0.302694
-4.08296
0.536193
0.48744
0.261356
6.28505
0.0433827
2.84586
0.927694
-0.153123
0.205908
-2.75745
0.721171
4.00969
1.04514
-0.240434
0.189482
4.79422
-1.79392
3.45127
1.43
0.284486
-0.234143
-0.276414
10.0419
-0.138829
-2.67127
0.0544214
0.213528
0.207109
-0.255543
-0.195791
-2.66997
-9.16736
0.152161
0.131412
0.213206
1.97426
120.34
0.304401
-4.95607
-0.959523
-0.399618
-1.6085
-14.3788
-0.38699
-5.88437
-0.328839
-1.93403
0.330447
0.443864
-5.39752
4.5062
-0.952896
0.226903
0.0131891
10.661
-0.281171
-4.42702
-1.08499
-4.59904
1.99978
1.37358
1.03468
4.86636
-0.622405
-2.26071
0.0389514
3.6199
-0.839125
12.9067
3.54602
1.0077
-1.13675
-0.512836
-1.9603
4.47985
-13.9913
2.72843
0.220936
-2.27105
-0.769174
0.354189
1.79039
-16.9239
0.0618662
1.69647
-3.19082
-1.0327
0.752768
-9.03246
-4.01255
-2.51963
0.272553
-0.482414
-2.23861
-0.321933
-1.17451
-0.137021
-26.5715
2.93508
-6.44284
-1.2851
-1.05815
4.56203
-2.7562
-0.464699
-0.502369
0.617395
0.926051
1.35189
25.4876
-0.493269
1.20636
0.777388
-3.48617
-1.81221
-2.95508
1.54644
5.10477
1.05117
-0.147882
1.14393
0.195334
1.09901
-20.2003
1.11076
1.36517
-0.726232
-1.37236
5.70323
0.116657
0.0944937
-0.0668865
0.173474
3.69917
2.47539
-3.9714
0.239331
0.3902
-0.239044
0.296702
0.127602
0.149459
2.6201
-1.64025
1.60469
-0.331065
0.203068
0.761598
-2.83116
18.6405
-0.739503
-1.15899
1.69285
-4.24696
-0.792996
-3.2586
1.23527
0.729078
0.595305
0.178128
0.695189
-7.06518
-2.87064
-0.328514
-1.88135
-2.25085
-0.36978
-6.4596
-1.39324
-0.996031
1.0125
1.17731
1.54228
1.41296
-0.43492
1.06048
1.05929
0.124415
0.0444115
-0.243908
5.75174
-0.374302
-1.87403
-0.629374
0.858316
0.939854
-0.494297
0.0680544
-2.25216
2.25222
0.136811
-0.257589
-42.0362
0.202859
-0.145631
-0.857919
0.371973
0.156237
0.238979
0.383767
0.159383
-0.449585
-0.539072
2.08177
1.06765
-1.55845
-0.549965
1.73982
0.740589
35.5157
-1.53491
0.193532
-0.475743
6.61721
-0.352756
-1.11742
-0.644656
1.94045
-0.764779
-0.17622
-2.26974
0.458676
1.72358
-0.626707
0.292017
3.92503
11.8212
-0.592488
1.25131
-1.946
-0.15088
-1.67671
-1.76386
-0.525024
-0.523707
-2.94716
-2.01531
-1.34104
1.49034
1.56773
34.0782
0.749281
-2.80049
0.0609479
0.784986
3.0851
0.311297
-10.5912
0.00144413
0.757609
0.592251
0.325708
-3.08292
0.068518
0.549739
-4.35402
0.353834
-0.605132
-0.156615
-1.77873
-1.96624
0.551691
0.560167
-60.2819
-1.1024
-28.7902
16.4402
0.509387
-0.139358
0.540072
-1.19389
-0.965598
-0.504946
-0.079112
0.598556
-0.093286
1.21068
1.05648
-2.52219
1.87703
3.09597
1.66419
-30.2453
-1.93649
-0.0391647
-1.58355
0.63233
0.229223
-0.0122306
0.143565
-1.41765
0.63757
-0.734146
0.392965
6.19437
-8.08904
-25.717
18.8916
-0.985156
-0.461819
-7.66322
-8.99505
-0.208194
0.534788
5.30701
-1.22803
-3.01087
0.475935
2.30797
-0.0457345
-0.494202
0.468314
1.31009
-0.5784
0.523675
0.605805
1.84933
0.911707
-4.81276
1.93872
0.151676
-0.0742632
0.207541
1.39346
-0.71199
1.51615
28.4352
-0.95763
-0.39628
17.0243
-0.144204
-5.94002
0.301775
-3.6778
-1.78669
3.15536
-0.41243
-1.93564
-0.591014
-1.15967
2.70964
5.37428
-0.499008
1.22316
5.75783
12.6092
0.325489
-0.474759
1.2726
-0.578297
-1.77559
2.48566
4.32067
0.720529
-10.0966
1.22938
-0.755706
-0.0573392
6.25626
0.339204
-0.230031
2.3886
-3.79782
-2.9548
16.5663
0.0946335
-1.43482
-0.495388
0.938877
-1.7246
2.98044
1.23675
-2.07281
-0.00115998
4.45115
1.31193
0.623785
-0.0972196
1.20745
6.73699
0.34776
4.35074
-13.1152
-0.149056
2.53531
0.251228
1.21654
-0.479495
1.13908
47.571
0.433687
0.646916
0.284711
0.782654
-8.41683
88.5893
1.46279
-0.897921
-0.0565711
-0.0701961
-0.154073
0.369277
-0.190499
0.475286
-0.0199637
-1.42057
-0.706427
-0.487939
0.0963582
-0.0983276
0.0501678
-1.08354
-1.38564
-0.205559
4.76124
-0.0224144
0.104064
0.05458
-5.48002
-7.20487
1.45396
-0.100513
1.45593
1.93155
-2.29139
3.8141
-0.710691
-0.104498
0.6459
1.08605
-2.21254
0.0944414
-0.686996
0.373674
10.3332
3.91454
-7.60608
0.434745
-1.52147
0.156735
-0.0837055
0.654128
-0.0836124
-0.0505526
-3.18336
-0.711584
0.208898
0.43748
0.441128
0.598899
0.117931
-0.659418
0.784802
-0.713545
0.655711
-29.0189
0.700542
2.72401
0.190523
-26.9196
-6.9327
1.16561
-1.07265
-1.74884
0.633302
0.753225
0.788892
0.506529
0.691895
-2.23402
0.341567
-0.0273841
2.17525
0.0189153
-0.693672
-0.273571
0.719829
-4.84764
-1.86456
0.387472
0.92598
-0.619578
0.33649
-1.60439
-1.86962
-1.21142
-0.46671
-10.569
5.06206
4.42925
2.06199
0.110871
-0.585534
-0.499167
-2.46619
4.52307
-159.931
2.91361
0.722019
-10.1115
0.0871993
-0.995942
0.885297
-1.42818
2.51521
5.86987
-9.5541
-1.37769
-10.604
-16.5981
3.2378
2.48087
-3.25493
0.473577
-0.00609235
1.98464
-0.245725
-0.553917
4.01912
3.53133
0.16216
0.355856
-1.11972
-0.130539
-0.932454
3.4513
1.27063
-2.56648
0.259262
-0.623653
1.46707
0.157001
2.17103
0.117763
0.355703
3.91045
-0.762672
1.50705
0.553895
-0.796353
1.52616
3.08572
-1.45152
0.911479
0.834103
-2.56464
-0.374529
-0.420536
1.51049
-0.352843
0.176582
-0.108423
-1.2884
-0.472473
-1.06163
-6.24901
1.39856
-0.0851266
-1.14069
-0.165187
16.718
-8.24659
0.0565411
0.541666
0.75272
0.726826
-0.635332
-0.122099
-1.42821
0.0235417
-1.05041
8.97705
-1.38874
-6.67156
1.20304
-0.852349
-1.70506
-0.468053
1.49465
2.29025
-2.91893
4.4205
-1.15936
-3.63033
0.117463
0.632739
-0.612989
0.976068
-1.44313
0.450227
-0.233692
4.3693
5.67213
4.73454
0.492233
-0.115783
-0.481291
-10.4136
0.0952999
4.19785
-4.17266
0.64193
2.1522
-1.67073
2.71157
17.0811
3.44651
-0.797566
-0.0736342
-3.61803
-6.95356
-1.01868
0.428902
-0.424839
3.81764
-4.11189
-3.77715
-0.562113
-0.403599
-526.049
0.66969
-0.624727
-0.620349
0.821507
-0.460545
0.315725
0.362521
-1.4365
-0.2618
0.0512584
-1.69901
3.12748
-1.34177
2.74131
1.69804
-0.362447
-0.548281
-2.42348
-0.0625667
-26.3146
-1.07075
-0.0388239
-0.425597
0.231001
-45.2336
2.63152
-0.597353
-0.0207324
-0.0705201
-0.515883
-1.86371
0.641889
1.13295
-0.00254681
-4.51156
0.581487
-0.126256
0.426812
-0.736287
0.242397
-0.0540193
-0.691591
-0.332264
-11.1172
-0.205016
3.26211
-0.655458
-0.371707
-1.31609
1.95056
-82.4454
1.12667
0.483199
-0.387796
-1.32212
-2.20128
-0.462742
0.839986
-1.48016
1.13396
0.663136
0.0433405
0.759256
-1.01727
1.6443
-0.418868
1.18531
-0.198391
0.247821
0.203319
-21.6432
0.415007
-1.98317
-1.12137
-0.266017
-1.67037
1.56619
10.4515
0.0640207
0.0838472
0.84719
0.629629
-0.796041
0.273319
1.27338
147.904
6.73418
-0.960521
-7.02844
-0.404605
3.39825
0.190843
0.230323
0.669518
1.97102
-1.3782
-1.71275
0.538835
-0.723857
0.883134
-8.12874
-2.93649
0.331427
1.69585
4.9068
-4.43337
0.159125
-0.486813
-0.250246
0.24547
0.0721024
2.68851
-0.0578771
0.737769
-0.268262
0.433634
-8.22765
0.237857
-0.595637
0.276773
-0.805086
1.79818
1.50067
0.138299
-8.15589
0.441209
3.56535
6.80728
-0.669056
-1.60065
0.620026
1.5422
11.6664
0.153216
-1.18797
-10.1245
-0.639406
1.38407
-2.6511
0.277034
-0.195336
1.41697
-7.5929
-0.699557
4.27681
-1.14115
-75.6753
2.22792
-0.438578
1.56188
4.96646
3.97988
-21.0063
-18.5692
-0.574983
0.600998
1.97073
16.6664
-1.08983
0.630675
1.01513
4.56607
-2.83619
2.14289
1.0344
6.15633
-0.367457
0.62014
3.54281
4.46114
1.85378
0.0854545
-1.96517
0.464475
3.08852
-1.57216
0.296186
-0.30626
-2.01608
-18.5697
11.7382
-1.12669
1.92996
-1.53959
0.112026
-0.0617661
-0.905302
-0.345408
-38.5563
0.00288431
0.807425
-373.888
-0.085226
5.66413
-1.0824
-0.210162
0.0601202
-0.440284
-1.61897
0.650604
-0.364897
-31.4456
0.183209
0.319594
0.763426
6.67119
-2.67593
1.26711
-2.73824
0.416236
-1.06573
3.26297
13.6828
0.842979
-0.270154
-3.29593
5.01354
1.60687
-0.462793
-0.100317
-0.860322
-0.119333
0.198317
1.20777
-1.18803
-0.599268
-13.6435
0.933023
4.10813
0.0636668
1.1396
0.224761
96.3578
-1.95499
2.05139
0.651155
0.496876
0.17092
0.535481
1.83862
-1.24089
0.948124
2.97187
-0.811165
1.36148
0.0695149
0.0325481
-0.200375
2.86747
0.598161
0.0413455
-8.60205
-1.46979
0.708687
16.3601
-0.313401
0.846736
-0.722675
0.176669
-0.401825
-0.314486
0.106295
2.9621
140.481
0.470917
-1.03772
-1.42968
-0.687487
-0.723063
0.0799119
-70.6634
27.634
1.08909
4.93822
0.0761573
-5.4525
-14.7801
-1.94273
0.156896
0.164247
-0.405698
-2.85421
-2.28353
0.00872124
-1.88279
-0.489707
-1.78109
-1.42803
-4.07321
-3.42869
-0.884029
0.27063
-0.733693
-0.537927
24.636
-0.0913699
0.241796
0.164154
-0.831349
-7.39404
-2.33605
38.1207
4.92344
-0.25831
-0.107514
-1.08845
3.68199
-0.158113
2.18656
0.677982
-0.583537
0.910109
-2.19959
0.55404
0.0505621
-1.6297
-8.76803
0.590147
-0.511537
-1.50935
0.205662
0.299278
1.38489
383.002
-4.86341
-10.1929
0.78925
-0.123632
1.3218
1.02975
1.70313
0.99234
-2.11996
0.624402
0.231885
0.456757
0.310103
1.8286
-5.7056
2.89849
-0.49732
-0.0005959
-0.686487
-4.08501
0.455004
-0.560092
-0.465104
0.289631
-0.333294
0.784041
0.555807
-11.8858
1.83017
-0.892435
-1.44721
0.633758
-3.83193
48.8933
0.54979
-7.10686
0.204724
0.879425
0.776856
-1.30439
-3.41867
-0.516328
-0.0836188
-3.20584
1.52069
-0.126411
0.521042
1.53576
-0.697119
0.958832
0.291054
-0.357801
-1.69407
-0.687297
0.483886
0.250743
3.66826
1.30255
-0.720131
0.611084
-5.24506
-0.725929
0.633784
0.58699
14.1927
-0.794491
4.0202
11.1332
4.24603
-101.073
2.00076
0.379782
-4.55468
0.395111
0.761418
-0.535336
-3.38891
-0.532854
2.88606
0.474178
-0.00535037
0.048644
0.78359
-0.011736
-2.8286
-6.28521
1.02825
1.54709
0.829374
-1.08097
14.0599
-1.52602
0.838448
0.131854
-0.674321
-1.21584
-0.0994546
4.82439
-0.083191
-0.30264
1.19839
-0.626615
0.193124
2.82617
-2.90146
-0.58051
1.24118
1.35758
9.39029
0.0396661
-0.602413
0.0285134
-7.65717
-0.977142
-1.47875
0.237946
2.74847
-0.320538
0.72419
3.18936
0.220649
0.149985
-7.62892
1.26872
3.80493
-3.14706
-0.808055
-1.89042
-1.16531
1.48467
-1.11388
-1.25858
0.00652395
-0.401373
0.471504
-2.17824
-2.46386
1.09616
-0.235174
-3.12157
-6.05819
-0.0888946
-1.87157
12.2807
-0.322476
0.0253194
0.737311
-3.44262
-0.330714
-0.389204
1.20935
0.830748
-1.28026
1.62811
-1.2971
-4.01705
0.360261
1.99047
0.489409
0.0585461
-0.245227
0.267085
-1.41552
0.248007
-0.859669
0.910117
0.329221
-1.2835
0.837961
-0.28609
-3.21814
1.8596
0.517625
0.33547
-2.93851
-0.798072
35.1146
-0.209015
-13.09
1.60127
-3.15769
-0.0548362
-1.73806
-5.50739
-1.02457
-0.392207
2.62293
-1.94325
-12.6676
-0.978297
0.516127
5.97541
0.499022
-0.385499
-0.434894
-0.69976
-0.00816562
-0.352613
-2.28822
0.704346
0.126401
3.1532
1.38991
0.00918902
0.886234
0.215246
3.17783
0.218553
-4.03304
-0.835552
-0.24928
0.533588
0.52414
-0.139902
3.40234
0.116503
-3.09162
-4.21487
11.3464
-1.521
-0.91675
0.288563
0.512017
-0.764976
0.175324
-2.43017
-0.0560331
0.744239
0.433419
1.62842
0.253766
-0.512738
2.08734
-0.433878
-7.1121
4.38664
1.25995
-0.820698
-4.32156
36.2341
1.28587
0.449252
-0.992276
-2.50637
1.1678
1.45748
-5.19869
12.5832
-0.899827
0.257095
1.06599
-1.21349
7.14875
0.316024
0.54055
-1.88334
-0.697859
-0.391884
2.09667
2.75594
-0.367446
-2.01393
27.83
1.10938
1.65417
-2.07959
-0.354303
-0.454745
0.0211073
1.2114
-3.56534
-0.259154
0.989936
-3.67034
-0.10606
-1.46204
0.762514
1.63728
-10.9378
-0.729162
-0.0902795
-1.20929
1.59239
-14.9511
0.813137
1.02082
4.68796
0.226749
0.970363
-0.422138
-0.700007
0.167511
13.639
-0.656868
-2.32451
-0.766029
-4.53779
2.60358
-0.69704
0.611786
4.45126
2.04939
2.48353
-0.630344
0.134439
-0.452709
9.14972
-0.466159
0.643535
0.719264
2.27124
-46.9023
-0.525033
0.663167
-0.626749
-22.1479
-0.809111
0.342563
-2.8549
0.73007
3.0995
-0.473416
-1.28323
-0.140787
-5.24036
-0.537261
1.22447
-0.159638
-5.10106
-0.324795
1.28058
-0.447515
0.383825
0.696481
0.519681
-1.65862
3.38748
-1.46062
0.313049
-1.37862
-5.47576
12.9368
1.84489
-0.712348
-0.74916
-2.90916
-2.2276
-0.434504
-0.807489
0.270056
-0.167519
1.40539
0.145709
0.04721
0.109873
-1.06735
0.540738
-0.112088
0.46262
0.0111482
-1.90399
2.22682
-2.68221
-1.13494
-7.3692
-1.15761
1.27081
0.258868
0.276852
-0.744715
0.714087
1.40069
0.609035
1.68897
1.57877
0.387673
7.15097
-0.754794
10.7141
0.429624
1.41682
1.52036
2.17709
36.8881
0.301662
-0.571326
-8.60983
-2.92989
0.244227
3.10542
0.811442
0.141503
-1.70701
1.23691
10.2888
-2.81851
-0.443418
0.408141
0.948918
-1.07109
2.03331
-0.914264
-0.81627
0.053159
-3.29652
-0.0170674
-0.364844
-2.33554
1.02285
4.72569
2.13106
-0.489669
-2.32543
0.202876
-0.88884
1.21124
-1.63228
10.4423
-0.387594
-0.356127
-0.513204
0.940553
-0.0348948
0.15668
-0.306379
0.614194
6.92624
-6.6017
-0.674355
2.18377
1.45521
1.04326
3.32424
3.06313
-0.979392
-17.0339
-1.71274
-106.156
-1.48439
-2.29223
-1.09863
-4.42032
1.2349
0.275917
8.6354
-0.187079
-1.02607
0.396931
2.96609
-0.796559
0.4653
-0.339777
1.34223
1.56817
-4.98122
1.34976
0.622475
1.00631
0.123019
-0.761509
-0.177401
-12.7946
-0.63366
1.35287
-2.31716
0.475077
-1.2088
1.42065
-0.681685
-0.501096
2.34093
3.03926
-3.04752
-0.374861
-0.798316
-0.972581
0.376252
-0.782405
-3.64669
0.099118
0.475214
1.04205
-17.1017
1.42831
-1.87719
-0.247481
0.616389
2.4716
-0.237507
-0.38754
-0.148799
-0.823384
-1.73595
2.89358
-5.05353
0.712157
-0.0473591
7.22001
-0.536945
-0.997319
0.652483
1.98121
-0.520861
8.21702
9.18673
0.142245
2.0569
0.649517
-5.34119
3.08674
-0.244397
1.34599
-9.38593
-0.458456
-2.05962
-1.02569
1.32455
-0.00281555
-1.20602
1.88614
-0.100453
1.14197
0.242661
-0.930601
0.295129
1.38285
-1.44072
-1.84617
0.0787445
-0.182628
-0.255694
0.47433
-3.05321
0.118755
-0.936352
0.709048
13.0858
0.387576
0.576318
-0.830774
-0.548542
-11.8772
0.537901
-3.10624
-1.09532
-0.351569
-0.863832
0.728578
-4.90849
0.677294
-0.663256
-1.50008
1.95426
-1.29214
0.283929
-1.95038
-0.22575
-1.81185
-116.434
-1.14575
-1.02481
3.46088
-0.747834
0.96027
-0.91498
0.4078
-1.27258
-1.60592
0.0424692
2.75888
0.0332465
0.341402
-8.2998
-0.363202
31.4766
-1.71101
0.769776
-1.04897
0.598109
0.504818
0.135792
2.17812
-0.100513
306.406
-0.420134
0.277591
1.32263
-0.244505
2.14234
-8.90664
3.9021
-1.16382
-14.4964
-0.14403
-1.64138
1.93569
0.664493
-4.46984
-1.44573
-0.82643
2.23282
3.32916
-2.79774
-14.7587
1.17279
2.01874
-3.6673
-0.603574
3.09598
2.02365
2.41797
6.48265
1.70829
-8.83763
-0.000374238
3.32737
0.381075
0.577902
-6.4221
0.154837
-1.08172
0.197187
2.51638
3.85684
-0.0117597
0.391866
-0.814771
-0.609173
0.57144
-1.4365
0.544249
0.634362
-36.8922
0.668265
0.395881
-0.0162295
0.535199
-2.71897
-2.05552
-1.16339
-7.10882
-0.040877
-1.49085
0.155782
0.115197
-2.61505
-0.225246
-1.79848
-0.637092
-7.74999
11.0693
0.0225015
-0.769981
-2.73179
0.811682
0.165522
0.990513
-0.256576
-0.304218
1.85995
-0.476514
3.80566
-0.849876
-0.279383
1.22519
-0.149307
1.74099
0.105427
0.333266
0.68687
-1.04565
0.82883
-2.89939
-0.00141655
-0.978788
-1.35058
0.509774
1.42315
0.824483
1.62496
-0.417233
-3.06693
-2.33182
-0.630236
1.29
-0.127069
4.42906
0.256804
0.363698
4.7351
0.426298
7.00564
-0.888949
0.145384
-0.079878
10.1863
-0.680589
-117.572
2.93521
0.164741
1.3314
-1.63007
-0.688979
-0.35864
0.0834375
3.24357
-4.89738
1.13667
-0.0402744
1.73631
-2.13216
12.224
-0.935262
-0.0614529
-0.311555
13.181
0.540256
0.852014
-1.26652
1.14275
-1.63766
-1.19305
2.36114
7.12701
10.6363
-0.707387
-0.529623
-2.56766
0.647633
2.15445
-5.06812
-1.20379
2.70896
100.669
0.845569
0.000764047
2.76614
0.673149
0.088671
-0.940089
-0.666902
-0.612269
0.25504
3.45377
0.0147448
-0.605554
1.95369
1.7296
-0.21239
4.74409
-0.270559
0.00774418
1.80392
-0.605978
-0.859318
0.107447
-0.453735
-1.79597
2.0557
0.921573
-1.77335
0.940336
1.64761
-1.49102
-2.03577
-0.0140727
15.4103
-1.22643
0.128702
0.532227
-1.90955
29.9277
-1.95775
-2.41004
-1.81043
-0.974298
0.121754
4.3781
0.165142
-0.861302
-0.63894
-8.07031
25.8315
17.9125
0.200838
-0.172994
-0.0892195
0.403933
4.91065
0.834868
-5.47685
0.432378
1.29454
-50.1537
-7.94797
0.166917
0.971167
0.0823798
-3.95772
-4.37592
13.1625
0.740015
0.225974
-13.8592
-0.00149204
0.182889
-2.05067
-0.417683
-0.250796
-3.16158
-1.20484
2.4162
0.0428754
-0.477645
2.12092
-0.406966
0.0612221
-3.40955
1.00014
-0.0903501
2.15912
0.874525
-2.17505
-0.592977
-0.21337
0.782649
-0.56594
0.816366
0.317016
-1.36032
3.5691
-5.84884
-0.271347
-0.340554
-0.0590225
-0.283414
-1.281
-1.11919
0.894051
-79.8878
-19.5221
-0.143351
34.4129
0.800908
0.103032
2.87858
2.21356
-0.734084
0.451186
-0.251054
-0.0198779
-1.31736
-1.19551
-1.0846
0.657755
0.371602
-1.59254
3.31692
-1.13403
0.0309745
-0.621828
3.15937
-0.475009
7.64273
7.24206
-1.75596
-11.4406
-0.883895
0.144376
0.200519
-0.15809
-0.735993
-1.17352
0.0415216
83.7403
0.932552
0.321897
4.372
2.13625
-0.320025
-2.92869
-0.0872555
0.556759
-1.82375
-0.144502
-53.9514
1.0974
-0.0321458
1.80153
-0.472098
2.34064
77.9627
3.76075
1.86286
-1.84478
0.543666
-0.389421
38.3961
-0.69133
-0.753577
4.67599
1.48951
2.47129
-12.4493
0.617531
0.0618266
0.539549
-0.562397
0.200789
-1.32372
0.643903
0.236928
-0.399784
-0.739131
-1.87526
-0.261328
1.17032
-2.33834
1.5182
-0.394328
4.83767
-0.076957
-5.14006
2.0686
0.0814218
0.194824
2.84505
0.118215
7.82821
1.3091
0.818755
2.24064
-0.351932
0.286095
0.835312
-0.130631
-249.413
8.50493
3.25778
-3.99303
-1.33399
-0.0506959
-0.652699
23.1406
3.02459
-0.38524
1.0961
0.947162
-12.3349
1.1904
-0.815123
-0.219107
0.459603
1.10721
-0.995063
0.874599
0.0220925
-2.38499
0.411045
-0.812427
2.47677
-0.346492
0.461476
-0.0789263
0.955661
1.10591
-0.787585
-0.50584
0.191497
-0.280061
0.464347
0.181621
2.85275
0.379043
1.1219
-0.129164
0.958874
2.27269
-0.260118
-0.73684
-8.43449
-1.19861
-0.88641
-0.264086
0.0722388
4.05483
-0.870799
0.778623
-22.6173
-0.35739
-2.16159
1.41796
1.3315
4.03122
0.127804
-8.36033
-4.49583
-2.4744
0.273623
0.283958
1.72635
-0.318848
0.454948
0.968501
0.116512
-1.05651
0.133615
0.0541461
5.39409
-2.72474
1.50727
-5.84601
-2.37918
-1.12719
0.433239
0.255741
1.47897
-18.2523
-0.44607
-0.0637763
14.4052
-7.88321
1.0587
5.56591
-1.281
-1.76875
2.63528
-2.74571
0.173903
1.35262
-57.8173
0.342853
-2.85342
-0.1678
-0.967123
17.9745
-33.1311
0.825998
3.84408
-0.0516336
-6.60869
-2.74305
1.70176
1.14645
0.759259
-0.580605
0.463827
12.8826
-0.849661
-0.682439
4.08011
4.85338
0.31584
-0.0996988
0.0359917
-12.6033
3.56641
1.1221
-20.9777
-0.392268
3.41541
1.10967
13.1559
-1.01216
-0.363695
2.52085
0.50637
0.0742992
-8.52572
0.342243
-0.660344
-2.15192
-0.462168
0.603739
0.28489
-3.6668
1.07443
0.630407
0.571303
2.63566
0.569487
1.51498
-5.63836
1.12197
-0.319118
-2.95213
-0.666909
-0.84928
-17.1458
-0.354655
-2.67395
-0.281661
29.5894
-3.79477
5.55706
0.958969
3.18052
0.870116
0.07773
-1.05409
1.57471
-0.178361
0.497378
2.79104
-2.27776
-6.33014
1.5195
3.19716
-0.757806
1.03477
0.139378
-2.37008
21.7132
-1.02972
0.395368
0.040343
-1.75602
-1.50159
5.38834
-6.34026
-0.00584098
-0.8496
-0.349509
-0.74962
-4.67725
-0.220357
-0.564254
0.672754
-7.36854
-2.25827
-5.1876
3.31107
1.80403
-0.375816
-0.874314
-0.0126553
572.952
0.417965
0.360941
1.57737
2.39361
1.45279
4.75058
0.112884
-0.913924
-0.665615
-0.0754433
0.707633
-0.96295
-0.283422
1.53338
0.134112
0.461862
-1.21486
0.582301
2.20012
-1.44233
2.06985
4.21418
-5.31457
11.4862
-0.353529
-1.97976
0.311654
0.117026
0.276636
1.05236
-0.785309
-0.552328
-0.648086
-0.270228
4.2113
-0.288017
4.08493
-301.669
-3.688
0.455507
-2.57206
-0.37473
5.6251
-3.96944
1.59842
-13.9384
-0.836656
4.72212
-0.00576022
0.193484
-1.64197
1.9274
2.05635
-0.168107
0.21464
-0.41593
0.0400316
5.5559
1.77037
0.0616942
-1.28247
4.21019
2.13381
-3.14547
0.0783584
-0.0996078
-0.0650536
-1.8181
0.755381
0.667916
0.225866
0.196741
0.12947
1.31211
1.4144
-0.0644632
-0.218276
1.04975
-1.86978
1.001
0.581983
-0.551044
2.21994
-17.512
0.9333
-0.879357
0.895176
-0.60421
0.269751
0.0714545
-1.28897
-0.43698
3.29516
0.771452
-0.778165
-0.50699
0.650967
0.485999
2.23411
0.988257
-0.791101
1.03818
0.982484
-0.225303
-4.72101
-1.75529
-0.760439
10.8143
-0.735465
-2.10998
-0.405979
-0.959998
1.74501
-0.116229
3.47078
-1.64318
-0.894659
1.4452
0.789456
-1.35
0.71493
2.09368
2.9845
3.46633
1.18878
-0.147744
-33.2529
1.6208
-0.877308
-1.32157
-0.0522444
-0.504049
-0.594683
1.1673
-1.62373
-0.669263
1.80476
-0.196944
0.312796
-0.530497
1.4787
-0.815982
0.773097
-0.366062
0.857321
-6.89385
2.70745
11.8427
3.43952
-0.626617
2.1871
1.40583
-0.605916
-0.212326
1.42314
-1.81309
-0.812471
-1.05897
-2.31693
-0.391216
0.545422
-1.17684
0.991499
-0.59072
0.136658
-0.178383
-0.994534
1.22298
0.340193
-0.2322
-2.29805
-0.566255
0.985598
-3.31325
0.425219
-0.115342
-0.63482
0.954396
-2.42992
-10.5461
0.775449
32.2548
2.58155
-1.07397
1.97424
2.11646
0.655502
-1.17575
0.477312
-0.97757
-4.02175
0.242119
-0.387737
-0.350887
-0.447256
-0.792998
-17.3507
-0.754766
-3.94288
-1.1
-0.781079
-0.743374
0.986673
-0.711037
0.0833323
-1.33956
-0.125938
-1.94496
1.98193
41.0002
-1.66438
-0.603818
-1.58676
11.0329
1.32842
-1.68068
-2.76145
-0.0357799
0.537919
0.0778731
4.24582
-1.23705
-3.65116
-0.288426
3.24831
-0.251428
2.40735
5.07125
-0.336549
2.16166
-5.46622
1.76816
1.10712
0.572848
-1.41491
-1.951
-0.0437492
31.5868
-0.982837
-0.0232594
-6.99726
-0.938918
0.511649
-83.5877
-2.64781
-2.45008
1.65098
10.136
-0.651398
-1.39822
-0.284232
4.04782
0.0139685
-0.265745
-6.31322
2.45308
-1.13319
0.37486
3.99635
1.34151
-1.12172
-0.896822
6.64286
-1.23531
0.150907
17.6099
-0.664874
9.86637
-12.8034
0.818265
-0.32708
0.382778
0.219178
0.173042
-0.958634
-0.172331
0.969113
0.617434
-0.108799
-0.434807
-1.84749
-1.69029
0.0998348
-0.519714
-0.0856415
-0.427034
-0.227003
10.1789
-0.238907
0.226285
0.492512
0.290056
-1.11806
1.80539
-1.66191
-1.98326
0.314501
4.77024
1.04605
0.73905
9.02186
-0.0201449
2.46438
1.38692
2.18516
-0.910342
-0.00745276
9.76917
0.685871
1.7117
-1.40858
1.41177
-3.63824
0.235459
6.11735
-0.0860654
2.84433
0.698384
-0.757244
0.058497
0.0422848
-1.50199
-1.27571
-0.500886
0.277247
1.24997
-0.990599
-0.0587254
-0.602798
-0.229301
-1.23579
-2.37828
8.8683
-6.17801
-22.9973
5.87297
-0.956974
-0.29614
4.28202
-1.41369
3.44801
0.0499829
1.77295
5.13981
0.470864
3.07006
1.32304
-12.9086
-6.87641
-0.327216
-1.25863
-0.241308
11.1238
1.92957
0.743721
-1.0406
1.30527
-5.73855
-0.0642823
-0.592137
-23.9497
80.8187
3.41866
-0.16902
1.21468
-1.49151
-0.643898
-1.46411
11.3271
0.115291
2.25947
1.01251
-0.430912
10.6598
-0.766327
0.963482
-0.255348
-1.6807
0.422386
-0.282188
0.698711
2.66381
-2.16297
-11.5031
1.79398
1.37803
0.984855
-1.45522
0.720608
1.66827
-0.763047
0.385409
-7.22896
-0.314405
-0.442248
4.15643
0.490722
0.246395
-1.74834
1.64395
0.419715
0.407175
-0.870684
0.628406
-5.16786
-0.221642
2.30374
-1.42118
-0.227298
-0.0222491
-0.313125
-7.97074
0.160443
0.851319
1.09638
-1.36757
-0.075711
-1.97166
-5.28817
-0.441778
0.887997
6.10695
-0.786286
-0.437251
-0.466899
0.530282
-0.614871
-0.238764
0.576652
-1.0716
0.235071
4.38611
-2.34302
-0.479997
-0.854144
-3.98038
2.81872
-2.40959
-2.76003
0.343597
-0.540385
-1.2512
-1.63577
1.74605
0.769035
0.449717
41.3732
-1.42101
-0.964871
0.382775
-0.051718
-6.46645
0.945453
13.0332
0.641022
0.104297
-0.478818
1.1366
1.80551
1.50929
0.351619
1.03826
1.87615
0.0490839
3.14924
0.405507
0.52377
-0.855933
-0.765447
-1.49811
0.58713
-0.198877
0.516912
-0.0115061
0.0576127
0.118897
-2.03253
-1.38416
1.02365
0.257691
-1.27046
6.57189
-1.0577
0.247003
-1.04943
0.142329
0.0998103
-0.173109
1.20122
0.128819
-3.26545
-1.25523
-12.412
-0.676185
-5.3218
-2.00692
-0.976913
12.4386
-0.417179
1.36319
2.20087
-0.575551
18.0594
-0.693252
-8.0477
1.23023
-1.41749
0.593363
0.610936
1.39877
-34.6735
1.94745
0.240815
-0.786702
0.851054
0.175074
-1.38323
-0.771226
-9.8801
0.154946
0.234616
-16.8711
7.36946
0.314797
-0.344234
-0.233972
0.547686
-47.6106
-1.77419
-1.89638
1.91934
2.33168
-0.652492
0.308793
2.01599
-3.83773
-1.27737
0.0658671
-0.387584
-2.15588
-0.0365725
35.175
3.40252
1.04716
-1.15217
0.697871
0.716654
0.250392
0.787841
-0.823067
-1.79619
-0.0719805
0.91135
1.18863
-0.544333
0.212342
5.24446
-1.28098
2.59708
-0.393485
0.0846253
-2.857
-2.81372
-1.22673
1.76414
-2.21407
-0.629035
2.34823
-4.80582
1.34264
41.7447
-1.46477
-0.399006
0.0510735
-0.389474
-0.308273
2.04698
-2.39455
-0.00996506
-0.103694
-1.25154
0.295976
-7.23517
0.742805
-0.139314
0.404966
0.397814
1.39932
-1.09082
0.831915
0.328414
0.616113
-2.29215
0.536871
1.43295
-1.75619
2.24958
-0.59569
-0.966172
-0.176724
0.454862
0.913324
0.0176178
0.969789
-0.777788
1.67403
16.6921
0.178325
-0.528609
10.6534
0.674705
-0.594839
4.27113
-1.54369
1.90769
-1.81309
-0.367693
-1.65494
0.195269
0.224967
-5.34755
-0.51178
1.18702
2.88447
1.2848
0.389644
1.51656
-0.731736
0.211105
-2.59039
-40.3205
0.10957
29.2331
1.21793
-0.0697881
22.9483
-1.40214
-0.55292
-0.481277
0.60615
-0.010483
0.333141
1.25439
4.98257
-3.31702
0.263645
-1.45314
6.95302
-0.771051
2.42783
-0.450222
-10.2433
-0.548978
-1.08808
-0.982805
-0.394442
0.485767
0.351167
-2.13807
1.92864
-1.17743
0.103883
0.594412
0.671657
6.59479
-6.08209
-3.08251
0.503764
0.919187
1.68308
2.26035
5.04804
-2.22374
-2.04409
-0.00626015
0.52669
1.18177
-1.4622
-1.79161
-0.782429
-4.30724
10.0056
-0.12207
22.4983
0.360361
-3.32588
-0.602072
0.39958
-0.892341
0.47909
13.9339
-0.22469
-0.617026
1.08743
0.0483977
-0.796632
-0.367266
2.31085
1.29974
0.976448
1.52348
-1.14055
-1.46029
-1.91772
0.414696
1.42526
-0.0684529
-1.01923
-0.360931
-0.858573
3.27292
-0.538913
-1.30851
-4.66484
19.3977
-5.05904
0.122417
-1.08629
0.236693
-1.46102
2.26452
0.699565
-1.70533
-0.980452
0.0544568
5.73186
1.51695
-0.874918
26.4555
-8.93891
12.9566
0.0831246
2.9683
1.85036
0.927328
0.0979382
7.34199
-2.02449
5.29599
2.58029
0.89591
1.93788
-0.0503861
-11.0908
-2.04649
-0.814354
0.824262
-0.278672
-0.249967
2.5515
0.461318
1.74443
3.16964
3.25588
2.46995
-2.30884
2.69899
-3.36719
4.37043
0.359845
-0.318661
-0.058951
-0.0241225
-0.136503
0.657768
0.481662
-0.211746
-2.42355
4.94126
0.472349
-0.777277
-0.470541
-2.71946
-0.617113
-1.76426
0.137398
-0.994817
1.95985
-0.143539
1.15835
3.729
1.75801
-0.346478
-1.23444
-0.310744
-0.352009
0.487567
1.16696
2.55331
2.78296
0.378402
1.63329
-0.0287709
-0.827648
-1.88941
16.3933
1.31822
0.532981
-0.371236
-1.24811
0.286755
0.651008
-0.429268
-3.5887
-0.0802118
18.9322
-0.624724
-0.304125
-0.458558
0.871281
-0.681469
-2.50171
0.56221
-0.635905
0.156926
2.35945
13.2498
7.12658
-0.203318
-0.821048
25.7224
-1.61776
0.0754873
-0.304294
-0.719226
-1.27246
0.809686
-12.1952
-0.178713
7.25286
0.103051
-7.68696
-1.13417
-0.698212
-12.6558
-0.287098
-0.0535327
-3.23166
-1.15788
-4.69569
0.318925
1.28995
-0.0177793
0.653603
-2.00064
0.376652
-0.175829
-1.14285
-0.237798
-0.0590334
-1.74113
0.0693931
10.8723
-0.683086
0.505633
2.91666
-1.2132
-3.48384
0.309045
0.916121
1.35559
-2.20608
0.789534
0.0470562
1.98667
-1.23999
-3.92963
-2.42679
0.0789619
-2.87799
-5.08753
-2.52653
-2.21567
-17.2057
-0.793305
0.226215
5.82723
-3.11507
0.584657
-2.00408
-0.729912
6.06157
0.246009
1.75278
-4.76592
0.0605849
-0.673698
-0.237816
-5.01315
2.10494
-5.40234
-0.702806
0.655856
17.4893
-4.21961
315.244
0.641103
0.435678
0.406986
2.05261
0.18431
2.01205
0.582961
1.47309
-0.288535
2.02667
-0.687915
10.9219
0.958034
1.56496
-0.707425
0.559772
-234.692
-6.15616
-1.4568
3.47955
-1.90724
-1.17244
-0.037451
-0.198809
-2.74692
0.319456
0.412053
-3.06944
-0.867354
3.02901
17.3548
1.81611
0.730124
1.03638
-33.195
1.06377
-0.334118
-0.879606
-4.14853
-0.675512
-1.36367
-8.18958
0.0816212
1.04103
-0.00520257
0.663298
0.543248
5.75338
0.515073
1.06881
-0.517424
0.420617
-1.25185
-0.0431738
6.28791
-0.975184
6.03734
0.782639
-6.34645
-9.31164
0.128723
8.96567
0.0271396
0.976083
2.59348
-0.478032
0.347962
0.484345
2.38159
-0.0801997
3.88482
0.186879
1.46322
0.196312
1.25494
-5.85719
0.471142
-5.30016
-1.11837
-0.952228
2.88163
-0.606097
-9.26834
1.47877
1.83694
-0.860248
0.0170613
0.681448
0.656728
-4.91007
1.73577
0.339208
9.09356
-0.511722
-93.9859
0.138982
1.94095
-19.7853
0.331271
0.115748
-0.771496
-0.234888
1.95844
-3.30639
-2.00361
-0.737109
-0.632568
-0.0858424
-1.15497
1.01637
-0.266632
2.39495
1.75643
0.0045875
0.492136
-1.69895
-0.394963
-1.02733
-0.161333
-0.295495
-0.424844
-0.315825
-0.037205
-6.05498
-0.374187
-0.44497
14.1204
-0.671614
-0.782615
-0.978575
0.628681
-1.28732
8.13501
3.21218
24.3962
0.231803
0.0284495
1.19744
-2.08472
-1.42297
-0.82702
-1.963
0.592777
-0.582141
-5.99304
-0.832005
-0.113481
-0.0169894
-0.553029
0.508622
-14.9963
-2.72165
1.89138
-0.0446477
1.22651
-0.0455709
-0.0515029
-14.6076
-0.434978
0.0362991
5.8559
2.37458
-6.61489
0.678099
-0.702322
-0.119217
-1.42417
1.68471
-5.11108
1.1458
-0.400911
0.959425
0.194053
-0.0144674
-1.21344
-0.235392
0.734035
0.205191
-4.55869
4.19764
1.5196
1.6068
-0.79662
3.58496
-4.8687
-0.684373
3.41508
0.751392
2.09761
3.22256
-1.24191
0.51074
0.56872
-0.0641786
-0.963647
-0.380285
-0.274152
-2.92147
0.281236
-10.2133
0.29586
-0.537528
1.85205
-0.266244
-0.0352632
1.69235
0.690394
14.565
-0.141552
-0.614201
0.0804752
-0.521065
-0.5865
0.262209
-0.376933
-0.561816
-2.4639
0.878598
-3.67722
2.84327
-0.297327
1.0151
1.36083
-0.494754
-1.1101
-0.740506
-1.37593
2.57518
-1.28204
0.867735
-0.238685
-0.819633
-0.15319
0.523435
-0.595848
-0.0224402
-0.874615
-3.02145
0.384087
0.787024
0.253758
-2.81957
0.0885414
-1.88928
3.44686
-1.41155
0.413896
-0.281649
-59.7808
0.385858
-42.7502
-2.33851
-0.36634
-11.072
-0.195643
-2.7138
1.20348
-1.67412
0.0540446
0.119618
0.0313314
-0.640926
-0.453396
0.48767
0.645448
-0.906166
22.3595
0.773896
-0.29816
0.123094
10.4895
0.715141
-0.0557983
0.143055
1.06043
-0.186013
-0.169987
11.3626
-0.437609
1.25329
0.554692
3.14904
1.06636
-0.224904
0.235656
20.3172
1.04246
0.720043
-0.22214
54.5852
-0.353594
0.438993
2.70759
-0.047953
-15.1473
0.581242
1.81328
-0.567487
3.00893
-2.12833
-2.47246
3.88234
0.473913
8.76399
2.15386
4.0405
-0.828829
-1.36317
-8.28332
-1.28101
-0.319725
-0.939588
2.53587
1.73659
-0.566538
0.676898
-1.73388
1.09188
-0.704827
-1.01254
2.53172
0.0588709
-0.853183
13.4602
0.251608
-1.7595
2.90518
-0.835468
3.01618
0.0245102
4.31728
-0.462869
-1.21246
2.38648
-2.781
5.65273
6.32757
1.23072
0.393797
-0.652072
0.269718
-0.487409
1.08165
3.056
-2.18571
0.0701059
-0.163583
1.74355
0.124438
8.21387
0.649206
0.523153
-0.320546
-0.442494
-0.255104
-1.64239
-0.204693
3.77961
1.48549
0.0658663
0.149979
-4.34521
-4.12994
-1.40872
-1.28271
5.02544
0.857611
-8.43992
0.617767
0.193956
2.79986
-2.73528
-1.0125
8.37382
2.20829
-0.352019
-0.308095
-0.329607
7.81897
0.82627
0.0170121
1.0984
-0.0695938
-0.0608495
-3.58953
-0.333443
-1.18256
0.255014
0.493283
-1.96207
-0.0543001
-14.8413
0.0204835
0.401376
-1.22973
40.8254
3.481
0.0218489
-1.79889
-1.22967
-2.26637
-1.44139
0.469175
0.0598913
-1.23651
127.066
-26.7629
-1.34782
38.4335
-0.943957
0.232721
0.585852
5.97974
0.0420445
-0.403971
5.62624
-0.507247
-0.0855453
0.62381
-15.8401
0.805271
-0.659813
-0.169704
0.0737912
-1.36693
13.662
-1.06192
-0.828572
0.600515
1.03736
0.665604
0.178618
0.155747
-0.67733
1.67924
3.41516
0.493371
-0.65252
-1.22447
-0.464386
-1.06447
-0.771908
5.09555
-0.487263
2.15303
-0.0435128
1.07945
-0.0296587
-0.138196
-0.409577
1.13439
1.78885
-9.15536
22.8045
-0.322881
-3.21838
-0.905816
1.69284
0.289233
-2.11468
1.32665
3.07766
-0.746554
7.20349
32.4527
-0.706243
-1.44238
-3.4196
-0.124496
-0.0681855
0.149907
-0.000171544
0.0894564
43.9493
-13.4465
2.52244
0.178681
-2.27019
38.7984
-45.0293
1.20174
-0.0998838
1.03868
-0.345852
0.494225
-5.87459
-0.467929
0.539332
0.209958
7.67087
-0.228018
6.20007
-0.718182
-7.91615
4.65626
0.727753
-2.4144
3.61092
76.1161
0.257148
4.33617
0.8978
0.198185
1.18793
-0.586686
-1.97732
0.70436
-2.74678
0.0878669
-5.84089
-0.664136
1.39544
5.46117
0.522482
3.88202
-0.355141
3.61687
1.77599
-0.828304
-0.915144
-0.257406
0.5224
0.228255
0.543866
0.597253
11.4072
27.389
-0.409311
-0.0438665
-0.607179
-0.970539
1.90873
-2.41544
4.95723
0.507436
-4.88634
-0.478829
0.46541
0.604686
-0.53536
1.19918
-0.408106
7.48974
-0.33812
-1.51276
-4.80728
-1.21849
0.425961
-0.206285
-0.248059
0.994156
-5.85182
-0.343301
-1.62204
-1.18251
0.107443
-0.105943
0.0654687
-0.593407
-1.14075
-0.00323786
1.43436
1.94473
0.94475
-1.27943
0.509696
-15.835
-1.25019
6.20733
25.1781
1.06892
0.941242
-0.30495
-1.32679
6.08066
5.17431
0.986594
-0.235986
2.0267
-0.682131
0.995514
1.44402
-0.188942
10.6099
-1.36181
1.96458
0.318161
-12.8492
0.218804
-2.29993
11.825
1.61335
-1.03156
-0.603261
-0.515414
-1.29739
-4.94261
-2.25022
0.631165
-0.564437
-7.84612
-0.900361
0.742687
0.0711572
-0.134661
-3.00475
-0.517412
8.0167
1.3561
-0.722049
0.0259201
0.581461
1.56484
0.50507
4.50531
1.93838
-0.0823088
-1.20804
-1.51375
-13.838
0.691791
-0.434749
0.822965
-4.71064
-50.6476
-1.48241
0.569168
-1.42497
-0.875911
-0.963659
1.22649
-2.33613
-0.198483
-1.42478
-7.80691
2.71164
1.34379
-0.429577
-1.30513
-4.66296
-26.1111
1.60396
0.889373
6.46477
-0.824565
-1.61286
0.329895
1.2413
-1.48751
0.217805
0.753348
-0.0733031
17.846
-0.103133
0.255902
-0.741533
-0.130158
-0.0818326
0.190356
12.1506
-0.100491
0.314951
-1.25594
-0.868008
-1.79172
0.378459
-8.99446
-0.344437
1.57324
0.0271323
2.91047
1.51862
1.1984
0.289874
-2.18812
0.0129911
-0.910324
1.49434
0.153483
-0.14703
-0.966142
3.319
0.610225
3.81432
-0.0440808
1.01224
0.477244
-0.94716
1.05951
-0.509276
-1.88955
-0.048716
0.0123771
-3.06154
-0.68298
-0.136343
0.660271
1.48292
0.862758
-0.931123
-2.37477
-0.458131
0.5073
-13.2461
-0.00167693
0.253588
0.135918
-0.436242
0.935377
9.40782
0.740958
0.12936
0.821727
-1.59981
0.776822
1.36458
-1.37881
-1.81683
-1.22411
-1.28399
0.524858
0.311529
-2.25728
0.646449
-175.909
0.335957
0.367577
-0.0335704
0.250059
-0.715859
-0.34813
0.189725
2.19975
0.311522
0.407978
-1.97097
-0.0839097
0.660934
9.20331
-1.31397
0.589324
-2.09502
0.816195
-2.06323
-2.42339
2.17343
-0.359613
-6.08334
-3.78484
0.327138
-0.79344
0.263171
-23.2752
-0.0190528
5.56872
0.2571
-4.7919
-1.08307
2.81861
0.254959
4.10044
-3.98011
-0.258307
0.222892
0.384994
-0.181811
0.599126
-0.0765322
0.221761
0.239477
0.044046
1.47957
0.845339
0.754993
-0.166119
-0.413984
1.43956
0.743357
-0.342165
3.72019
-0.699961
2.80013
4.83916
1.5248
-0.576387
-0.496937
-1.02278
-0.867425
0.0954681
-5.62536
0.520205
0.00877362
1.49827
1.50914
0.0705739
-0.771971
0.69873
-1.72952
0.235111
3.07368
1.27768
0.972042
-8.85698
0.00813516
0.202645
-1.00937
-0.126507
0.87845
1.14667
-4.69421
0.39631
1.4304
0.748265
1.9635
2.73668
-16.27
0.262464
2.69245
-0.26485
18.6646
-17.6632
-0.77685
3.34956
-0.816836
0.342252
-1.60905
0.235528
-0.973606
-6.5902
0.525956
0.693581
1.09223
0.894206
-1.42558
-2.12735
15.5653
-3.24344
0.27079
-3.22618
2.64569
0.540331
0.885909
-1.86737
7.4059
1.96569
0.336012
-0.526501
-0.230574
6.42627
3.756
1.58106
-0.222935
-6.02951
0.0560315
-1.4404
-0.702837
14.5695
-0.397412
0.368621
-0.522232
-0.397095
-3.99619
-6.76251
-2.60686
0.0743289
0.201575
-4.5453
1.74468
1.7883
-1.09616
1.03126
2.17356
1.71598
1.36583
-3.61652
5.64486
0.607404
1.44428
0.012866
-0.264275
-1.49348
-3.49634
0.243063
-0.00510916
-0.944508
-0.0706278
-1.93886
0.435971
1.18004
0.532197
-0.551887
0.241565
-1.76454
-3.1863
-0.17459
-2.33939
78.5177
2.21234
-0.840164
6.44606
-8.57389
0.467649
11.6333
0.240827
-0.038623
0.469043
0.0826581
-5.72547
-3.49768
6.79912
-1.87442
-1.33936
0.0495825
1.07044
-12.4999
-9.85222
-5.21915
-6.01637
0.971593
-0.360716
0.223189
-0.4197
1.80208
-1.23134
-7.53529
1.0089
1.24277
18.0467
-0.329765
0.954109
-1.23837
1.63973
-2.51976
0.145385
0.437126
-1.19226
-0.740683
2.56998
2.04938
0.220086
16.5828
5.93286
0.678727
1.55167
-17.2469
-0.421788
-1.33725
9.18476
-2.81413
-3.33916
-0.802913
-2.3491
1.08016
2.74115
-0.657806
0.248753
0.586172
-10.9553
-3.78082
0.807235
4.62259
-0.569952
0.0597551
-1.21264
-1.11141
-1.42509
0.714463
-0.903956
-141.524
-1.01975
0.599696
0.144187
-1.2938
-0.556603
-10.5331
-0.865867
1.5707
3.1743
0.177091
-0.364622
2.03245
-0.726367
0.0722896
-3.06102
5.68581
-6.25094
-1.03622
-0.413876
0.243787
1.15241
1.97172
-0.069112
0.346505
0.964504
0.789975
-0.263565
0.940769
-4.6096
-0.028625
0.270061
0.321851
-2.58319
-0.720068
0.183652
-0.917971
1.49042
0.352297
0.514508
0.986731
-1.17163
-4.43641
16.7238
-1.49531
-0.211725
0.566138
-0.195732
-14.4698
-1.96178
-2.45864
-10.2527
-0.544831
-0.894504
0.191694
-0.847509
0.649725
2.38425
-2.51259
-0.0422746
-2.46757
-0.93805
-2.04611
3.84996
-1.67154
-9.9378
-1.04239
1.71933
-1.72147
0.713163
1.09209
0.000513997
-0.584933
0.141383
-3.14329
-2.78462
-0.693727
-4.35636
-1.26609
0.114791
-4.84157
1.35989
-0.155774
3.60384
0.306429
-1.12342
0.199071
-1.15353
-5.05537
8.74852
2.03755
6.76217
0.139912
-1.50695
0.356542
-2.3129
3.47577
-10.2783
99.8698
7.25435
-1.25296
-6.25225
-3.06338
0.0317303
2.58213
6.82641
0.292539
-2.72287
-0.163288
-1.49443
3.67104
-2.01484
-0.198495
-15.7364
2.94454
-0.415034
6.46294
-11.5971
0.0126765
0.231224
0.274074
-0.710309
-0.0778337
14.2971
1.02526
0.178216
-0.652375
1.97946
-2.64065
-1.25086
-0.154211
-10.1329
4.71766
0.336693
-2.57946
-0.477112
0.287633
-1.31199
0.444221
-51.231
0.808847
0.326171
-0.334281
-9.94632
0.492694
1.01338
-0.526189
0.467894
0.462067
-1.69098
8.38048
-0.528314
0.644321
0.923374
-0.0423988
1.25149
-0.31259
0.314304
0.532289
0.0568213
1.72555
0.25807
0.733434
0.494477
-9.48971
0.727583
1.46363
-3.27968
-1.41731
0.244842
-2.04661
-0.052171
-0.169825
0.0872721
3.98691
-6.64394
2.96922
-1.95805
1.9722
0.369049
-0.574399
-0.105827
0.307854
-14.1918
1.4472
12.7145
0.345799
-5.18931
1.96763
0.446753
0.441416
-13.6193
-0.4816
0.57311
-1.96718
-2.0672
-2.72356
0.715038
0.573964
1.01179
-0.489845
-0.93379
0.261213
0.340378
0.597352
5.00441
2.25738
0.430692
0.258709
1.46085
-0.610603
1.7245
0.219087
0.130722
0.351516
-8.95945
-0.0870908
0.495062
0.16898
0.812915
0.124343
-0.384887
0.0216455
-1.06421
-0.176863
-0.379928
0.629891
0.339788
-1.52254
-0.625571
0.537915
4.17539
0.815282
2.09778
-2.23023
0.0153665
0.0372127
1.30703
-1.17804
-0.449735
0.058139
1.09303
-0.441038
1.77936
0.247276
-0.963312
8.98885
-0.168718
-0.060782
1.64849
-2.95532
-0.428455
0.828524
-0.775753
0.060752
-1.66214
0.60054
2.92309
-0.463383
-0.401851
3.25992
7.86242
5.5499
-0.202448
0.239811
-0.289004
14.9817
2.25035
0.781866
0.637078
-1.78862
0.369512
-3.5694
-2.21259
-4.02332
-0.328853
-0.743919
-6.86378
-0.107435
-29.4238
-1.66726
2.89637
-1.46905
-0.584041
-0.491989
-0.0313929
-1.61396
-0.0651003
2.48559
1.09237
14.3699
-2.89075
2.242
-0.4653
-1.95721
0.0743187
-0.0757396
0.408332
3.267
-2.61509
-0.525608
-1.24912
2.32615
-0.045797
71.2062
1.24014
1.49724
-0.201187
0.705647
0.217133
0.0664923
-17.7992
-0.441231
-1.3167
1.5052
0.30572
-0.268831
2.33071
-4.01397
-0.86011
-1.20607
1.29919
-0.0260445
1.20254
-5.08652
1.69765
1.81665
-2.70759
-1.0606
-2.74644
-0.370575
0.84845
-0.257097
-1.9359
2.71055
-0.000720468
46.3068
1.98573
-0.445586
9.3455
0.299883
0.440634
0.615257
-0.822963
1.81816
-4.06677
0.561571
6.45354
-2.91351
2.19234
0.639265
0.0495206
3.79101
0.0990321
-0.448927
-12.6995
0.495803
0.334898
0.513515
0.388879
-2.59011
-19.3216
0.079759
0.855554
0.589535
3.99053
-2.11863
-0.215755
-0.737253
-0.355608
0.107962
-15613.7
-0.317321
0.705948
-0.129203
-5.78971
0.719844
-0.882271
-0.223759
-7.75335
-0.221534
0.788796
3.36302
0.99673
-79.5147
8.62166
1.29244
-2.22
-0.917294
2.9592
-37.2377
-0.243145
3.88534
-0.30358
2.28165
1.49794
-1.52402
0.0327117
0.371414
-3.11094
1.29783
0.363027
0.250169
0.906815
0.374993
-1.53558
2.69678
-1.0919
-0.227263
1.20946
1.60721
-1.77285
-2.11325
0.810494
-1.68935
-5.00007
-0.129397
1.16487
-0.0368553
0.410946
0.533274
-26.4526
-0.725589
0.13674
-0.978406
-4.35492
1.96454
-43.8277
-0.829441
-0.795602
1.37089
0.756406
3.25092
-6.76273
0.109641
11.1607
0.615269
-1.05075
1.14584
0.368573
0.185447
1.19339
-3.6654
-0.382302
0.506871
4.04402
-6.42418
-4.25741
-0.584749
-0.254501
-0.327475
-0.181259
-3.31259
-0.88928
-0.156307
0.0627217
-0.269724
-10.9212
0.0536296
-0.889935
-0.309708
-0.858504
0.832571
-3.57103
-0.496166
0.863866
1.21754
-0.121067
104.614
-0.784219
-0.130239
5.93312
-2.76439
0.287425
0.888972
-0.0934162
-0.589672
0.507406
-0.935576
-0.892924
1.10465
-1.39479
-2.49992
0.709223
0.102389
0.819119
-11.7693
0.421942
0.316991
-0.978104
-0.691672
1.73277
1.63364
-0.0249566
0.906077
0.0769935
-0.203713
-0.59196
0.941028
8.26353
2.82202
0.57887
1.026
1.5393
0.335447
-5.94687
-1.06137
11.5752
-0.428494
0.162319
0.358361
-1.44093
-0.683162
0.733499
-0.760161
0.66088
-1.46147
-1.25983
16.637
48.4593
2.73204
-1.22964
0.356996
0.0622108
-2.35998
1.81342
-0.739591
0.300146
1.34355
-0.672139
-2.55327
-0.682533
-1.09204
24.4099
0.778294
-0.951643
-0.0698309
0.353051
2.10466
-1.10183
-1.28489
21.8243
0.944744
-0.186169
2.38456
-0.409942
3.60889
2.97131
0.110102
11.9788
0.25452
0.308857
-1.0041
4.833
-9.49631
0.513604
63.2539
0.118877
0.466127
0.214431
0.199997
-0.404226
-2.67607
0.725394
1.40642
1.54903
-0.637406
-0.783853
-1.22554
0.0703139
3.62724
5.08874
0.432441
0.0553752
-0.271744
3.41546
-0.78694
0.463347
-1.4311
2.02724
0.830976
2.95521
-12.5613
9.20504
0.795755
4.29231
-7.77285
-0.740146
0.332382
97.7885
0.514818
-1.63075
-0.51331
-0.0778972
-0.392301
1.61796
-8.38781
2.05549
3.66608
2.6573
-0.576163
1.89906
-0.178208
1.391
57.4786
-22.983
24.76
0.0596949
-36.3258
2.03586
-0.642597
-0.671825
0.149307
-0.238743
-0.00509765
-0.224374
-0.907148
2.74578
-0.0364945
1.13416
-0.207781
-0.636243
1.24422
-0.469693
13.5324
1.08656
-5.21789
0.0230549
-0.33692
-2.36516
0.870235
-2.40841
-1.95462
-0.568866
-3.58386
-1.55766
-2.90771
1.75518
-1.25235
-3.62969
1.3442
1.13703
0.118633
0.453526
-0.0308212
-0.0614199
0.246628
-0.67624
-1.06477
0.320236
-1.47625
0.698456
0.354998
0.223768
-0.170096
1.14633
0.989914
-0.39864
4.58717
-0.20839
0.479822
-1.58249
1.4763
-0.993888
0.410393
-0.0995997
-1.9559
-1.40683
-0.234742
0.664416
-1.95528
-2.80632
3.50947
-0.454215
-0.589646
0.404167
1.31245
1.22774
0.472576
1.13602
0.200245
-0.122105
-6.34489
-0.351207
1.86148
1.51948
-0.073819
-1.34588
-0.962558
-0.468827
-0.701488
-0.0317627
-1.03152
-1.3971
19.2457
-0.162894
-0.218407
-5.76422
-0.548208
-0.500405
-1.12635
-1.09079
0.915743
-8.81406
-0.663308
0.436362
3.12713
-0.71384
-0.67694
-0.556669
-0.138403
0.410534
-3.35811
-1.7931
0.724584
13.6191
0.159643
3.13998
0.478437
1.57579
1.4645
-0.708211
-1.4165
0.128778
1.23626
-1.08906
-1.95907
-0.0139201
1.11142
11.3346
-0.164667
-9.77102
2.1984
-1.65775
-0.225357
-0.662998
-1.8105
4.91068
0.177757
9.47918
-0.49242
-2.36703
1.18134
0.296227
0.238068
-1.04361
0.19845
4.99766
1.69348
1.41989
1.169
-0.15295
0.25567
-3.31655
0.647246
-0.14374
1.1398
-0.237381
0.550726
0.598375
2.18075
-2.31214
-0.262151
-0.262624
0.62889
-5.25567
0.341139
-1.6039
-1.96061
1.29631
0.33399
-0.830574
0.174434
-0.720726
-1.05155
-0.528864
1.10598
-5.38642
479.106
2.22205
-0.44569
1.30024
-0.318155
-1.58118
2.73777
0.235915
2.36763
0.143496
-0.571776
-0.0022828
-7.17684
1.09443
-3.25634
-9.15592
0.727169
-9.65342
-0.0946747
-3.7652
0.508486
-0.624299
10.1797
-0.446028
-3.74698
1.01372
0.757139
0.655984
-0.310536
5.54228
-1.57279
2.42734
0.193366
-0.675984
0.589276
-0.267765
-1.74118
-0.348844
2.42515
0.312602
-2.72694
1.75981
0.644164
-0.505591
-1.82778
0.65654
-3.82893
-1.19383
0.17245
5.38973
-0.382787
0.136733
0.354144
0.0134241
-1.15599
2.25258
-1.49034
-0.099347
15.7565
-0.806587
3.21175
18.1029
-0.608047
-4.01282
-0.301947
-0.0334524
-28.779
-0.403127
-1.62346
-13.0205
3.84163
-1.10223
-1.88177
-0.939248
-0.482386
-0.953477
-10.8143
2.46089
-5.10926
-1.8439
1.35154
0.0403002
0.319257
-4.07754
0.20536
-2.25307
2.31315
-0.780506
2.86799
0.681336
2.12789
-0.864053
-2.17805
1.45935
0.854605
7.36947
1.3592
1.49249
0.313395
-16.9164
-1.94251
0.893017
1.36232
1.03148
1.17076
-276.078
-5.25182
0.448689
1.90751
0.255673
4.4149
0.153849
-0.67298
-1.50004
2.17873
-15.2579
-1.69093
6.50547
0.125567
3.94633
2.66754
0.210402
-1.43404
-0.572162
-0.625185
-0.014501
-4.20755
-12.8256
0.586285
0.0803187
0.521638
1.34994
-0.817621
3.52863
-3.2505
8.96728
0.286686
-0.370718
1.39569
-0.0545668
1.02946
0.444284
0.992346
1.4535
-0.919119
41.3813
-1.36118
2.59341
-0.51516
-0.0796709
-0.703472
-2.57574
1.08466
1.27804
-0.251635
0.078775
-11.3055
1.71005
-5.16724
1.79439
-2.7278
1.85807
3.53612
-0.234138
-1.90815
0.536675
0.723626
-0.475506
0.205285
8.32559
0.147725
1.37469
-0.0124515
4.33268
-2.00795
2.28956
-3.61944
-0.807296
2.50758
0.740067
-1.31581
0.0688577
0.167627
6.58978
5.26253
0.484863
-0.930583
-2.56663
-3.07206
-0.126936
-2.81535
0.809622
-15.2177
-0.254312
-0.0067668
-0.985894
-0.596193
-3.9618
-2.12723
-0.475992
-0.0653579
0.104264
3.21584
0.00779384
1.3542
0.68337
1.40264
-0.917759
-0.44313
-36.4195
-0.936668
2.07363
0.160447
1.26248
-2.42505
65.4257
6.46988
