-7.82836
-7.75061
-7.61711
-7.45234
-7.25468
-7.03355
-6.80387
-6.58576
-6.40337
-6.27714
-6.21213
-6.20956
-6.2542
-6.32892
-6.41568
-6.50007
-6.57165
-6.62219
-6.64999
-6.65637
-6.64501
-6.62116
-6.59347
-6.56959
-6.55396
-6.55324
-6.56717
-6.59449
-6.63312
-6.67805
-6.72315
-6.76739
-6.80506
-6.83169
-6.85132
-6.86425
-6.87023
-6.87809
-6.88197
-6.88912
-6.89066
-6.89278
-6.89152
-6.88991
-6.88128
-6.86371
-6.84315
-6.814
-6.77937
-6.7455
-6.71266
-6.68803
-6.6712
-6.66564
-6.67088
-6.68321
-6.70205
-6.71916
-6.73227
-6.74123
-6.74676
-6.7493
-6.74996
-6.74709
-6.74313
-6.73203
-6.72815
-6.72389
-6.7208
-6.72254
-6.72787
-6.73748
-6.75271
-6.77309
-6.7981
-6.82657
-6.85256
-6.87481
-6.88848
-6.89257
-6.88723
-6.87395
-6.85321
-6.83079
-6.80675
-6.78485
-6.76633
-6.75282
-6.74439
-6.74278
-6.74241
-6.74366
-6.74808
-6.74898
-6.74253
-6.73228
-6.71596
-6.69883
-6.68398
-6.67038
-6.6622
-6.66208
-6.66896
-6.68063
-6.69333
-6.70897
-6.72259
-6.73646
-6.75027
-6.76558
-6.78363
-6.80324
-6.82182
-6.83588
-6.84832
-6.85254
-6.85146
-6.84308
-6.83223
-6.81627
-6.79672
-6.78012
-6.76281
-6.74624
-6.73676
-6.73104
-6.73059
-6.73263
-6.73826
-6.7452
-6.75637
-6.76774
-6.77729
-6.7833
-6.78343
-6.77588
-6.76383
-6.74865
-6.73174
-6.71837
-6.71102
-6.71014
-6.71747
-6.72593
-6.7368
-6.74392
-6.74734
-6.74386
-6.73224
-6.71573
-6.69909
-6.68713
-6.68093
-6.68016
-6.68099
-6.69043
-6.70066
-6.71284
-6.7266
-6.74146
-6.75746
-6.77721
-6.79721
-6.81709
-6.83259
-6.84679
-6.8573
-6.86514
-6.86945
-6.87333
-6.87436
-6.87166
-6.86545
-6.85474
-6.84276
-6.82912
-6.81593
-6.8086
-6.80139
-6.79789
-6.79027
-6.78342
-6.77412
-6.76136
-6.74131
-6.7168
-6.68893
-6.66063
-6.63524
-6.61416
-6.5994
-6.59351
-6.59721
-6.60655
-6.62381
-6.64605
-6.66465
-6.69
-6.71957
-6.75143
-6.78738
-6.81881
-6.84868
-6.87469
-6.89515
-6.90704
-6.91087
-6.9093
-6.89815
-6.88383
-6.86587
-6.84517
-6.82785
-6.81141
-6.79631
-6.78061
-6.76367
-6.74586
-6.73135
-6.7137
-6.69912
-6.69037
-6.68414
-6.68539
-6.68942
-6.69752
-6.71077
-6.72464
-6.73908
-6.75293
-6.76569
-6.77907
-6.79009
-6.79626
-6.8046
-6.81137
-6.81515
-6.81494
-6.81266
-6.81244
-6.81204
-6.81156
-6.81213
-6.81247
-6.81486
-6.8177
-6.81825
-6.81179
-6.80393
-6.78961
-6.77461
-6.75788
-6.73815
-6.72006
-6.69787
-6.68052
-6.66443
-6.65125
-6.63884
-6.63376
-6.63443
-6.64215
-6.65664
-6.68034
-6.70994
-6.74484
-6.7806
-6.81137
-6.83734
-6.85596
-6.86445
-6.86703
-6.86601
-6.85569
-6.84407
-6.83164
-6.82032
-6.81275
-6.8058
-6.79818
-6.79458
-6.78725
-6.78203
-6.77285
-6.76089
-6.74827
-6.73739
-6.7327
-6.73379
-6.74278
-6.75604
-6.77189
-6.79211
-6.80919
-6.82242
-6.83161
-6.83282
-6.82633
-6.81464
-6.79442
-6.77054
-6.73898
-6.70889
-6.67887
-6.65732
-6.64808
-6.64894
-6.65857
-6.67762
-6.69783
-6.71494
-6.72834
-6.73605
-6.73476
-6.72987
-6.72231
-6.71934
-6.72065
-6.72918
-6.74168
-6.75952
-6.77768
-6.79898
-6.81822
-6.83802
-6.85473
-6.86797
-6.88112
-6.88711
-6.88902
-6.883
-6.87167
-6.85355
-6.82855
-6.79936
-6.76554
-6.73194
-6.70029
-6.67128
-6.64919
-6.63357
-6.63028
-6.6361
-6.65155
-6.6711
-6.69222
-6.71336
-6.73368
-6.75216
-6.76727
-6.77815
-6.78854
-6.79208
-6.78998
-6.78416
-6.77048
-6.75639
-6.74422
-6.73552
-6.73198
-6.73436
-6.74173
-6.75139
-6.76342
-6.77566
-6.78238
-6.78847
-6.79151
-6.78972
-6.78196
-6.77354
-6.7598
-6.75
-6.74251
-6.73643
-6.7365
-6.74139
-6.74887
-6.75556
-6.75906
-6.76096
-6.75831
-6.7575
-6.75556
-6.7588
-6.76695
-6.78264
-6.799
-6.81452
-6.83121
-6.8429
-6.84948
-6.84854
-6.83677
-6.81651
-6.79173
-6.76382
-6.73747
-6.71843
-6.70321
-6.6978
-6.70046
-6.70784
-6.71967
-6.7307
-6.74082
-6.75285
-6.76316
-6.77119
-6.77317
-6.7751
-6.76846
-6.75777
-6.74127
-6.72117
-6.7006
-6.68558
-6.68039
-6.68853
-6.70844
-6.73598
-6.7668
-6.7935
-6.81506
-6.82378
-6.82301
-6.81445
-6.80183
-6.78905
-6.77809
-6.77339
-6.76749
-6.76834
-6.76984
-6.76834
-6.76462
-6.75706
-6.74787
-6.74204
-6.7421
-6.74942
-6.7611
-6.77477
-6.79055
-6.80173
-6.8064
-6.80813
-6.80244
-6.7921
-6.77769
-6.75924
-6.73872
-6.71849
-6.70376
-6.69341
-6.68756
-6.68672
-6.69007
-6.69528
-6.70295
-6.71495
-6.72859
-6.74731
-6.77084
-6.7944
-6.81707
-6.83343
-6.84568
-6.8499
-6.84606
-6.83457
-6.82008
-6.7977
-6.77311
-6.74786
-6.72693
-6.71112
-6.70109
-6.69702
-6.70112
-6.70871
-6.72332
-6.74084
-6.75856
-6.77526
-6.79278
-6.80921
-6.82325
-6.83323
-6.83641
-6.83388
-6.82486
-6.81094
-6.79799
-6.78156
-6.76664
-6.7526
-6.73826
-6.72772
-6.71963
-6.71852
-6.72299
-6.73114
-6.74063
-6.7474
-6.75281
-6.75131
-6.746
-6.73352
-6.71749
-6.70278
-6.68849
-6.683
-6.68552
-6.69796
-6.71766
-6.74102
-6.76849
-6.7918
-6.81089
-6.82212
-6.82733
-6.82143
-6.81192
-6.79711
-6.77994
-6.75966
-6.74394
-6.73317
-6.72476
-6.72008
-6.71768
-6.71853
-6.71934
-6.72174
-6.72567
-6.73097
-6.73556
-6.73674
-6.74167
-6.74648
-6.75099
-6.75078
-6.75268
-6.74785
-6.7431
-6.73576
-6.7286
-6.72096
-6.71456
-6.70937
-6.70414
-6.70342
-6.70316
-6.70699
-6.71168
-6.72125
-6.73074
-6.74715
-6.76867
-6.79538
-6.82106
-6.84332
-6.86007
-6.86986
-6.87376
-6.87056
-6.86096
-6.8498
-6.83497
-6.82371
-6.81628
-6.81088
-6.80705
-6.80095
-6.79372
-6.78207
-6.77071
-6.76088
-6.75151
-6.74362
-6.73562
-6.72938
-6.72386
-6.71902
-6.71578
-6.71353
-6.70933
-6.70959
-6.71422
-6.72216
-6.73184
-6.74699
-6.76482
-6.78049
-6.79501
-6.80691
-6.81452
-6.81717
-6.81168
-6.80269
-6.79118
-6.77611
-6.75807
-6.74316
-6.73162
-6.72469
-6.72035
-6.72166
-6.72362
-6.73215
-6.74035
-6.74587
-6.75491
-6.76038
-6.76445
-6.76701
-6.76661
-6.76525
-6.7595
-6.75257
-6.74364
-6.73318
-6.7233
-6.71215
-6.70615
-6.7003
-6.69837
-6.69941
-6.70644
-6.71706
-6.7287
-6.73945
-6.7505
-6.76248
-6.77377
-6.78265
-6.78858
-6.79241
-6.7911
-6.78504
-6.77175
-6.7543
-6.73931
-6.72911
-6.72671
-6.73986
-6.76397
-6.79365
-6.82796
-6.8615
-6.89181
-6.9146
-6.92848
-6.928
-6.91659
-6.89179
-6.85591
-6.8132
-6.76655
-6.7208
-6.67461
-6.63574
-6.60927
-6.59306
-6.59101
-6.59927
-6.61368
-6.63303
-6.65646
-6.67896
-6.70301
-6.72566
-6.74948
-6.77392
-6.79682
-6.81917
-6.83822
-6.85477
-6.86625
-6.87506
-6.87807
-6.87561
-6.8698
-6.86258
-6.85073
-6.8396
-6.82658
-6.81405
-6.79609
-6.77705
-6.76019
-6.73635
-6.71011
-6.6868
-6.66425
-6.64416
-6.63159
-6.62669
-6.63329
-6.6481
-6.67128
-6.70199
-6.73251
-6.76977
-6.80589
-6.83967
-6.86955
-6.89668
-6.91612
-6.92543
-6.9266
-6.91977
-6.90069
-6.87673
-6.84759
-6.81543
-6.78528
-6.76116
-6.74273
-6.73612
-6.73478
-6.74073
-6.75454
-6.77068
-6.78766
-6.79768
-6.79921
-6.79576
-6.78208
-6.76253
-6.7387
-6.71592
-6.69978
-6.68812
-6.68045
-6.68113
-6.69026
-6.70463
-6.721
-6.739
-6.75367
-6.76801
-6.77499
-6.77391
-6.76543
-6.75139
-6.73065
-6.71444
-6.70717
-6.7072
-6.72033
-6.74088
-6.76655
-6.79017
-6.81225
-6.83252
-6.84503
-6.85048
-6.85051
-6.84787
-6.84047
-6.83148
-6.82455
-6.81732
-6.812
-6.81465
-6.81496
-6.80987
-6.80301
-6.79065
-6.77317
-6.75342
-6.73248
-6.71817
-6.7064
-6.69911
-6.69942
-6.69784
-6.69806
-6.69867
-6.70199
-6.69952
-6.69811
-6.69875
-6.70312
-6.70739
-6.71497
-6.72987
-6.74361
-6.75833
-6.77147
-6.7836
-6.79205
-6.80283
-6.81244
-6.8213
-6.82806
-6.83149
-6.82942
-6.82236
-6.81314
-6.80337
-6.79338
-6.78513
-6.78227
-6.77736
-6.77214
-6.76736
-6.76057
-6.75087
-6.74132
-6.72924
-6.71488
-6.70338
-6.69746
-6.69478
-6.69894
-6.70703
-6.72077
-6.73681
-6.75247
-6.76707
-6.77954
-6.78994
-6.80152
-6.80949
-6.816
-6.81846
-6.82164
-6.81893
-6.80995
-6.79413
-6.77244
-6.75115
-6.73028
-6.71464
-6.70654
-6.70767
-6.71562
-6.73016
-6.74586
-6.75837
-6.76502
-6.76116
-6.75288
-6.74291
-6.73702
-6.73779
-6.74751
-6.76129
-6.77445
-6.78467
-6.79436
-6.80086
-6.8073
-6.81079
-6.80907
-6.80396
-6.79504
-6.78141
-6.76645
-6.75325
-6.74269
-6.74097
-6.74078
-6.74548
-6.75284
-6.75857
-6.76176
-6.76376
-6.76437
-6.76312
-6.76312
-6.76542
-6.77005
-6.77867
-6.79399
-6.80598
-6.81623
-6.81739
-6.81141
-6.80052
-6.78208
-6.75964
-6.73457
-6.7133
-6.69376
-6.68014
-6.67192
-6.67086
-6.67133
-6.67517
-6.68493
-6.70143
-6.72722
-6.75539
-6.78507
-6.80919
-6.82765
-6.83353
-6.82942
-6.82038
-6.80863
-6.80239
-6.79994
-6.79858
-6.80199
-6.80792
-6.81281
-6.81464
-6.81616
-6.81832
-6.82019
-6.81984
-6.82061
-6.82068
-6.81941
-6.815
-6.81004
-6.80238
-6.79198
-6.77587
-6.75702
-6.73532
-6.71257
-6.69268
-6.67702
-6.67052
-6.66828
-6.66839
-6.66856
-6.66519
-6.66203
-6.65781
-6.65725
-6.66255
-6.67711
-6.69858
-6.72664
-6.76164
-6.79472
-6.82565
-6.84853
-6.86025
-6.85999
-6.84784
-6.82769
-6.80039
-6.77151
-6.74226
-6.71539
-6.69476
-6.68113
-6.67365
-6.67843
-6.6856
-6.70277
-6.72686
-6.7536
-6.78351
-6.80854
-6.82931
-6.84619
-6.85314
-6.85317
-6.84013
-6.81804
-6.78846
-6.7565
-6.72265
-6.69258
-6.67084
-6.65879
-6.65353
-6.65907
-6.67409
-6.69391
-6.7208
-6.75326
-6.78516
-6.81308
-6.83885
-6.8536
-6.85858
-6.85581
-6.84557
-6.83531
-6.82139
-6.81161
-6.80364
-6.79902
-6.79953
-6.80117
-6.80556
-6.80372
-6.80246
-6.79695
-6.78813
-6.77939
-6.7308
-6.62023
-6.45575
-6.25041
-6.02396
-5.80536
-5.60874
-5.45319
-5.34868
-5.30201
-5.30367
-5.33122
-5.3639
-5.38537
-5.3925
-5.38972
-5.38718
-5.39312
-5.41813
-5.46707
-5.52904
-5.58871
-5.63521
-5.6663
-5.67829
-5.68195
-5.68512
-5.69085
-5.69708
-5.69847
-5.6902
-5.67097
-5.64352
-5.62152
-5.6137
-5.63374
-5.67564
-5.72974
-5.78424
-5.82725
-5.84511
-5.83963
-5.81155
-5.76567
-5.70939
-5.64761
-5.59039
-5.5469
-5.5203
-5.51471
-5.52441
-5.54377
-5.56091
-5.57318
-5.59064
-5.622
-5.66694
-5.71374
-5.75131
-5.76864
-5.76851
-5.75375
-5.72898
-5.69817
-5.6667
-5.64284
-5.63361
-5.63798
-5.65783
-5.68982
-5.72363
-5.74997
-5.75823
-5.7506
-5.73013
-5.69654
-5.6656
-5.63993
-5.63177
-5.64535
-5.68636
-5.74734
-5.818
-5.88609
-5.93728
-5.96657
-5.9698
-5.94926
-5.89874
-5.82917
-5.74224
-5.65026
-5.56391
-5.5002
-5.47067
-5.47803
-5.52448
-5.59007
-5.65661
-5.70623
-5.72975
-5.72073
-5.68749
-5.63667
-5.58504
-5.53917
-5.50805
-5.49747
-5.51252
-5.54264
-5.5758
-5.60625
-5.62305
-5.62753
-5.62315
-5.61789
-5.6137
-5.61596
-5.62758
-5.64925
-5.67971
-5.71722
-5.7552
-5.79346
-5.82767
-5.8533
-5.87121
-5.88001
-5.87847
-5.87387
-5.86167
-5.84555
-5.82378
-5.79442
-5.76047
-5.72483
-5.69351
-5.67107
-5.66479
-5.675
-5.70189
-5.73067
-5.76004
-5.78128
-5.79154
-5.78844
-5.76958
-5.74227
-5.71017
-5.68339
-5.66587
-5.66184
-5.66586
-5.67232
-5.68184
-5.68942
-5.70245
-5.71782
-5.73006
-5.73726
-5.74085
-5.74139
-5.74115
-5.73585
-5.72771
-5.70588
-5.66843
-5.61928
-5.5652
-5.51
-5.45741
-5.4203
-5.39694
-5.39375
-5.41618
-5.46517
-5.53231
-5.61493
-5.70471
-5.79454
-5.87271
-5.93962
-5.98449
-6.00471
-6.00315
-5.97519
-5.92446
-5.85664
-5.77727
-5.70088
-5.6468
-5.62378
-5.63452
-5.67166
-5.71867
-5.75566
-5.77232
-5.76838
-5.76132
-5.75726
-5.7595
-5.75842
-5.73873
-5.69489
-5.63502
-5.57107
-5.52049
-5.50068
-5.51074
-5.5464
-5.59356
-5.63709
-5.67375
-5.70571
-5.7406
-5.78154
-5.8261
-5.86372
-5.88836
-5.89766
-5.89858
-5.89227
-5.88126
-5.86528
-5.83929
-5.80906
-5.77042
-5.72346
-5.67677
-5.64053
-5.62144
-5.62316
-5.64396
-5.67016
-5.68978
-5.68905
-5.66572
-5.62126
-5.57216
-5.52999
-5.50627
-5.50334
-5.51282
-5.53708
-5.56711
-5.59851
-5.62422
-5.65323
-5.67909
-5.70418
-5.73007
-5.75784
-5.78709
-5.80982
-5.82658
-5.82275
-5.79947
-5.75927
-5.71362
-5.67196
-5.63746
-5.61089
-5.59433
-5.58166
-5.57615
-5.58141
-5.5942
-5.61283
-5.63647
-5.6566
-5.67566
-5.69476
-5.71779
-5.74793
-5.78114
-5.80138
-5.79556
-5.7659
-5.71621
-5.66895
-5.63703
-5.62681
-5.63829
-5.65844
-5.67355
-5.67752
-5.67053
-5.65099
-5.62034
-5.59021
-5.57094
-5.57247
-5.59856
-5.63123
-5.65927
-5.6799
-5.68441
-5.68143
-5.66972
-5.66096
-5.66182
-5.67125
-5.67781
-5.67603
-5.66817
-5.65909
-5.65139
-5.65372
-5.66669
-5.68723
-5.70838
-5.72674
-5.73932
-5.75062
-5.75789
-5.76438
-5.77062
-5.77879
-5.7949
-5.82529
-5.86055
-5.89154
-5.9031
-5.89398
-5.85605
-5.79698
-5.72302
-5.64429
-5.56512
-5.49643
-5.4503
-5.4309
-5.43934
-5.47664
-5.53171
-5.60149
-5.6757
-5.75155
-5.82427
-5.88797
-5.93427
-5.95441
-5.94883
-5.92431
-5.89187
-5.85801
-5.82864
-5.80331
-5.7829
-5.76722
-5.75212
-5.73629
-5.70983
-5.67025
-5.61624
-5.56349
-5.53814
-5.55944
-5.61657
-5.68143
-5.73385
-5.75831
-5.75715
-5.72876
-5.68473
-5.62644
-5.57337
-5.53173
-5.50522
-5.49257
-5.49642
-5.52008
-5.56755
-5.62892
-5.69451
-5.75849
-5.8055
-5.83603
-5.84684
-5.8377
-5.80547
-5.7581
-5.70371
-5.65182
-5.61347
-5.59774
-5.60199
-5.6215
-5.64675
-5.66608
-5.66296
-5.64014
-5.60636
-5.5827
-5.57578
-5.59129
-5.62226
-5.65406
-5.68508
-5.70962
-5.72298
-5.72155
-5.70532
-5.67469
-5.64701
-5.63052
-5.63451
-5.66345
-5.70839
-5.75882
-5.81216
-5.85171
-5.87164
-5.87032
-5.84646
-5.80927
-5.7574
-5.69643
-5.64138
-5.60546
-5.59371
-5.60497
-5.63507
-5.66977
-5.69605
-5.70637
-5.70083
-5.68451
-5.65552
-5.62036
-5.58484
-5.57491
-5.59532
-5.64198
-5.69371
-5.73623
-5.75573
-5.76006
-5.74717
-5.72692
-5.7065
-5.69662
-5.69938
-5.7113
-5.72987
-5.73937
-5.73184
-5.70112
-5.65064
-5.59905
-5.55384
-5.53374
-5.53388
-5.5538
-5.57717
-5.60211
-5.62511
-5.64518
-5.66073
-5.66759
-5.67448
-5.68533
-5.70708
-5.73216
-5.74829
-5.75476
-5.7472
-5.72407
-5.68367
-5.62743
-5.58384
-5.58775
-5.6508
-5.73423
-5.80577
-5.85656
-5.89236
-5.9192
-5.94526
-5.96927
-5.98584
-5.987
-5.96453
-5.91387
-5.83987
-5.75131
-5.66361
-5.59278
-5.5507
-5.54022
-5.55657
-5.58191
-5.60444
-5.61817
-5.62274
-5.61624
-5.60908
-5.60533
-5.61298
-5.63456
-5.66832
-5.71386
-5.75979
-5.80428
-5.84607
-5.87514
-5.88225
-5.86771
-5.83053
-5.77847
-5.7168
-5.65048
-5.59035
-5.54719
-5.5228
-5.52635
-5.54644
-5.57345
-5.59247
-5.59827
-5.59226
-5.58329
-5.57413
-5.57075
-5.56782
-5.57019
-5.58058
-5.59488
-5.61687
-5.64127
-5.66254
-5.67777
-5.68503
-5.69055
-5.69839
-5.71262
-5.73479
-5.75609
-5.77454
-5.78561
-5.77979
-5.76444
-5.74537
-5.72894
-5.72284
-5.72713
-5.73519
-5.74217
-5.74752
-5.74755
-5.74232
-5.7316
-5.72013
-5.71947
-5.73528
-5.7628
-5.79876
-5.83114
-5.85604
-5.875
-5.88332
-5.8826
-5.87469
-5.86036
-5.83733
-5.80909
-5.7746
-5.73591
-5.69323
-5.65449
-5.62033
-5.59826
-5.59234
-5.59823
-5.59996
-5.58996
-5.56258
-5.52052
-5.47057
-5.41728
-5.36845
-5.33343
-5.31347
-5.31733
-5.34014
-5.38084
-5.42992
-5.47957
-5.52543
-5.56835
-5.60458
-5.63898
-5.67172
-5.70119
-5.72871
-5.74997
-5.76359
-5.77801
-5.79146
-5.7957
-5.79049
-5.77927
-5.76542
-5.75602
-5.74834
-5.7419
-5.72572
-5.69668
-5.66391
-5.64167
-5.63842
-5.65622
-5.68656
-5.72191
-5.7539
-5.77604
-5.78904
-5.78606
-5.76707
-5.74467
-5.72386
-5.7184
-5.72844
-5.74526
-5.76588
-5.781
-5.79477
-5.79874
-5.79518
-5.78859
-5.77838
-5.75953
-5.7404
-5.72421
-5.71505
-5.71052
-5.70739
-5.70194
-5.69419
-5.68034
-5.66767
-5.6597
-5.65633
-5.65074
-5.63596
-5.6103
-5.57386
-5.53261
-5.50019
-5.48772
-5.49307
-5.51163
-5.53278
-5.54922
-5.55626
-5.55849
-5.55866
-5.56337
-5.58665
-5.62181
-5.66545
-5.70423
-5.73326
-5.74174
-5.73677
-5.71883
-5.69814
-5.67732
-5.66101
-5.64851
-5.63809
-5.62896
-5.63337
-5.65891
-5.71274
-5.79217
-5.88489
-5.97156
-6.02994
-6.0427
-6.00745
-5.93715
-5.85078
-5.77199
-5.71751
-5.69004
-5.68321
-5.68834
-5.69834
-5.7066
-5.71516
-5.72707
-5.74119
-5.75713
-5.76992
-5.7677
-5.75121
-5.70851
-5.64516
-5.58949
-5.5615
-5.56643
-5.59158
-5.6138
-5.62776
-5.62806
-5.61939
-5.61146
-5.61598
-5.62777
-5.65734
-5.6962
-5.7397
-5.77739
-5.80321
-5.81606
-5.81433
-5.80676
-5.79941
-5.80055
-5.81105
-5.8314
-5.85611
-5.87425
-5.88353
-5.87997
-5.86619
-5.85417
-5.8396
-5.81501
-5.77957
-5.71644
-5.6285
-5.52922
-5.44776
-5.41796
-5.44162
-5.49693
-5.56243
-5.62026
-5.66487
-5.70426
-5.73618
-5.75765
-5.76602
-5.76133
-5.74965
-5.73282
-5.71612
-5.69954
-5.68745
-5.68659
-5.69874
-5.72636
-5.76346
-5.80431
-5.83239
-5.84219
-5.83731
-5.8213
-5.79794
-5.7621
-5.71662
-5.66997
-5.63263
-5.61274
-5.61095
-5.61624
-5.61931
-5.62319
-5.63454
-5.65931
-5.68787
-5.72267
-5.76493
-5.81678
-5.87045
-5.91836
-5.94356
-5.93963
-5.91114
-5.868
-5.81687
-5.77093
-5.73061
-5.70246
-5.68579
-5.67658
-5.67321
-5.67709
-5.6867
-5.69977
-5.70386
-5.69971
-5.67772
-5.64876
-5.62469
-5.61589
-5.62882
-5.6552
-5.68311
-5.70579
-5.71958
-5.7185
-5.70109
-5.66943
-5.62452
-5.5771
-5.534
-5.49995
-5.4845
-5.49192
-5.51988
-5.57048
-5.63645
-5.7052
-5.76787
-5.81152
-5.82794
-5.82019
-5.79216
-5.75221
-5.70643
-5.66695
-5.64473
-5.64328
-5.66651
-5.70288
-5.74284
-5.78537
-5.83021
-5.87385
-5.90841
-5.92735
-5.92624
-5.9041
-5.86567
-5.81732
-5.7604
-5.69992
-5.64393
-5.59045
-5.54651
-5.51741
-5.50906
-5.52551
-5.57073
-5.632
-5.6913
-5.74165
-5.78044
-5.81739
-5.84542
-5.86369
-5.87468
-5.87094
-5.85699
-5.82675
-5.78207
-5.73448
-5.69073
-5.66366
-5.65472
-5.65248
-5.6532
-5.65268
-5.65108
-5.65503
-5.66665
-5.68933
-5.728
-5.76981
-5.79172
-5.78379
-5.74366
-5.69559
-5.65116
-5.62228
-5.59462
-5.56812
-5.54089
-5.53039
-5.54082
-5.57566
-5.62731
-5.68029
-5.72364
-5.76088
-5.78717
-5.80636
-5.81482
-5.81285
-5.80272
-5.78656
-5.76249
-5.73745
-5.71841
-5.70543
-5.70251
-5.70386
-5.70417
-5.706
-5.69947
-5.67665
-5.6439
-5.60598
-5.57583
-5.55741
-5.55046
-5.55248
-5.56233
-5.57799
-5.59801
-5.61719
-5.63502
-5.64979
-5.65868
-5.66415
-5.66633
-5.66823
-5.67152
-5.67716
-5.6845
-5.69263
-5.69937
-5.70362
-5.70024
-5.69116
-5.67566
-5.66302
-5.65168
-5.64806
-5.65146
-5.66125
-5.67451
-5.69896
-5.73073
-5.76864
-5.799
-5.81424
-5.79848
-5.76008
-5.71033
-5.67148
-5.64739
-5.63653
-5.64191
-5.66636
-5.70636
-5.75367
-5.79515
-5.82684
-5.83902
-5.83845
-5.82394
-5.79697
-5.75749
-5.70613
-5.6447
-5.57931
-5.52441
-5.48786
-5.47883
-5.50155
-5.55142
-5.6159
-5.68396
-5.74167
-5.78015
-5.79684
-5.79692
-5.78282
-5.75549
-5.72508
-5.69751
-5.67814
-5.66719
-5.66045
-5.65806
-5.65798
-5.66353
-5.67342
-5.68967
-5.71574
-5.74307
-5.76059
-5.76446
-5.75863
-5.75316
-5.74909
-5.74285
-5.73105
-5.70915
-5.68126
-5.65433
-5.63834
-5.63715
-5.63609
-5.63393
-5.63105
