-5.74626
-5.73023
-5.70169
-5.68346
-5.66947
-5.65996
-5.65457
-5.65247
-5.65427
-5.66025
-5.66471
-5.67033
-5.67372
-5.67525
-5.67507
-5.67422
-5.67346
-5.67129
-5.66872
-5.66638
-5.66451
-5.66266
-5.6625
-5.66436
-5.66613
-5.66985
-5.67329
-5.67588
-5.67842
-5.68016
-5.6798
-5.68096
-5.68152
-5.67906
-5.67794
-5.67733
-5.67471
-5.67651
-5.67518
-5.6774
-5.6747
-5.67416
-5.67287
-5.67501
-5.67511
-5.67221
-5.67284
-5.67128
-5.66928
-5.67025
-5.67035
-5.67247
-5.67289
-5.67365
-5.67491
-5.67521
-5.67741
-5.67699
-5.67471
-5.67231
-5.6712
-5.67144
-5.6734
-5.67448
-5.67629
-5.67174
-5.6741
-5.67463
-5.67394
-5.67494
-5.67568
-5.67618
-5.67705
-5.67758
-5.67797
-5.67906
-5.67815
-5.67784
-5.67662
-5.67532
-5.67411
-5.67307
-5.67065
-5.67038
-5.67004
-5.67091
-5.67198
-5.67318
-5.67376
-5.67556
-5.67427
-5.67241
-5.67416
-5.67537
-5.67388
-5.67373
-5.67177
-5.67135
-5.67284
-5.67233
-5.67168
-5.67236
-5.67359
-5.67463
-5.67382
-5.67512
-5.67474
-5.67506
-5.67484
-5.6747
-5.6755
-5.67682
-5.67764
-5.67633
-5.67747
-5.67561
-5.67436
-5.67183
-5.67231
-5.67197
-5.67053
-5.67253
-5.67244
-5.6702
-5.67125
-5.67198
-5.67399
-5.67468
-5.67536
-5.67404
-5.67452
-5.67448
-5.67418
-5.67432
-5.67434
-5.67307
-5.67292
-5.67334
-5.6728
-5.67323
-5.67421
-5.67461
-5.67648
-5.67512
-5.67532
-5.67455
-5.67553
-5.67617
-5.6747
-5.6722
-5.67036
-5.67076
-5.67199
-5.67259
-5.66919
-5.67044
-5.67055
-5.6719
-5.67397
-5.67521
-5.67456
-5.67477
-5.67411
-5.67452
-5.67352
-5.6748
-5.6755
-5.67593
-5.67505
-5.67637
-5.67798
-5.67926
-5.68026
-5.67939
-5.67897
-5.67736
-5.67554
-5.678
-5.67853
-5.68094
-5.67836
-5.67722
-5.67621
-5.67604
-5.67387
-5.67243
-5.67152
-5.67154
-5.67285
-5.67378
-5.67394
-5.67449
-5.67597
-5.67537
-5.67654
-5.67821
-5.67298
-5.67193
-5.67279
-5.67394
-5.67788
-5.67745
-5.67746
-5.67761
-5.67793
-5.67656
-5.67452
-5.67445
-5.67157
-5.67109
-5.67082
-5.66948
-5.67121
-5.67234
-5.67341
-5.6734
-5.67267
-5.67194
-5.67488
-5.67377
-5.67314
-5.67426
-5.67285
-5.67368
-5.6725
-5.67153
-5.67302
-5.67375
-5.67471
-5.67532
-5.67527
-5.67648
-5.67635
-5.67293
-5.67368
-5.67508
-5.67554
-5.67376
-5.67137
-5.67196
-5.67263
-5.67271
-5.67283
-5.67162
-5.67194
-5.67341
-5.67474
-5.67241
-5.67265
-5.67035
-5.6707
-5.67181
-5.67138
-5.6733
-5.67108
-5.67283
-5.67404
-5.67535
-5.67353
-5.67408
-5.67441
-5.67483
-5.67433
-5.67537
-5.67589
-5.67775
-5.6796
-5.67887
-5.67855
-5.67808
-5.67564
-5.67522
-5.67789
-5.67593
-5.67514
-5.67419
-5.67365
-5.67544
-5.67597
-5.67388
-5.67457
-5.67184
-5.67348
-5.67445
-5.67526
-5.67572
-5.67518
-5.67549
-5.67488
-5.6755
-5.67497
-5.67357
-5.67549
-5.67556
-5.67513
-5.67555
-5.67394
-5.6713
-5.67057
-5.66857
-5.66959
-5.66794
-5.6696
-5.66882
-5.66941
-5.67187
-5.67268
-5.67194
-5.67369
-5.67403
-5.67301
-5.67334
-5.67489
-5.67428
-5.67494
-5.67436
-5.67606
-5.67698
-5.67889
-5.67907
-5.68036
-5.67955
-5.68088
-5.68019
-5.68074
-5.67958
-5.67733
-5.67854
-5.67708
-5.67684
-5.67459
-5.67359
-5.67259
-5.67105
-5.67032
-5.66816
-5.6675
-5.66802
-5.66813
-5.66949
-5.66913
-5.67114
-5.6721
-5.67411
-5.6745
-5.67395
-5.67351
-5.67394
-5.67497
-5.67534
-5.67438
-5.67627
-5.67549
-5.67399
-5.67412
-5.67113
-5.67065
-5.67213
-5.67389
-5.67519
-5.67583
-5.67566
-5.67397
-5.67332
-5.67378
-5.67121
-5.67147
-5.67268
-5.67323
-5.67188
-5.67323
-5.6712
-5.67296
-5.67461
-5.67346
-5.67362
-5.67429
-5.67506
-5.67494
-5.67368
-5.674
-5.67251
-5.67384
-5.67251
-5.67264
-5.67282
-5.67582
-5.67606
-5.67413
-5.67451
-5.67368
-5.67392
-5.67466
-5.67346
-5.67207
-5.67228
-5.67192
-5.67163
-5.67358
-5.6721
-5.67255
-5.67384
-5.67428
-5.6758
-5.67519
-5.67382
-5.67532
-5.67646
-5.6772
-5.67461
-5.67578
-5.6733
-5.6724
-5.67124
-5.67065
-5.67048
-5.67183
-5.67366
-5.67597
-5.6774
-5.67766
-5.67826
-5.6777
-5.67938
-5.67803
-5.67711
-5.67647
-5.67653
-5.67729
-5.67735
-5.67914
-5.67502
-5.67454
-5.67441
-5.67373
-5.67492
-5.67595
-5.67639
-5.67722
-5.67762
-5.67798
-5.67707
-5.67583
-5.67754
-5.67779
-5.676
-5.67644
-5.67492
-5.67408
-5.67398
-5.67339
-5.67238
-5.67096
-5.67202
-5.67285
-5.67303
-5.67346
-5.67413
-5.67346
-5.67243
-5.67303
-5.67236
-5.67365
-5.67681
-5.67819
-5.67898
-5.67657
-5.67587
-5.67474
-5.67363
-5.6723
-5.67405
-5.67239
-5.67126
-5.67004
-5.67132
-5.67349
-5.67516
-5.67556
-5.67718
-5.6764
-5.67808
-5.67933
-5.67852
-5.67564
-5.67391
-5.67298
-5.6732
-5.67426
-5.67432
-5.67442
-5.67301
-5.67045
-5.67125
-5.66987
-5.6705
-5.67186
-5.67173
-5.67273
-5.67194
-5.67281
-5.67395
-5.67458
-5.67463
-5.67277
-5.67297
-5.67142
-5.67183
-5.67013
-5.668
-5.66778
-5.66559
-5.66691
-5.66871
-5.67184
-5.67417
-5.67427
-5.67593
-5.67465
-5.67372
-5.67195
-5.67241
-5.67001
-5.67103
-5.67165
-5.67221
-5.66944
-5.66908
-5.67041
-5.67045
-5.67077
-5.67039
-5.67091
-5.66974
-5.66916
-5.66954
-5.67086
-5.67121
-5.66798
-5.6686
-5.6695
-5.67101
-5.66921
-5.67157
-5.66969
-5.67043
-5.6706
-5.67187
-5.6723
-5.67249
-5.67175
-5.66873
-5.66825
-5.66676
-5.66817
-5.669
-5.67225
-5.67143
-5.6723
-5.67308
-5.67555
-5.67641
-5.67633
-5.67573
-5.67471
-5.67497
-5.67498
-5.6742
-5.6753
-5.67343
-5.67338
-5.67403
-5.67391
-5.67423
-5.6731
-5.67287
-5.67041
-5.66968
-5.67069
-5.67145
-5.67254
-5.67233
-5.67276
-5.67286
-5.67264
-5.67305
-5.67349
-5.67072
-5.67062
-5.67223
-5.6736
-5.6727
-5.67364
-5.67506
-5.67401
-5.67343
-5.67338
-5.67324
-5.67305
-5.66993
-5.66847
-5.66903
-5.66944
-5.66842
-5.66991
-5.67191
-5.67404
-5.67357
-5.674
-5.67138
-5.67314
-5.67379
-5.6721
-5.6749
-5.67541
-5.67591
-5.6764
-5.67558
-5.67569
-5.67353
-5.67235
-5.6712
-5.6701
-5.6704
-5.66919
-5.67167
-5.67167
-5.67205
-5.67147
-5.67311
-5.67531
-5.67643
-5.67553
-5.67456
-5.67482
-5.67533
-5.67512
-5.67449
-5.67536
-5.67582
-5.67689
-5.67581
-5.67372
-5.67368
-5.67346
-5.67194
-5.6747
-5.67761
-5.67791
-5.67845
-5.67794
-5.67772
-5.67687
-5.67675
-5.6739
-5.67264
-5.6702
-5.66731
-5.6657
-5.66507
-5.66675
-5.66559
-5.66545
-5.66788
-5.66849
-5.67095
-5.67316
-5.67377
-5.67444
-5.67656
-5.67661
-5.67792
-5.67763
-5.67802
-5.67839
-5.67706
-5.67623
-5.67461
-5.67419
-5.67309
-5.67392
-5.67348
-5.67179
-5.67048
-5.67086
-5.66902
-5.66983
-5.67033
-5.67277
-5.67132
-5.67048
-5.67383
-5.67233
-5.67025
-5.67188
-5.6731
-5.67299
-5.67379
-5.67345
-5.67477
-5.6747
-5.67477
-5.67623
-5.67359
-5.67593
-5.67714
-5.67755
-5.67715
-5.67884
-5.67939
-5.67787
-5.67726
-5.67797
-5.67521
-5.67491
-5.67455
-5.67323
-5.67258
-5.67349
-5.67329
-5.67673
-5.67692
-5.67637
-5.6772
-5.67673
-5.67715
-5.67462
-5.67084
-5.6712
-5.67037
-5.6708
-5.67064
-5.67122
-5.67437
-5.67543
-5.67295
-5.67166
-5.67284
-5.67454
-5.6748
-5.67487
-5.67209
-5.67224
-5.67117
-5.67029
-5.67075
-5.67281
-5.67146
-5.67261
-5.67549
-5.6753
-5.67756
-5.67887
-5.68044
-5.67876
-5.67747
-5.67856
-5.67762
-5.67601
-5.67512
-5.67663
-5.67674
-5.67642
-5.67725
-5.67528
-5.67231
-5.67532
-5.67614
-5.67414
-5.67492
-5.67539
-5.67506
-5.67466
-5.67259
-5.67427
-5.6741
-5.67359
-5.67653
-5.67478
-5.67355
-5.67255
-5.67475
-5.67178
-5.67017
-5.67025
-5.67271
-5.67268
-5.67271
-5.67659
-5.67675
-5.67706
-5.67659
-5.67675
-5.6747
-5.67564
-5.67561
-5.67549
-5.6752
-5.67511
-5.674
-5.67231
-5.67175
-5.67204
-5.67155
-5.67081
-5.67326
-5.67234
-5.67128
-5.67207
-5.67283
-5.67266
-5.67415
-5.67409
-5.67187
-5.67142
-5.67375
-5.67463
-5.67625
-5.67553
-5.67557
-5.67537
-5.67463
-5.67441
-5.67448
-5.67491
-5.67834
-5.67922
-5.67945
-5.67699
-5.67792
-5.67739
-5.67644
-5.67488
-5.67255
-5.67312
-5.67311
-5.67374
-5.67456
-5.67607
-5.67643
-5.67778
-5.67839
-5.67824
-5.67845
-5.67607
-5.67563
-5.67543
-5.67571
-5.67551
-5.67708
-5.6783
-5.67792
-5.67607
-5.67615
-5.6753
-5.67639
-5.67678
-5.6751
-5.6743
-5.6745
-5.67388
-5.67356
-5.67354
-5.6721
-5.67424
-5.67305
-5.67329
-5.67464
-5.67454
-5.67337
-5.67315
-5.67362
-5.67356
-5.67464
-5.67593
-5.67572
-5.67514
-5.67822
-5.67774
-5.67857
-5.67596
-5.67329
-5.67292
-5.67139
-5.67042
-5.66876
-5.66998
-5.66946
-5.66997
-5.67078
-5.67413
-5.67486
-5.67468
-5.67526
-5.67626
-5.67981
-5.68049
-5.68105
-5.67918
-5.67921
-5.67686
-5.67466
-5.67482
-5.67484
-5.67816
-5.68033
-5.67849
-5.67807
-5.67876
-5.67839
-5.67571
-5.67367
-5.67325
-5.67348
-5.67241
-5.67358
-5.67538
-5.6772
-5.67708
-5.6776
-5.67706
-5.67641
-5.67374
-5.67239
-5.67122
-5.6697
-5.66878
-5.66739
-5.66954
-5.67121
-5.67263
-5.67385
-5.67273
-5.673
-5.67186
-5.67163
-5.67197
-5.67409
-5.67461
-5.67397
-5.67524
-5.67376
-5.67409
-5.67441
-5.67424
-5.67373
-5.67239
-5.67225
-5.67145
-5.67229
-5.6725
-5.67168
-5.67137
-5.67112
-5.66988
-5.67383
-5.67295
-5.67466
-5.67626
-5.67533
-5.67563
-5.67298
-5.67133
-5.6734
-5.67442
-5.67799
-5.67803
-5.67787
-5.6773
-5.6784
-5.67766
-5.67664
-5.67681
-5.67803
-5.67699
-5.67787
-5.67966
-5.67844
-5.67798
-5.67918
-5.67907
-5.67765
-5.67985
-5.67898
-5.67714
-5.67575
-5.6733
-5.67469
-5.67344
-5.6747
-5.67415
-5.67263
-5.67259
-5.67171
-5.67356
-5.67074
-5.6711
-5.67016
-5.66863
-5.66913
-3.37108
-3.36717
-3.3631
-3.35811
-3.35327
-3.3558
-3.35869
-3.36312
-3.36619
-3.37034
-3.37455
-3.37587
-3.37553
-3.37313
-3.37192
-3.37338
-3.3777
-3.38007
-3.38052
-3.38186
-3.38187
-3.38005
-3.37858
-3.38061
-3.37969
-3.37897
-3.37881
-3.37873
-3.37798
-3.376
-3.37356
-3.3721
-3.37105
-3.37389
-3.37574
-3.38066
-3.38273
-3.38188
-3.38054
-3.38031
-3.37658
-3.37442
-3.37298
-3.37185
-3.37147
-3.36951
-3.36921
-3.37256
-3.37557
-3.37833
-3.37807
-3.37922
-3.38006
-3.37967
-3.38034
-3.38158
-3.38254
-3.38181
-3.38157
-3.37897
-3.37761
-3.37639
-3.37554
-3.37543
-3.37603
-3.37775
-3.38063
-3.38067
-3.38072
-3.38208
-3.38218
-3.38136
-3.37703
-3.37492
-3.3759
-3.37341
-3.3753
-3.3758
-3.37843
-3.38
-3.38315
-3.38449
-3.38454
-3.38429
-3.38081
-3.37704
-3.37361
-3.37468
-3.37283
-3.37422
-3.37291
-3.37195
-3.37121
-3.37478
-3.38056
-3.38244
-3.38556
-3.38511
-3.38331
-3.38006
-3.37739
-3.37251
-3.36996
-3.36722
-3.36952
-3.37225
-3.37452
-3.37559
-3.37904
-3.37963
-3.37667
-3.37658
-3.37553
-3.37479
-3.37331
-3.37364
-3.37307
-3.37346
-3.37503
-3.37698
-3.37846
-3.37995
-3.37846
-3.37786
-3.37757
-3.37607
-3.37605
-3.37673
-3.37594
-3.37894
-3.37891
-3.37851
-3.37727
-3.37497
-3.3742
-3.37395
-3.37461
-3.37487
-3.37684
-3.37846
-3.38277
-3.38177
-3.3817
-3.37984
-3.37762
-3.37554
-3.37194
-3.37113
-3.37014
-3.37118
-3.37201
-3.37445
-3.37516
-3.37372
-3.37497
-3.37387
-3.3752
-3.37624
-3.37556
-3.37413
-3.37316
-3.37193
-3.3726
-3.3721
-3.37516
-3.37432
-3.37043
-3.36709
-3.36722
-3.36835
-3.36753
-3.37151
-3.3728
-3.37287
-3.37436
-3.37854
-3.38059
-3.38363
-3.38598
-3.38759
-3.38426
-3.38349
-3.38033
-3.37564
-3.3738
-3.37038
-3.36784
-3.36788
-3.36744
-3.36755
-3.37207
-3.37689
-3.37993
-3.38097
-3.38094
-3.37956
-3.37833
-3.37566
-3.37729
-3.3774
-3.37763
-3.37788
-3.37517
-3.37038
-3.36841
-3.36843
-3.36993
-3.3748
-3.37662
-3.37787
-3.37859
-3.377
-3.37621
-3.37633
-3.37783
-3.3788
-3.37969
-3.37899
-3.3779
-3.37507
-3.37423
-3.3733
-3.3734
-3.37411
-3.37114
-3.3716
-3.37209
-3.37073
-3.37016
-3.3718
-3.3741
-3.37648
-3.37982
-3.37995
-3.37868
-3.37482
-3.37187
-3.36752
-3.36681
-3.3674
-3.3703
-3.37418
-3.37305
-3.37486
-3.37676
-3.37897
-3.37656
-3.37872
-3.37867
-3.37804
-3.37752
-3.37735
-3.37792
-3.37501
-3.3759
-3.37297
-3.37069
-3.36846
-3.36858
-3.37051
-3.37172
-3.3722
-3.37518
-3.37494
-3.37414
-3.37564
-3.37641
-3.37655
-3.37888
-3.37864
-3.37976
-3.38098
-3.38136
-3.38163
-3.38285
-3.38167
-3.37764
-3.37683
-3.37452
-3.37632
-3.37818
-3.37797
-3.37913
-3.37998
-3.37858
-3.37606
-3.37567
-3.37578
-3.3745
-3.37532
-3.37611
-3.37677
-3.38131
-3.38196
-3.37993
-3.38063
-3.37808
-3.37916
-3.37707
-3.37573
-3.37625
-3.37856
-3.37811
-3.37627
-3.3766
-3.37896
-3.37818
-3.37734
-3.37689
-3.37786
-3.37839
-3.37839
-3.37611
-3.3758
-3.37425
-3.37436
-3.37565
-3.37681
-3.37765
-3.38015
-3.3791
-3.3779
-3.37467
-3.37534
-3.37206
-3.36862
-3.36579
-3.36698
-3.36756
-3.3679
-3.37036
-3.37287
-3.3747
-3.37903
-3.3801
-3.38206
-3.38147
-3.38078
-3.37957
-3.3785
-3.3779
-3.37563
-3.3727
-3.37025
-3.37035
-3.37088
-3.37204
-3.37191
-3.372
-3.37326
-3.37327
-3.37469
-3.37382
-3.37389
-3.37331
-3.37427
-3.37667
-3.38029
-3.38235
-3.38134
-3.38051
-3.37674
-3.3756
-3.37299
-3.37411
-3.37108
-3.37268
-3.37567
-3.37885
-3.38013
-3.381
-3.38157
-3.38423
-3.38408
-3.3821
-3.3834
-3.38025
-3.37744
-3.3744
-3.37285
-3.36957
-3.36854
-3.36952
-3.37071
-3.37192
-3.37456
-3.37467
-3.37348
-3.37323
-3.37561
-3.37413
-3.37311
-3.37191
-3.37501
-3.37507
-3.37535
-3.37711
-3.37607
-3.37718
-3.3783
-3.37835
-3.37775
-3.37794
-3.37501
-3.37622
-3.37732
-3.37832
-3.3817
-3.38309
-3.38028
-3.38094
-3.37872
-3.37532
-3.37247
-3.3685
-3.37006
-3.37124
-3.37014
-3.37088
-3.37496
-3.3789
-3.37997
-3.38087
-3.38095
-3.38033
-3.37815
-3.37484
-3.37363
-3.37127
-3.37143
-3.3699
-3.37415
-3.37608
-3.37835
-3.3784
-3.37819
-3.37293
-3.37265
-3.37169
-3.37199
-3.37153
-3.37359
-3.37643
-3.37731
-3.37959
-3.37809
-3.37601
-3.37284
-3.36887
-3.37122
-3.37187
-3.37663
-3.37692
-3.37909
-3.37741
-3.37667
-3.37548
-3.37439
-3.37464
-3.37313
-3.37398
-3.37324
-3.37458
-3.3763
-3.37529
-3.37627
-3.37624
-3.3747
-3.37262
-3.36983
-3.37466
-3.38247
-3.38919
-3.38863
-3.38507
-3.38175
-3.38049
-3.37906
-3.37901
-3.37806
-3.37599
-3.37368
-3.37076
-3.36619
-3.36277
-3.36118
-3.36255
-3.3656
-3.36855
-3.37059
-3.37407
-3.37451
-3.3732
-3.37238
-3.3739
-3.37328
-3.375
-3.37555
-3.37624
-3.37722
-3.37883
-3.3843
-3.38528
-3.38323
-3.38271
-3.3817
-3.37819
-3.37591
-3.37265
-3.3716
-3.37157
-3.37007
-3.36975
-3.37284
-3.37362
-3.3779
-3.37897
-3.37956
-3.3784
-3.37735
-3.37619
-3.37704
-3.37669
-3.37867
-3.37743
-3.37727
-3.37954
-3.37865
-3.37886
-3.37825
-3.37676
-3.37597
-3.37472
-3.37533
-3.37586
-3.37599
-3.37714
-3.37507
-3.37459
-3.37694
-3.37505
-3.37454
-3.37515
-3.37521
-3.37657
-3.37839
-3.37774
-3.37555
-3.37595
-3.37699
-3.37814
-3.37758
-3.37632
-3.37823
-3.38095
-3.37982
-3.38083
-3.38122
-3.38082
-3.38198
-3.38051
-3.3781
-3.37634
-3.37618
-3.37539
-3.37669
-3.3775
-3.37816
-3.37709
-3.37933
-3.38056
-3.38176
-3.38299
-3.38395
-3.38063
-3.37796
-3.37613
-3.37608
-3.3781
-3.37895
-3.37889
-3.38045
-3.37921
-3.38099
-3.38156
-3.38355
-3.38382
-3.38209
-3.37967
-3.37948
-3.37742
-3.37742
-3.3785
-3.37829
-3.37914
-3.37917
-3.37714
-3.37862
-3.38062
-3.37824
-3.3756
-3.37593
-3.37668
-3.37823
-3.37628
-3.37607
-3.37515
-3.37379
-3.37427
-3.37684
-3.37845
-3.37966
-3.37923
-3.37951
-3.37984
-3.3785
-3.37947
-3.37835
-3.37491
-3.37624
-3.37652
-3.37882
-3.38026
-3.37765
-3.37649
-3.37394
-3.3768
-3.37651
-3.37436
-3.37447
-3.37651
-3.37483
-3.37488
-3.37508
-3.37606
-3.37611
-3.37601
-3.37625
-3.37845
-3.37736
-3.37696
-3.3777
-3.37952
-3.37948
-3.37688
-3.37497
-3.37402
-3.37372
-3.3763
-3.38164
-3.38358
-3.38353
-3.38233
-3.38213
-3.38131
-3.3822
-3.38216
-3.38002
-3.38286
-3.38308
-3.38395
-3.38251
-3.38266
-3.37837
-3.37691
-3.37446
-3.37406
-3.37184
-3.3705
-3.37148
-3.37451
-3.37498
-3.37645
-3.37736
-3.38004
-3.38346
-3.38478
-3.38318
-3.38
-3.37572
-3.3719
-3.37049
-3.36948
-3.36984
-3.37248
-3.37535
-3.37677
-3.37721
-3.37828
-3.37787
-3.37796
-3.37927
-3.37926
-3.37923
-3.37891
-3.37383
-3.37375
-3.3723
-3.36882
-3.36997
-3.37122
-3.37147
-3.37232
-3.36992
-3.37077
-3.37155
-3.3718
-3.37262
-3.37765
-3.37684
-3.37921
-3.37853
-3.37722
-3.37494
-3.37344
-3.37396
-3.37233
-3.37196
-3.3723
-3.37485
-3.376
-3.37677
-3.3777
-3.37651
-3.37723
-3.37658
-3.37292
-3.37373
-3.37429
-3.37162
-3.37261
-3.36844
-3.36462
-3.36354
-3.36566
-3.37239
-3.37684
-3.37754
-3.37933
-3.37966
-3.37676
-3.37701
-3.37716
-3.37663
-3.37619
-3.37574
-3.37653
-3.37538
-3.37563
-3.37581
-3.37651
-3.37875
-3.37966
-3.38073
-3.38013
-3.3813
-3.37944
-3.37722
-3.3772
-3.37586
-3.3746
-3.37233
-3.37188
-3.37265
-3.37288
-3.37311
-3.37502
-3.37567
-3.37387
-3.37372
-3.37565
-3.37947
-3.37664
-3.3753
-3.37782
-3.38199
-3.38143
-3.38153
-3.37988
-3.37651
-3.37343
-3.37259
-3.37106
-3.37325
-3.37272
-3.37262
-3.37319
-3.37378
-3.37469
-3.37611
-3.37575
-3.3759
-3.37318
-3.37585
-3.37502
-3.37455
-3.37494
-3.3761
-3.38044
-3.38398
-3.38398
-3.3823
-3.38084
-3.37743
-3.37349
-3.37166
-3.36941
-3.37057
-3.37355
-3.37472
-3.37677
-3.38
-3.38123
-3.38412
-3.38624
-3.38487
-3.38443
-3.38372
-3.38107
-3.37972
-3.37841
-3.37789
-3.37626
-3.37635
-3.37811
-3.3776
-3.37976
-3.38072
-3.37881
-3.37701
-3.37667
-3.37715
-3.3766
-3.37544
-3.37372
-3.37089
-3.36876
-3.36937
-3.36919
-3.36847
-3.37106
-3.37141
-3.37281
-3.37577
-3.37922
-3.37989
-3.38186
-3.38361
-3.38212
-3.3798
-3.37596
-3.37849
-3.37879
-3.37667
-3.37631
-3.37219
-3.37106
-3.36885
-3.36669
-3.36917
-3.37038
-3.37226
-3.3744
-3.37266
-3.37219
-3.37264
-3.37249
-3.37408
-3.3754
-3.3761
-3.37921
-3.38004
-3.37608
-3.37424
-3.37068
-3.37242
-3.37257
-3.37678
-3.37601
-3.37655
-3.37544
-3.38018
-3.38233
-3.38174
-3.38151
-3.3819
-3.38095
-3.38275
-3.38104
-3.38017
-3.37788
-3.37526
-3.37431
-3.37586
-3.37518
-3.37472
-3.37577
-3.3744
-3.3753
-3.37649
-3.37552
-3.37742
-3.37766
-3.37458
-3.37488
-3.37475
-3.37558
-3.37527
-3.37464
-3.37466
-3.37651
-3.37893
-3.38152
-3.38124
-3.38065
-3.38054
-3.37911
-3.37844
-3.37701
-3.37576
-3.3752
-3.37596
-3.37681
-3.37661
-3.37512
-3.37487
-3.37379
-3.37442
-3.37379
-3.37688
-3.37748
-3.37887
-3.38017
-3.38199
-3.38167
-3.38485
-3.38577
-3.38602
-3.38201
-3.3805
-3.37596
-3.37441
-3.37155
-3.37223
-3.37306
-3.37284
-3.37411
-3.37776
-3.38131
-3.38328
-3.38093
-3.3798
-3.37519
-3.37429
-3.37366
-3.37252
-3.37064
-3.36941
-3.36893
-3.36846
-3.37115
-3.37323
-3.37586
-3.38039
-3.38528
-3.38673
-3.38707
-3.38591
-3.38352
-3.38046
-3.38033
-3.38107
-3.37814
-3.37612
-3.37527
-3.37638
-3.3778
-3.37671
-3.376
-3.37554
-3.37819
-3.37961
-3.37831
-3.3788
-3.37993
-3.37999
-3.37942
-3.37856
-3.37973
-3.37961
-3.37761
-3.37694
-3.37662
-3.37706
-3.3759
-3.37517
-3.37853
-3.37763
-3.37651
-3.37454
