2.08211
2.02038
1.91542
1.76888
1.5852
1.37359
1.1493
0.933286
0.749096
0.616886
0.547422
0.53924
0.580488
0.65367
0.740607
0.825854
0.898189
0.9509
0.981272
0.989991
0.980496
0.958507
0.930972
0.905228
0.887829
0.883391
0.893883
0.918608
0.954699
0.997887
1.04334
1.08643
1.12354
1.15263
1.17338
1.18692
1.19552
1.20158
1.20679
1.21172
1.21596
1.21862
1.21865
1.21489
1.20617
1.1915
1.17031
1.14272
1.11009
1.07525
1.04231
1.01556
0.998316
0.991983
0.995978
1.008
1.02465
1.04217
1.05756
1.06892
1.07557
1.07785
1.07656
1.07261
1.06684
1.06029
1.05405
1.04926
1.04686
1.04761
1.05219
1.0613
1.07566
1.09552
1.12013
1.14752
1.17441
1.19697
1.21186
1.21725
1.21313
1.20088
1.18257
1.16041
1.13671
1.11394
1.09434
1.07964
1.07064
1.06722
1.06814
1.07125
1.07392
1.07361
1.06865
1.05856
1.04419
1.02748
1.01114
0.998046
0.990517
0.989718
0.995371
1.006
1.01951
1.03385
1.04785
1.0614
1.07543
1.09089
1.10813
1.12641
1.14418
1.15955
1.17085
1.17693
1.1771
1.17125
1.15992
1.1443
1.12619
1.10759
1.09037
1.07604
1.06551
1.05905
1.0566
1.05794
1.0629
1.07116
1.08185
1.09326
1.1031
1.10897
1.10909
1.10281
1.09091
1.07531
1.05893
1.04514
1.0368
1.03553
1.04098
1.05081
1.06148
1.06937
1.07181
1.06769
1.05755
1.04353
1.02873
1.01637
1.00894
1.00757
1.01181
1.01999
1.03011
1.04094
1.05262
1.06625
1.0829
1.10244
1.1231
1.14257
1.15907
1.17199
1.1818
1.18921
1.19441
1.19696
1.19638
1.1924
1.18519
1.17535
1.16379
1.15175
1.14039
1.13059
1.12286
1.11695
1.11191
1.1062
1.09791
1.08533
1.06744
1.04436
1.01741
0.989091
0.962399
0.940378
0.925456
0.919014
0.921241
0.931177
0.947266
0.967848
0.991672
1.01807
1.04677
1.07749
1.1095
1.14136
1.17122
1.19708
1.21722
1.23049
1.23635
1.23484
1.22658
1.21274
1.19504
1.17569
1.15664
1.13907
1.1229
1.10721
1.09101
1.07391
1.05647
1.03993
1.02598
1.01611
1.01129
1.01171
1.01692
1.02599
1.03775
1.05089
1.06437
1.07761
1.09043
1.1026
1.11374
1.12333
1.13092
1.1363
1.13961
1.14118
1.14129
1.14048
1.13941
1.13885
1.13931
1.14085
1.14292
1.14429
1.14351
1.13938
1.13127
1.11926
1.1039
1.08608
1.06676
1.04676
1.02679
1.00769
0.990388
0.975907
0.965314
0.959674
0.960022
0.96732
0.982318
1.00498
1.03404
1.06709
1.101
1.13251
1.1588
1.17788
1.18881
1.19181
1.18812
1.17976
1.16893
1.15746
1.14667
1.13731
1.12983
1.12431
1.12001
1.1154
1.10856
1.0984
1.08563
1.07255
1.06221
1.05721
1.05891
1.06728
1.08107
1.09832
1.11662
1.13363
1.14729
1.15606
1.15887
1.15503
1.14407
1.12585
1.10095
1.07104
1.03928
1.01006
0.987906
0.976218
0.976255
0.986632
1.00393
1.0238
1.04194
1.055
1.06116
1.06048
1.05493
1.04796
1.04328
1.04368
1.05029
1.06261
1.07915
1.09813
1.1181
1.13803
1.15728
1.17515
1.19064
1.20258
1.21003
1.21219
1.20841
1.19808
1.18095
1.1575
1.12904
1.09737
1.06444
1.03227
1.00315
0.979697
0.96444
0.959137
0.964003
0.977444
0.996594
1.01826
1.03985
1.05974
1.07719
1.09193
1.10377
1.11226
1.1166
1.11599
1.11004
1.09936
1.08574
1.07209
1.06163
1.05679
1.05853
1.06607
1.07742
1.0901
1.10188
1.11117
1.117
1.11883
1.11649
1.11008
1.10031
1.08861
1.07704
1.06791
1.06296
1.06289
1.06711
1.07381
1.08062
1.08538
1.08696
1.0858
1.08366
1.08305
1.08616
1.09413
1.10681
1.12293
1.1404
1.15669
1.16922
1.17557
1.17388
1.16331
1.14444
1.11945
1.0919
1.06584
1.04485
1.03111
1.02526
1.02662
1.03356
1.04388
1.05551
1.067
1.07753
1.08671
1.09399
1.09857
1.09931
1.09516
1.08537
1.07003
1.05052
1.03012
1.01375
1.00673
1.01256
1.03104
1.05832
1.08854
1.11581
1.13568
1.14575
1.1459
1.13798
1.1253
1.11176
1.10074
1.09424
1.09247
1.09379
1.09543
1.09461
1.08971
1.08111
1.07149
1.06482
1.06447
1.07144
1.08402
1.09894
1.11301
1.12394
1.1304
1.1317
1.12753
1.11801
1.10371
1.08585
1.06634
1.04753
1.03174
1.02056
1.01453
1.01326
1.01593
1.02183
1.03052
1.04192
1.05623
1.07366
1.09403
1.11621
1.13809
1.15686
1.16981
1.17516
1.17243
1.16227
1.14603
1.12531
1.10185
1.07782
1.0556
1.03763
1.02593
1.02146
1.02394
1.03231
1.04524
1.06151
1.08003
1.09962
1.11887
1.13622
1.15005
1.15896
1.16209
1.15946
1.15185
1.14049
1.12674
1.11169
1.09614
1.08074
1.06653
1.05499
1.0477
1.04571
1.04905
1.05656
1.066
1.07463
1.07984
1.07989
1.07416
1.06339
1.04948
1.035
1.02291
1.01609
1.01681
1.02612
1.04349
1.06675
1.09255
1.11715
1.13717
1.15017
1.15492
1.15142
1.14089
1.12545
1.10773
1.09022
1.07486
1.06276
1.05431
1.04931
1.04729
1.04762
1.04961
1.05258
1.05614
1.06011
1.06435
1.06876
1.07308
1.07698
1.07999
1.08156
1.08111
1.07817
1.07267
1.06517
1.05673
1.04866
1.04207
1.03763
1.03542
1.03517
1.0364
1.03882
1.04267
1.049
1.05931
1.07485
1.09559
1.11983
1.14465
1.16699
1.18434
1.19515
1.19879
1.19558
1.18676
1.1745
1.16154
1.15033
1.14225
1.13696
1.13282
1.12785
1.12086
1.11166
1.10103
1.09018
1.08006
1.07108
1.06329
1.05662
1.051
1.04639
1.04273
1.04004
1.0386
1.03897
1.04199
1.04856
1.05915
1.07335
1.08976
1.10648
1.12158
1.13353
1.14128
1.14412
1.14175
1.13423
1.12215
1.10668
1.08965
1.07325
1.05971
1.05066
1.04677
1.04766
1.05224
1.05901
1.06656
1.07377
1.08001
1.08497
1.08854
1.09061
1.09103
1.08956
1.08597
1.08022
1.07244
1.06308
1.0529
1.04296
1.03448
1.02863
1.02632
1.02794
1.03332
1.04175
1.05227
1.06392
1.07594
1.08766
1.09844
1.10753
1.11409
1.11705
1.11528
1.10815
1.09594
1.08057
1.06562
1.05565
1.05478
1.06516
1.08636
1.11574
1.1495
1.18357
1.21409
1.23773
1.25172
1.2541
1.24394
1.22159
1.18859
1.1475
1.10148
1.05405
1.00903
0.970293
0.941388
0.924571
0.920059
0.926114
0.939912
0.958591
0.979901
1.00235
1.02509
1.04803
1.07146
1.09553
1.11976
1.14295
1.16362
1.18058
1.19316
1.20114
1.20459
1.20382
1.19932
1.19173
1.1817
1.16977
1.15625
1.14128
1.12477
1.10657
1.08636
1.06401
1.03986
1.01492
0.991146
0.971172
0.957797
0.953238
0.958524
0.973398
0.996507
1.02576
1.05892
1.09385
1.12875
1.16212
1.1924
1.21784
1.23673
1.24756
1.24934
1.2418
1.22549
1.20182
1.17304
1.1422
1.1127
1.08768
1.06945
1.05939
1.05786
1.06436
1.07733
1.09395
1.1105
1.12307
1.12836
1.12456
1.11171
1.09174
1.06806
1.0447
1.0254
1.01268
1.0075
1.00947
1.01742
1.0301
1.0462
1.06413
1.08159
1.09577
1.10382
1.10362
1.09468
1.07858
1.05919
1.04183
1.03168
1.0319
1.04277
1.06201
1.0861
1.11141
1.13478
1.15396
1.16741
1.17447
1.17539
1.17124
1.16373
1.15506
1.1473
1.14204
1.1397
1.13933
1.13882
1.13573
1.12809
1.11525
1.09811
1.07876
1.0599
1.0439
1.0323
1.02552
1.02289
1.02306
1.02451
1.02612
1.02724
1.02774
1.02795
1.0285
1.03041
1.03471
1.04226
1.05328
1.06686
1.08127
1.09488
1.10685
1.11735
1.12719
1.13683
1.14581
1.15285
1.15638
1.15542
1.15005
1.14139
1.13132
1.12183
1.11432
1.10901
1.10501
1.10086
1.09529
1.08773
1.07822
1.06717
1.05514
1.04301
1.03196
1.02371
1.02014
1.02269
1.0315
1.0452
1.06144
1.07785
1.09266
1.10506
1.11503
1.12318
1.13027
1.13654
1.14147
1.14371
1.14154
1.13351
1.11924
1.09989
1.07802
1.05717
1.0409
1.03197
1.03161
1.03919
1.05237
1.06747
1.08012
1.08657
1.08509
1.07725
1.06748
1.06131
1.06228
1.07043
1.08299
1.09654
1.1086
1.11821
1.12556
1.1309
1.13402
1.13397
1.12965
1.12055
1.10752
1.09289
1.07971
1.07059
1.06673
1.06773
1.07219
1.0782
1.08403
1.08839
1.0906
1.09075
1.08956
1.08848
1.0895
1.09433
1.10353
1.11577
1.12824
1.13766
1.14142
1.13813
1.1276
1.11069
1.08922
1.06581
1.04332
1.0243
1.01016
1.00114
0.996729
0.996466
1.00049
1.00967
1.02517
1.04741
1.07489
1.10402
1.13001
1.14843
1.15667
1.15476
1.14556
1.13379
1.12422
1.11961
1.12009
1.12393
1.12915
1.13441
1.13893
1.14249
1.14507
1.14671
1.14743
1.14703
1.1453
1.14221
1.13791
1.13245
1.12532
1.11556
1.10213
1.08463
1.06409
1.04287
1.0239
1.00963
1.00098
0.99707
0.995757
0.994709
0.992459
0.989033
0.985951
0.985615
0.990583
1.00301
1.02397
1.05267
1.0864
1.12096
1.15155
1.17412
1.18601
1.18626
1.17545
1.15544
1.12894
1.09923
1.06977
1.04371
1.02339
1.01001
1.00377
1.0046
1.01265
1.02812
1.0506
1.07828
1.10788
1.13557
1.15798
1.17279
1.17873
1.17518
1.16211
1.14017
1.11116
1.07809
1.04499
1.01594
0.994026
0.980762
0.976543
0.981204
0.99443
1.01547
1.04282
1.07408
1.10609
1.13543
1.15901
1.17462
1.18144
1.18006
1.17227
1.16063
1.14795
1.13691
1.12949
1.12639
1.12695
1.12946
1.13201
1.13298
1.13136
1.12679
1.11951
1.11025
3.35972
3.25307
3.09265
2.8923
2.67069
2.44955
2.25005
2.09007
1.98249
1.93166
1.92912
1.95535
1.98837
2.01224
2.02057
2.01634
2.00947
2.01306
2.03761
2.08522
2.14716
2.20866
2.25664
2.28569
2.2986
2.30299
2.30632
2.31212
2.31911
2.32247
2.31664
2.29887
2.27247
2.24763
2.23796
2.25308
2.29291
2.34786
2.4037
2.44695
2.46854
2.4652
2.43857
2.39382
2.33792
2.2781
2.22119
2.17434
2.14473
2.13638
2.14634
2.16454
2.18085
2.19351
2.2103
2.24042
2.2844
2.33193
2.36975
2.38967
2.3909
2.37737
2.35344
2.32275
2.29067
2.26509
2.25298
2.25732
2.27711
2.30774
2.34145
2.36861
2.3812
2.37568
2.35423
2.32313
2.2903
2.26413
2.25334
2.26535
2.30321
2.36285
2.43346
2.5018
2.55647
2.58952
2.59619
2.57458
2.52591
2.45495
2.36933
2.27831
2.19269
2.12542
2.09011
2.09559
2.13892
2.20496
2.27331
2.32617
2.35237
2.34822
2.31753
2.26945
2.21551
2.16692
2.13353
2.12189
2.13349
2.16302
2.19913
2.22967
2.24753
2.25273
2.24984
2.24425
2.24063
2.2425
2.25255
2.27227
2.30126
2.33727
2.37674
2.4156
2.4501
2.47724
2.49515
2.50328
2.50254
2.49493
2.48276
2.46704
2.4465
2.41944
2.38627
2.35088
2.3189
2.29619
2.28795
2.29654
2.31912
2.3489
2.37834
2.40144
2.41392
2.41291
2.39764
2.37114
2.34002
2.31221
2.29386
2.2874
2.2907
2.2986
2.30686
2.31555
2.32725
2.34157
2.35449
2.36312
2.36769
2.36946
2.36855
2.36375
2.35255
2.33155
2.29801
2.25219
2.19798
2.14165
2.08987
2.04879
2.02414
2.02088
2.04182
2.08663
2.15172
2.2313
2.31873
2.40694
2.48845
2.55612
2.60416
2.62907
2.62935
2.60481
2.55662
2.48877
2.40984
2.33333
2.27472
2.2469
2.25459
2.29068
2.33773
2.3761
2.39399
2.39272
2.38404
2.37986
2.38187
2.38054
2.36356
2.32451
2.26661
2.20265
2.15056
2.12589
2.13412
2.16853
2.21497
2.2601
2.29754
2.32938
2.36277
2.40274
2.44641
2.48473
2.51046
2.52259
2.52435
2.51897
2.50786
2.49117
2.46815
2.43746
2.39833
2.35273
2.30661
2.26873
2.24735
2.24668
2.26414
2.29021
2.31111
2.31424
2.29385
2.25374
2.20535
2.16259
2.13597
2.12916
2.13977
2.16221
2.19035
2.21954
2.24766
2.2745
2.30042
2.32613
2.35255
2.3805
2.40916
2.43481
2.45068
2.44978
2.42877
2.39081
2.34503
2.30145
2.26575
2.23869
2.21915
2.20673
2.20202
2.20576
2.2178
2.23629
2.25759
2.27796
2.29589
2.31378
2.33643
2.3663
2.39829
2.41971
2.41791
2.38908
2.34169
2.29262
2.25885
2.24884
2.25916
2.27845
2.29497
2.30147
2.29486
2.27521
2.24584
2.21488
2.19484
2.1957
2.21726
2.24927
2.27933
2.29927
2.30633
2.30227
2.29265
2.28522
2.28556
2.29269
2.2997
2.29976
2.29157
2.28013
2.27321
2.27637
2.2898
2.30937
2.32999
2.34835
2.36321
2.37482
2.38364
2.39002
2.39497
2.40197
2.41725
2.44513
2.48144
2.51364
2.52842
2.51864
2.48399
2.42836
2.35723
2.27731
2.19756
2.12852
2.07994
2.05803
2.06464
2.09761
2.15161
2.21943
2.29423
2.37077
2.44471
2.50947
2.55637
2.57878
2.57613
2.55407
2.52152
2.48714
2.4566
2.4314
2.41089
2.39397
2.37885
2.3616
2.33601
2.29636
2.24293
2.18921
2.16147
2.17915
2.23422
2.30009
2.35334
2.38157
2.38155
2.35577
2.31062
2.25535
2.20069
2.15606
2.12637
2.11244
2.11541
2.13851
2.18332
2.24484
2.31241
2.37509
2.42525
2.4586
2.47245
2.46485
2.4359
2.38956
2.33419
2.2811
2.24155
2.22318
2.22733
2.24802
2.27352
2.29048
2.28883
2.26704
2.23446
2.20768
2.20071
2.21594
2.24515
2.27799
2.3079
2.33132
2.34463
2.3438
2.32738
2.29967
2.27079
2.2532
2.25619
2.28174
2.3253
2.37854
2.43122
2.47299
2.49631
2.49785
2.47796
2.43922
2.38616
2.32629
2.2705
2.23051
2.21481
2.22501
2.2542
2.28882
2.31572
2.32821
2.326
2.31088
2.28425
2.24893
2.21493
2.20075
2.21924
2.26363
2.31531
2.35804
2.3828
2.38741
2.37548
2.35493
2.33497
2.32303
2.32295
2.33398
2.35028
2.36128
2.35583
2.32827
2.28177
2.22783
2.18197
2.15711
2.15696
2.17471
2.19976
2.22544
2.24963
2.27078
2.28609
2.29445
2.3005
2.31209
2.33249
2.35587
2.373
2.37849
2.37096
2.34937
2.31105
2.2576
2.20918
2.20528
2.26161
2.34559
2.42069
2.47481
2.51188
2.54014
2.56625
2.59121
2.60985
2.61333
2.59376
2.54768
2.47709
2.39013
2.30106
2.22718
2.18216
2.16963
2.1825
2.20741
2.23124
2.24579
2.24884
2.24296
2.23407
2.22978
2.23673
2.25734
2.28949
2.32956
2.37451
2.42105
2.46335
2.49344
2.50406
2.49181
2.45788
2.40687
2.34522
2.2804
2.2206
2.17435
2.14918
2.14844
2.16746
2.19388
2.21406
2.22092
2.21607
2.20625
2.19744
2.19208
2.19039
2.19292
2.20104
2.21622
2.23801
2.26302
2.28578
2.3018
2.31031
2.31522
2.32253
2.33663
2.35765
2.38102
2.39995
2.40867
2.40475
2.3899
2.37022
2.35373
2.34626
2.34873
2.35744
2.36662
2.37157
2.37056
2.36418
2.35402
2.34382
2.34124
2.35433
2.38298
2.41792
2.44993
2.47522
2.49302
2.50281
2.50451
2.49835
2.48419
2.46194
2.43241
2.3971
2.35775
2.31614
2.27516
2.23977
2.21649
2.20935
2.21428
2.21933
2.212
2.18646
2.14444
2.09247
2.03834
1.98956
1.95298
1.93425
1.93634
1.95858
1.99729
2.0461
2.09747
2.14576
2.18887
2.22716
2.26156
2.29322
2.3229
2.34957
2.3708
2.38646
2.3994
2.41085
2.41746
2.41489
2.40334
2.38874
2.3778
2.37207
2.36583
2.35057
2.32289
2.28964
2.26483
2.25997
2.27657
2.30733
2.3424
2.37406
2.39754
2.40957
2.40771
2.39216
2.36843
2.34735
2.33958
2.34817
2.36762
2.38939
2.40706
2.41797
2.42222
2.42082
2.41412
2.40187
2.38469
2.36552
2.34913
2.33899
2.33441
2.33138
2.32569
2.31574
2.30298
2.29071
2.282
2.27681
2.27126
2.25908
2.23534
2.19984
2.15888
2.12389
2.10608
2.10949
2.1281
2.15045
2.16709
2.17495
2.17629
2.1765
2.18335
2.20379
2.23874
2.28149
2.32172
2.3506
2.36337
2.35986
2.34437
2.32408
2.30548
2.29051
2.27703
2.26359
2.25397
2.25692
2.28155
2.3327
2.40872
2.50011
2.58838
2.64994
2.66698
2.63555
2.56666
2.4813
2.40215
2.34502
2.31469
2.30645
2.31112
2.32006
2.32873
2.33719
2.3478
2.36193
2.3779
2.39101
2.39387
2.37746
2.33621
2.27633
2.21952
2.19028
2.19495
2.21926
2.24388
2.25698
2.25651
2.24759
2.23884
2.23832
2.25093
2.27813
2.31767
2.36248
2.40246
2.42977
2.44209
2.442
2.43479
2.42711
2.4257
2.43506
2.45463
2.47841
2.49775
2.5063
2.50338
2.49327
2.48044
2.46531
2.44339
2.40695
2.348
2.26388
2.16568
2.0821
2.04558
2.06478
2.11939
2.1831
2.2406
2.2881
2.32725
2.35902
2.38103
2.38983
2.38559
2.37312
2.35744
2.34049
2.32373
2.31094
2.30784
2.31907
2.34563
2.38333
2.42301
2.45295
2.46497
2.46011
2.44544
2.42334
2.38977
2.34474
2.29732
2.25975
2.23963
2.23593
2.24057
2.24544
2.24947
2.25889
2.27984
2.31123
2.34737
2.38711
2.43479
2.48903
2.53683
2.56368
2.56312
2.53771
2.49541
2.4458
2.39768
2.35789
2.32984
2.3126
2.30279
2.29852
2.30098
2.31095
2.32387
2.33068
2.32385
2.30271
2.27421
2.24975
2.23978
2.24839
2.27122
2.29913
2.32349
2.33873
2.34107
2.3276
2.29778
2.25511
2.20653
2.16045
2.12523
2.10773
2.11193
2.13865
2.18636
2.25021
2.32033
2.38344
2.4278
2.44686
2.44047
2.41376
2.37432
2.33016
2.29059
2.26661
2.26567
2.28675
2.32216
2.36403
2.40835
2.45354
2.4967
2.53181
2.55191
2.55251
2.53322
2.49691
2.44795
2.39122
2.33145
2.27287
2.21904
2.1737
2.14163
2.12984
2.14562
2.18887
2.24839
2.30918
2.36185
2.40448
2.4389
2.46664
2.48702
2.49837
2.49875
2.48593
2.45789
2.41538
2.36532
2.32035
2.2914
2.28032
2.27982
2.28101
2.28004
2.27859
2.28095
2.29125
2.31322
2.34879
2.38977
2.41564
2.40955
2.37298
2.32317
2.27858
2.2455
2.21861
2.19157
2.16545
2.15021
2.15849
2.19392
2.2458
2.29839
2.34269
2.37813
2.40613
2.42619
2.43694
2.4376
2.4284
2.4107
2.38731
2.36273
2.34264
2.33103
2.3272
2.32737
2.32865
2.32858
2.32181
2.30207
2.26901
2.23123
2.20025
2.18214
2.17582
2.17781
2.18582
2.19906
2.21649
2.23595
2.25437
2.26924
2.27958
2.28571
2.28932
2.29247
2.29632
2.3012
2.30769
2.31602
2.32425
2.32875
2.32645
2.31674
2.30187
2.28613
2.2742
2.26919
2.27129
2.27926
2.29284
2.31411
2.34497
2.38262
2.417
2.43374
2.42252
2.38567
2.33878
2.29925
2.27434
2.26368
2.2678
2.28861
2.32505
2.37039
2.41422
2.44704
2.46383
2.46416
2.45028
2.42446
2.38685
2.33672
2.27578
2.21085
2.15327
2.11462
2.10297
2.12116
2.16614
2.22917
2.29689
2.35576
2.39663
2.41638
2.41659
2.40175
2.37735
2.34896
2.32225
2.30176
2.28939
2.28374
2.28206
2.28244
2.28534
2.2938
2.31136
2.33694
2.36314
2.3806
2.38504
2.38006
2.37343
2.36947
2.36524
2.3541
2.33252
2.3042
2.27843
2.26317
2.25861
2.25846
2.25742
2.25652
