1.38807
1.34692
1.27695
1.17925
1.0568
0.915729
0.766199
0.622191
0.499397
0.411258
0.364948
0.359493
0.386992
0.43578
0.493738
0.550569
0.598793
0.633933
0.654182
0.659994
0.653664
0.639005
0.620648
0.603485
0.591886
0.588927
0.595922
0.612405
0.636466
0.665258
0.695562
0.724287
0.749025
0.768421
0.782252
0.791282
0.797014
0.801054
0.804528
0.807812
0.810637
0.812414
0.812436
0.809929
0.804117
0.794336
0.780205
0.761811
0.740059
0.716836
0.694876
0.67704
0.665544
0.661322
0.663985
0.672002
0.683097
0.694778
0.705037
0.712611
0.717046
0.71857
0.717704
0.715072
0.711229
0.706858
0.702698
0.699508
0.69791
0.698405
0.701459
0.707534
0.717107
0.730343
0.746754
0.765011
0.782942
0.797977
0.807906
0.811498
0.808751
0.800586
0.788377
0.773608
0.757808
0.742628
0.729562
0.719759
0.713757
0.711481
0.712094
0.71417
0.715949
0.71574
0.712431
0.705705
0.696127
0.684985
0.674093
0.665364
0.660345
0.659812
0.663581
0.670668
0.679671
0.689234
0.698566
0.707597
0.71695
0.727257
0.738754
0.750942
0.762787
0.773034
0.780567
0.784621
0.784732
0.780832
0.773281
0.762868
0.750792
0.738393
0.726915
0.717359
0.71034
0.706036
0.704402
0.705295
0.708603
0.714108
0.721233
0.728842
0.735403
0.739316
0.739395
0.735209
0.727272
0.71687
0.705957
0.696763
0.691203
0.690352
0.693988
0.70054
0.707651
0.712913
0.71454
0.711791
0.705031
0.695689
0.685819
0.677583
0.672628
0.671714
0.674538
0.679992
0.68674
0.69396
0.70175
0.710835
0.721932
0.73496
0.748734
0.761714
0.772712
0.781325
0.787869
0.792807
0.796272
0.797976
0.797585
0.794933
0.790128
0.783564
0.775863
0.767836
0.760259
0.753728
0.748574
0.744636
0.741274
0.737464
0.731939
0.723552
0.711628
0.696243
0.678276
0.659394
0.641599
0.626919
0.616971
0.612676
0.614161
0.620785
0.631511
0.645232
0.661115
0.678715
0.697849
0.718327
0.739664
0.760908
0.780816
0.798055
0.81148
0.820323
0.824235
0.823229
0.817723
0.808491
0.796695
0.783792
0.771094
0.759378
0.7486
0.738141
0.727339
0.715943
0.704313
0.693288
0.683984
0.677408
0.674195
0.674471
0.677949
0.683995
0.691834
0.700593
0.70958
0.718405
0.726951
0.735064
0.742493
0.748889
0.753946
0.757531
0.759743
0.760788
0.760859
0.760318
0.759604
0.759235
0.759537
0.76057
0.761949
0.762861
0.76234
0.759586
0.754181
0.746175
0.735934
0.724052
0.711176
0.69784
0.684527
0.671794
0.660258
0.650605
0.643543
0.639783
0.640015
0.64488
0.654878
0.669984
0.689363
0.711395
0.734003
0.755006
0.772531
0.785251
0.792542
0.794542
0.792078
0.786509
0.779288
0.771639
0.764444
0.758207
0.753219
0.749539
0.746673
0.743602
0.739037
0.732264
0.723751
0.715035
0.708141
0.704806
0.705938
0.711518
0.720713
0.732211
0.744412
0.755753
0.764859
0.770707
0.772583
0.770022
0.762711
0.750565
0.733968
0.714025
0.692856
0.673371
0.658604
0.650812
0.650837
0.657754
0.669287
0.682536
0.694625
0.703334
0.707441
0.706986
0.703288
0.698639
0.69552
0.695784
0.700191
0.708409
0.719436
0.732087
0.7454
0.758684
0.771521
0.783435
0.793759
0.801718
0.806688
0.808125
0.805605
0.798723
0.787303
0.771668
0.752694
0.731582
0.709626
0.688181
0.668765
0.653131
0.64296
0.639424
0.642669
0.65163
0.664396
0.678843
0.693234
0.706492
0.718125
0.727952
0.73585
0.74151
0.744397
0.743992
0.74003
0.732904
0.723828
0.714729
0.707752
0.704529
0.705688
0.710712
0.718279
0.726731
0.734584
0.740782
0.744665
0.74589
0.744329
0.740056
0.73354
0.725737
0.71803
0.711937
0.708643
0.708592
0.711404
0.715874
0.72041
0.723585
0.724642
0.723864
0.722437
0.722033
0.724109
0.729421
0.737876
0.748622
0.760264
0.77113
0.779481
0.78371
0.782585
0.77554
0.762958
0.746301
0.727933
0.710559
0.696568
0.687407
0.683504
0.684414
0.689038
0.695917
0.703672
0.711331
0.718355
0.72447
0.729328
0.732378
0.732876
0.730109
0.723581
0.71335
0.700347
0.686744
0.67583
0.671155
0.67504
0.687359
0.705549
0.725693
0.743872
0.757119
0.763832
0.763934
0.758654
0.750202
0.741175
0.733824
0.729496
0.728311
0.729196
0.730284
0.72974
0.726471
0.720737
0.714325
0.709882
0.709649
0.714295
0.72268
0.732624
0.742008
0.749294
0.753601
0.754466
0.751686
0.745343
0.735806
0.723901
0.710893
0.69835
0.687826
0.680372
0.676356
0.675508
0.677288
0.681218
0.687016
0.694616
0.70415
0.715775
0.729351
0.744141
0.758724
0.771237
0.779873
0.783442
0.78162
0.774845
0.76402
0.750204
0.734566
0.718547
0.703737
0.691754
0.683956
0.680973
0.682628
0.688208
0.696824
0.707672
0.720021
0.733081
0.745914
0.757481
0.766702
0.772642
0.77473
0.772976
0.7679
0.760326
0.751159
0.741129
0.730759
0.720495
0.711019
0.703327
0.698465
0.697139
0.699363
0.704373
0.710669
0.716417
0.719893
0.719924
0.716108
0.708927
0.699655
0.690003
0.681937
0.677393
0.677873
0.684082
0.695658
0.711164
0.728368
0.744765
0.758116
0.766781
0.769948
0.767612
0.760592
0.750303
0.738486
0.726815
0.716575
0.708507
0.702874
0.699542
0.698196
0.698414
0.699738
0.701717
0.704091
0.706738
0.709567
0.712508
0.715384
0.717984
0.719991
0.721042
0.720743
0.718777
0.715115
0.71011
0.70449
0.699109
0.694714
0.69175
0.690278
0.690116
0.690934
0.692547
0.695116
0.699332
0.706204
0.716563
0.730393
0.74655
0.763101
0.777992
0.789559
0.796766
0.799196
0.797053
0.791171
0.783003
0.774358
0.766884
0.761499
0.757977
0.755213
0.7519
0.747238
0.741106
0.734019
0.726788
0.72004
0.714054
0.708862
0.704415
0.700668
0.697591
0.695152
0.693361
0.692403
0.692648
0.69466
0.69904
0.706098
0.715564
0.726506
0.737651
0.747719
0.755688
0.760853
0.762747
0.761164
0.75615
0.748097
0.737783
0.726434
0.7155
0.706472
0.700438
0.697848
0.698437
0.701492
0.706007
0.711037
0.715845
0.720006
0.723316
0.725691
0.727073
0.727353
0.726373
0.72398
0.720145
0.714961
0.708722
0.701932
0.695306
0.689656
0.685753
0.684213
0.685292
0.688883
0.694499
0.701514
0.709281
0.717294
0.725105
0.732291
0.738356
0.742727
0.744698
0.743523
0.738768
0.730628
0.720381
0.710413
0.703769
0.703184
0.710106
0.724243
0.743825
0.766336
0.789043
0.809392
0.825155
0.834483
0.836064
0.829295
0.814393
0.792396
0.764999
0.73432
0.702701
0.672684
0.646862
0.627592
0.616381
0.613373
0.61741
0.626608
0.639061
0.653267
0.668232
0.683393
0.698687
0.714306
0.730351
0.746506
0.761965
0.775745
0.787055
0.795443
0.800759
0.803057
0.802549
0.799545
0.794484
0.787801
0.779845
0.770835
0.760854
0.749847
0.737715
0.724238
0.709343
0.69324
0.676612
0.660764
0.647448
0.638531
0.635492
0.639016
0.648932
0.664338
0.683843
0.705945
0.72923
0.752502
0.77475
0.794932
0.811894
0.824486
0.831708
0.832892
0.82787
0.816991
0.801212
0.782027
0.761465
0.7418
0.725118
0.712965
0.706259
0.705238
0.709576
0.718222
0.729303
0.740336
0.748712
0.75224
0.749708
0.741142
0.727823
0.712039
0.696469
0.683603
0.675123
0.671669
0.672978
0.678282
0.68673
0.697464
0.70942
0.721059
0.730513
0.735881
0.73575
0.729785
0.719055
0.706125
0.694555
0.687786
0.687934
0.695179
0.70801
0.724069
0.740939
0.756522
0.769307
0.778272
0.782982
0.783596
0.780827
0.77582
0.77004
0.764866
0.761359
0.759798
0.759553
0.759214
0.757155
0.752061
0.743502
0.732076
0.719171
0.706598
0.695932
0.688199
0.683678
0.681928
0.682038
0.68301
0.684083
0.684829
0.68516
0.685297
0.68567
0.68694
0.689808
0.694838
0.702189
0.71124
0.720847
0.72992
0.7379
0.7449
0.751458
0.757885
0.763873
0.76857
0.770919
0.770282
0.7667
0.760927
0.754215
0.747884
0.742879
0.739337
0.736674
0.733905
0.730192
0.725156
0.718812
0.711448
0.70343
0.695337
0.687974
0.682475
0.680095
0.681796
0.687667
0.696797
0.707625
0.718564
0.72844
0.736706
0.743352
0.748789
0.753513
0.757696
0.760979
0.762476
0.76103
0.755673
0.746163
0.733263
0.718683
0.704779
0.693935
0.687983
0.687737
0.692792
0.701581
0.711646
0.720083
0.724377
0.723396
0.718164
0.711656
0.707541
0.708187
0.713618
0.721995
0.731025
0.739066
0.745471
0.750375
0.753935
0.75601
0.755978
0.753102
0.747032
0.738349
0.728593
0.719808
0.713726
0.711154
0.71182
0.714792
0.7188
0.722688
0.725591
0.727067
0.727165
0.726374
0.725655
0.72633
0.729556
0.735685
0.743844
0.752158
0.758439
0.76095
0.758751
0.751734
0.740458
0.726146
0.710539
0.695544
0.682868
0.673443
0.667424
0.664486
0.66431
0.666996
0.673112
0.683447
0.698276
0.716596
0.736016
0.75334
0.765622
0.771112
0.769843
0.763706
0.755862
0.749482
0.746409
0.746727
0.749284
0.752768
0.756275
0.759285
0.761658
0.763378
0.764472
0.764951
0.764683
0.763533
0.761473
0.758609
0.754963
0.750212
0.743708
0.734755
0.723087
0.709395
0.695249
0.6826
0.673089
0.66732
0.664713
0.663838
0.663139
0.661639
0.659356
0.657301
0.657076
0.660389
0.668675
0.682645
0.701779
0.724269
0.747304
0.767701
0.782745
0.790674
0.790842
0.783633
0.770296
0.752627
0.732818
0.713177
0.695806
0.68226
0.673342
0.669178
0.669734
0.6751
0.685411
0.700398
0.718851
0.738584
0.757044
0.771987
0.78186
0.785819
0.783453
0.774737
0.760115
0.740771
0.718729
0.696661
0.677294
0.662684
0.653841
0.651029
0.654136
0.662953
0.67698
0.695214
0.716053
0.737397
0.756955
0.772671
0.783077
0.787626
0.786704
0.781513
0.773751
0.765298
0.757938
0.752994
0.750929
0.751298
0.752975
0.754673
0.755318
0.754239
0.75119
0.746337
0.740169
2.23981
2.16871
2.06177
1.9282
1.78046
1.63303
1.50003
1.39338
1.32166
1.28778
1.28608
1.30357
1.32558
1.34149
1.34705
1.34423
1.33965
1.34204
1.35841
1.39014
1.43144
1.47244
1.50442
1.52379
1.5324
1.53532
1.53754
1.54141
1.54607
1.54831
1.54443
1.53258
1.51498
1.49842
1.49197
1.50206
1.5286
1.56524
1.60246
1.6313
1.64569
1.64347
1.62571
1.59588
1.55862
1.51873
1.48079
1.44956
1.42982
1.42426
1.4309
1.44303
1.4539
1.46234
1.47353
1.49361
1.52293
1.55462
1.57983
1.59311
1.59393
1.58491
1.56896
1.5485
1.52712
1.51006
1.50199
1.50488
1.51807
1.5385
1.56097
1.57907
1.58747
1.58379
1.56949
1.54875
1.52686
1.50942
1.50223
1.51023
1.53548
1.57523
1.62231
1.66787
1.70431
1.72635
1.7308
1.71639
1.68394
1.63663
1.57956
1.51887
1.4618
1.41695
1.39341
1.39706
1.42595
1.46997
1.51554
1.55078
1.56824
1.56548
1.54502
1.51297
1.47701
1.44461
1.42235
1.41459
1.42233
1.44201
1.46609
1.48645
1.49835
1.50182
1.49989
1.49617
1.49376
1.495
1.5017
1.51485
1.53417
1.55818
1.58449
1.6104
1.6334
1.65149
1.66343
1.66885
1.66836
1.66328
1.65517
1.6447
1.631
1.61296
1.59085
1.56726
1.54593
1.5308
1.5253
1.53103
1.54608
1.56593
1.58556
1.60096
1.60928
1.6086
1.59842
1.58076
1.56002
1.54147
1.52924
1.52493
1.52713
1.5324
1.53791
1.5437
1.5515
1.56105
1.56966
1.57542
1.57846
1.57964
1.57903
1.57583
1.56836
1.55437
1.532
1.50146
1.46532
1.42777
1.39325
1.36586
1.34943
1.34725
1.36121
1.39109
1.43448
1.48753
1.54582
1.60463
1.65897
1.70408
1.73611
1.75272
1.7529
1.73654
1.70441
1.65918
1.60656
1.55555
1.51648
1.49793
1.50306
1.52712
1.55849
1.58407
1.59599
1.59515
1.58936
1.58657
1.58791
1.58702
1.57571
1.54968
1.51107
1.46843
1.4337
1.41726
1.42275
1.44569
1.47665
1.50673
1.53169
1.55292
1.57518
1.60182
1.63094
1.65649
1.67364
1.68173
1.6829
1.67931
1.67191
1.66078
1.64543
1.62497
1.59889
1.56848
1.53774
1.51249
1.49823
1.49779
1.50943
1.52681
1.54074
1.54282
1.52923
1.5025
1.47023
1.44173
1.42398
1.41944
1.42651
1.44148
1.46023
1.47969
1.49844
1.51634
1.53362
1.55076
1.56837
1.587
1.60611
1.6232
1.63379
1.63319
1.61918
1.59388
1.56335
1.5343
1.5105
1.49246
1.47943
1.47115
1.46801
1.47051
1.47853
1.49086
1.50506
1.51864
1.5306
1.54252
1.55762
1.57754
1.59886
1.61314
1.61194
1.59272
1.56113
1.52841
1.5059
1.49922
1.50611
1.51897
1.52998
1.53431
1.52991
1.51681
1.49723
1.47659
1.46323
1.4638
1.47817
1.49951
1.51956
1.53285
1.53755
1.53485
1.52843
1.52348
1.52371
1.52846
1.53313
1.53317
1.52771
1.52009
1.51547
1.51758
1.52653
1.53958
1.55333
1.56557
1.57547
1.58321
1.58909
1.59335
1.59665
1.60131
1.6115
1.63009
1.6543
1.67576
1.68561
1.67909
1.65599
1.61891
1.57149
1.51821
1.46504
1.41902
1.38662
1.37202
1.37643
1.39841
1.4344
1.47962
1.52948
1.58052
1.6298
1.67298
1.70425
1.71918
1.71742
1.70271
1.68101
1.65809
1.63773
1.62093
1.60726
1.59598
1.5859
1.5744
1.55734
1.5309
1.49529
1.45948
1.44098
1.45277
1.48948
1.53339
1.56889
1.58771
1.5877
1.57051
1.54042
1.50357
1.46713
1.43737
1.41758
1.4083
1.41028
1.42567
1.45555
1.49656
1.54161
1.58339
1.61683
1.63906
1.6483
1.64324
1.62393
1.59304
1.55613
1.52074
1.49437
1.48212
1.48489
1.49868
1.51568
1.52698
1.52589
1.51136
1.48964
1.47179
1.46714
1.47729
1.49677
1.51866
1.5386
1.55421
1.56308
1.56253
1.55159
1.53311
1.51386
1.50213
1.50413
1.52116
1.5502
1.58569
1.62081
1.64866
1.66421
1.66523
1.65197
1.62615
1.59077
1.55086
1.51367
1.487
1.47654
1.48334
1.5028
1.52588
1.54382
1.55214
1.55066
1.54059
1.52283
1.49929
1.47662
1.46717
1.47949
1.50909
1.54354
1.57203
1.58854
1.59161
1.58365
1.56995
1.55665
1.54869
1.54864
1.55599
1.56685
1.57419
1.57055
1.55218
1.52118
1.48522
1.45465
1.43807
1.43797
1.44981
1.46651
1.48363
1.49975
1.51386
1.52406
1.52964
1.53367
1.5414
1.555
1.57058
1.582
1.58566
1.58064
1.56625
1.5407
1.50507
1.47279
1.47019
1.50774
1.56373
1.6138
1.64987
1.67458
1.69343
1.71083
1.72747
1.7399
1.74222
1.72918
1.69845
1.65139
1.59342
1.53404
1.48479
1.45477
1.44642
1.455
1.4716
1.48749
1.49719
1.49923
1.49531
1.48938
1.48652
1.49115
1.50489
1.52632
1.55304
1.58301
1.61403
1.64223
1.6623
1.66937
1.66121
1.63858
1.60458
1.56348
1.52027
1.4804
1.44957
1.43279
1.4323
1.44498
1.46259
1.47604
1.48062
1.47738
1.47083
1.46496
1.46138
1.46026
1.46195
1.46736
1.47748
1.49201
1.50868
1.52385
1.53453
1.54021
1.54348
1.54835
1.55776
1.57176
1.58735
1.59996
1.60578
1.60317
1.59327
1.58015
1.56915
1.56417
1.56582
1.57163
1.57775
1.58105
1.58038
1.57612
1.56934
1.56254
1.56083
1.56955
1.58865
1.61195
1.63328
1.65015
1.66201
1.66854
1.66967
1.66557
1.65613
1.64129
1.62161
1.59807
1.57183
1.54409
1.51677
1.49318
1.47766
1.4729
1.47619
1.47955
1.47467
1.45764
1.42962
1.39498
1.35889
1.32637
1.30199
1.2895
1.29089
1.30572
1.33153
1.36407
1.39832
1.43051
1.45925
1.48477
1.50771
1.52881
1.5486
1.56638
1.58053
1.59097
1.5996
1.60723
1.61164
1.60993
1.60223
1.59249
1.5852
1.58138
1.57722
1.56705
1.5486
1.52643
1.50989
1.50664
1.51771
1.53822
1.5616
1.5827
1.59836
1.60638
1.60514
1.59477
1.57895
1.5649
1.55972
1.56545
1.57841
1.59293
1.60471
1.61198
1.61482
1.61388
1.60941
1.60125
1.58979
1.57701
1.56608
1.55933
1.55627
1.55425
1.55046
1.54383
1.53532
1.52714
1.52133
1.51788
1.51417
1.50605
1.49022
1.46656
1.43925
1.41593
1.40405
1.40632
1.41873
1.43364
1.44473
1.44997
1.45086
1.451
1.45556
1.46919
1.49249
1.52099
1.54781
1.56707
1.57558
1.57324
1.56291
1.54939
1.53698
1.52701
1.51802
1.50906
1.50265
1.50461
1.52103
1.55513
1.60581
1.66674
1.72559
1.76662
1.77799
1.75703
1.71111
1.6542
1.60144
1.56335
1.54313
1.53763
1.54075
1.54671
1.55249
1.55813
1.5652
1.57462
1.58527
1.59401
1.59591
1.58497
1.55747
1.51755
1.47968
1.46019
1.4633
1.47951
1.49592
1.50466
1.50434
1.49839
1.49256
1.49222
1.50062
1.51875
1.54512
1.57499
1.60164
1.61985
1.62806
1.628
1.62319
1.61807
1.61713
1.62337
1.63642
1.65228
1.66516
1.67087
1.66892
1.66218
1.65363
1.64354
1.62893
1.60464
1.56533
1.50926
1.44379
1.38807
1.36372
1.37652
1.41292
1.4554
1.49374
1.5254
1.5515
1.57268
1.58735
1.59322
1.59039
1.58208
1.57163
1.56033
1.54915
1.54063
1.53856
1.54605
1.56375
1.58889
1.61534
1.6353
1.64332
1.64007
1.6303
1.61556
1.59318
1.56316
1.53155
1.5065
1.49309
1.49062
1.49371
1.49696
1.49965
1.50592
1.51989
1.54082
1.56491
1.59141
1.62319
1.65935
1.69122
1.70912
1.70875
1.69181
1.66361
1.63054
1.59845
1.57193
1.55322
1.54173
1.5352
1.53235
1.53399
1.54063
1.54925
1.55379
1.54924
1.53514
1.51614
1.49983
1.49319
1.49892
1.51414
1.53275
1.549
1.55916
1.56071
1.55173
1.53185
1.5034
1.47102
1.4403
1.41682
1.40515
1.40795
1.42577
1.45757
1.50014
1.54688
1.58896
1.61853
1.63124
1.62698
1.60917
1.58288
1.55344
1.52706
1.51107
1.51045
1.5245
1.54811
1.57602
1.60557
1.63569
1.66446
1.68787
1.70127
1.70168
1.68881
1.6646
1.63197
1.59415
1.5543
1.51525
1.47936
1.44913
1.42775
1.4199
1.43041
1.45925
1.49893
1.53946
1.57457
1.60298
1.62594
1.64442
1.65801
1.66558
1.66583
1.65729
1.6386
1.61025
1.57688
1.5469
1.5276
1.52022
1.51988
1.52068
1.52003
1.51906
1.52064
1.5275
1.54215
1.56586
1.59318
1.61043
1.60636
1.58199
1.54878
1.51905
1.497
1.47907
1.46105
1.44363
1.43347
1.439
1.46261
1.4972
1.53226
1.56179
1.58542
1.60409
1.61746
1.62463
1.62506
1.61894
1.60713
1.59154
1.57515
1.56176
1.55402
1.55147
1.55158
1.55244
1.55239
1.54787
1.53472
1.51268
1.48749
1.46683
1.45476
1.45055
1.45188
1.45722
1.46604
1.47766
1.49063
1.50291
1.51283
1.51972
1.52381
1.52621
1.52831
1.53088
1.53413
1.53846
1.54401
1.5495
1.5525
1.55097
1.5445
1.53458
1.52409
1.51613
1.51279
1.51419
1.51951
1.52856
1.54274
1.56331
1.58841
1.61133
1.62249
1.61502
1.59044
1.55919
1.53283
1.51623
1.50912
1.51187
1.52574
1.55003
1.58026
1.60948
1.63136
1.64255
1.64277
1.63352
1.6163
1.59124
1.55781
1.51718
1.4739
1.43551
1.40975
1.40198
1.4141
1.4441
1.48611
1.53126
1.57051
1.59775
1.61092
1.61106
1.60116
1.5849
1.56598
1.54816
1.53451
1.52626
1.5225
1.52137
1.52163
1.52356
1.5292
1.54091
1.55796
1.57543
1.58707
1.59003
1.58671
1.58229
1.57965
1.57683
1.5694
1.55501
1.53613
1.51895
1.50878
1.50574
1.50564
1.50494
1.50435
