      0.75        0.6  -0.432098
      0.75     0.6025  -0.434346
      0.75      0.605  -0.433819
      0.75     0.6075  -0.434393
      0.75       0.61  -0.436633
      0.75     0.6125  -0.438013
      0.75      0.615  -0.436493
      0.75     0.6175   -0.43733
      0.75       0.62  -0.436182
      0.75     0.6225  -0.437137
      0.75      0.625  -0.436038
      0.75     0.6275  -0.437495
      0.75       0.63   -0.43799
      0.75     0.6325   -0.43608
      0.75      0.635  -0.437578
      0.75     0.6375  -0.431861
      0.75       0.64  -0.434729
      0.75     0.6425  -0.432745
      0.75      0.645  -0.433671
      0.75     0.6475  -0.433069
      0.75       0.65   -0.43341
     0.755        0.6  -0.435701
     0.755     0.6025  -0.434983
     0.755      0.605  -0.435801
     0.755     0.6075  -0.435173
     0.755       0.61  -0.434666
     0.755     0.6125  -0.438872
     0.755      0.615  -0.437162
     0.755     0.6175  -0.436249
     0.755       0.62  -0.438348
     0.755     0.6225  -0.439042
     0.755      0.625  -0.439693
     0.755     0.6275  -0.436864
     0.755       0.63  -0.437214
     0.755     0.6325   -0.43889
     0.755      0.635  -0.437971
     0.755     0.6375  -0.436849
     0.755       0.64  -0.434887
     0.755     0.6425   -0.43637
     0.755      0.645  -0.434434
     0.755     0.6475  -0.433176
     0.755       0.65  -0.435946
      0.76        0.6  -0.437141
      0.76     0.6025  -0.436474
      0.76      0.605   -0.43972
      0.76     0.6075  -0.437431
      0.76       0.61  -0.435889
      0.76     0.6125  -0.437023
      0.76      0.615  -0.436743
      0.76     0.6175    -0.4388
      0.76       0.62  -0.437854
      0.76     0.6225  -0.439592
      0.76      0.625  -0.436503
      0.76     0.6275  -0.437355
      0.76       0.63  -0.437015
      0.76     0.6325  -0.437035
      0.76      0.635  -0.437879
      0.76     0.6375  -0.440027
      0.76       0.64  -0.438029
      0.76     0.6425  -0.436834
      0.76      0.645  -0.437396
      0.76     0.6475  -0.433994
      0.76       0.65  -0.436702
     0.765        0.6  -0.437301
     0.765     0.6025  -0.440032
     0.765      0.605  -0.439237
     0.765     0.6075  -0.441182
     0.765       0.61  -0.440479
     0.765     0.6125    -0.4405
     0.765      0.615  -0.439733
     0.765     0.6175  -0.437951
     0.765       0.62  -0.437755
     0.765     0.6225  -0.439235
     0.765      0.625  -0.441027
     0.765     0.6275  -0.440169
     0.765       0.63  -0.438611
     0.765     0.6325  -0.440561
     0.765      0.635  -0.441136
     0.765     0.6375  -0.438416
     0.765       0.64  -0.435664
     0.765     0.6425  -0.435768
     0.765      0.645   -0.43549
     0.765     0.6475   -0.43467
     0.765       0.65  -0.435289
      0.77        0.6  -0.443158
      0.77     0.6025  -0.441431
      0.77      0.605  -0.438214
      0.77     0.6075   -0.44234
      0.77       0.61  -0.439504
      0.77     0.6125  -0.440693
      0.77      0.615  -0.440043
      0.77     0.6175  -0.441362
      0.77       0.62  -0.440622
      0.77     0.6225  -0.438907
      0.77      0.625   -0.44078
      0.77     0.6275  -0.437924
      0.77       0.63  -0.439177
      0.77     0.6325  -0.440285
      0.77      0.635  -0.441171
      0.77     0.6375  -0.439361
      0.77       0.64  -0.438708
      0.77     0.6425  -0.437789
      0.77      0.645   -0.43815
      0.77     0.6475  -0.436738
      0.77       0.65  -0.434981
     0.775        0.6  -0.439277
     0.775     0.6025  -0.439651
     0.775      0.605  -0.442905
     0.775     0.6075  -0.439493
     0.775       0.61  -0.438516
     0.775     0.6125  -0.440772
     0.775      0.615  -0.442502
     0.775     0.6175  -0.440244
     0.775       0.62  -0.440492
     0.775     0.6225  -0.439698
     0.775      0.625  -0.443219
     0.775     0.6275  -0.444547
     0.775       0.63  -0.441739
     0.775     0.6325  -0.439768
     0.775      0.635  -0.437913
     0.775     0.6375  -0.440785
     0.775       0.64  -0.439936
     0.775     0.6425  -0.437638
     0.775      0.645  -0.439413
     0.775     0.6475  -0.436225
     0.775       0.65   -0.43886
      0.78        0.6  -0.440862
      0.78     0.6025  -0.438634
      0.78      0.605  -0.438829
      0.78     0.6075  -0.441904
      0.78       0.61  -0.439907
      0.78     0.6125  -0.439907
      0.78      0.615  -0.443245
      0.78     0.6175  -0.443339
      0.78       0.62  -0.443661
      0.78     0.6225  -0.442864
      0.78      0.625  -0.444426
      0.78     0.6275  -0.444314
      0.78       0.63  -0.445592
      0.78     0.6325  -0.443487
      0.78      0.635   -0.44161
      0.78     0.6375  -0.439026
      0.78       0.64  -0.440363
      0.78     0.6425  -0.441192
      0.78      0.645  -0.436909
      0.78     0.6475  -0.436458
      0.78       0.65  -0.437402
     0.785        0.6  -0.438697
     0.785     0.6025  -0.442311
     0.785      0.605  -0.439885
     0.785     0.6075  -0.440379
     0.785       0.61   -0.43986
     0.785     0.6125  -0.442904
     0.785      0.615  -0.444375
     0.785     0.6175   -0.44034
     0.785       0.62  -0.443119
     0.785     0.6225  -0.443428
     0.785      0.625  -0.444498
     0.785     0.6275  -0.441943
     0.785       0.63  -0.443349
     0.785     0.6325   -0.44349
     0.785      0.635  -0.443998
     0.785     0.6375   -0.44501
     0.785       0.64  -0.442494
     0.785     0.6425  -0.443563
     0.785      0.645  -0.441013
     0.785     0.6475  -0.441565
     0.785       0.65   -0.43981
      0.79        0.6  -0.443952
      0.79     0.6025  -0.442999
      0.79      0.605  -0.441202
      0.79     0.6075  -0.442627
      0.79       0.61  -0.443075
      0.79     0.6125  -0.444501
      0.79      0.615  -0.440481
      0.79     0.6175  -0.443637
      0.79       0.62  -0.445973
      0.79     0.6225  -0.443278
      0.79      0.625  -0.444324
      0.79     0.6275  -0.445241
      0.79       0.63  -0.443965
      0.79     0.6325  -0.446624
      0.79      0.635  -0.443624
      0.79     0.6375  -0.443294
      0.79       0.64  -0.444612
      0.79     0.6425  -0.443104
      0.79      0.645  -0.443612
      0.79     0.6475  -0.441217
      0.79       0.65  -0.443206
     0.795        0.6  -0.442982
     0.795     0.6025  -0.443746
     0.795      0.605  -0.443356
     0.795     0.6075  -0.443799
     0.795       0.61  -0.442994
     0.795     0.6125  -0.443086
     0.795      0.615  -0.445641
     0.795     0.6175  -0.446665
     0.795       0.62  -0.444942
     0.795     0.6225  -0.448745
     0.795      0.625  -0.446591
     0.795     0.6275  -0.446646
     0.795       0.63  -0.445788
     0.795     0.6325  -0.444747
     0.795      0.635  -0.445504
     0.795     0.6375   -0.44161
     0.795       0.64  -0.443072
     0.795     0.6425   -0.44139
     0.795      0.645  -0.442827
     0.795     0.6475   -0.44153
     0.795       0.65  -0.440995
       0.8        0.6  -0.444388
       0.8     0.6025  -0.443221
       0.8      0.605  -0.446443
       0.8     0.6075   -0.44684
       0.8       0.61  -0.444876
       0.8     0.6125  -0.443425
       0.8      0.615   -0.44544
       0.8     0.6175  -0.447429
       0.8       0.62   -0.44873
       0.8     0.6225  -0.444648
       0.8      0.625  -0.445371
       0.8     0.6275  -0.444744
       0.8       0.63   -0.44405
       0.8     0.6325  -0.445295
       0.8      0.635  -0.443703
       0.8     0.6375  -0.446295
       0.8       0.64  -0.443566
       0.8     0.6425  -0.442711
       0.8      0.645  -0.441579
       0.8     0.6475  -0.442373
       0.8       0.65  -0.442944
     0.805        0.6  -0.442454
     0.805     0.6025  -0.441929
     0.805      0.605  -0.442889
     0.805     0.6075  -0.444185
     0.805       0.61   -0.44458
     0.805     0.6125  -0.446026
     0.805      0.615  -0.447493
     0.805     0.6175  -0.444787
     0.805       0.62  -0.443619
     0.805     0.6225  -0.445064
     0.805      0.625  -0.446166
     0.805     0.6275  -0.445565
     0.805       0.63   -0.44495
     0.805     0.6325  -0.446616
     0.805      0.635  -0.443599
     0.805     0.6375  -0.442437
     0.805       0.64  -0.441351
     0.805     0.6425  -0.440772
     0.805      0.645  -0.442065
     0.805     0.6475  -0.440195
     0.805       0.65  -0.441385
      0.81        0.6  -0.443674
      0.81     0.6025  -0.444293
      0.81      0.605  -0.443581
      0.81     0.6075  -0.446357
      0.81       0.61  -0.445893
      0.81     0.6125  -0.446265
      0.81      0.615  -0.445678
      0.81     0.6175  -0.446268
      0.81       0.62  -0.444116
      0.81     0.6225  -0.445944
      0.81      0.625  -0.446738
      0.81     0.6275  -0.444688
      0.81       0.63  -0.445225
      0.81     0.6325  -0.444664
      0.81      0.635   -0.44464
      0.81     0.6375   -0.44732
      0.81       0.64  -0.443589
      0.81     0.6425   -0.44074
      0.81      0.645  -0.443015
      0.81     0.6475  -0.442607
      0.81       0.65  -0.441721
     0.815        0.6  -0.439557
     0.815     0.6025  -0.440425
     0.815      0.605  -0.441244
     0.815     0.6075   -0.44261
     0.815       0.61  -0.446628
     0.815     0.6125  -0.443207
     0.815      0.615  -0.443867
     0.815     0.6175  -0.445026
     0.815       0.62  -0.446935
     0.815     0.6225  -0.446667
     0.815      0.625  -0.443187
     0.815     0.6275  -0.442725
     0.815       0.63   -0.44223
     0.815     0.6325  -0.445811
     0.815      0.635  -0.444448
     0.815     0.6375  -0.443242
     0.815       0.64  -0.446248
     0.815     0.6425  -0.446812
     0.815      0.645  -0.441329
     0.815     0.6475  -0.443286
     0.815       0.65  -0.442845
      0.82        0.6  -0.441422
      0.82     0.6025  -0.445052
      0.82      0.605  -0.442303
      0.82     0.6075   -0.44277
      0.82       0.61  -0.441438
      0.82     0.6125  -0.444342
      0.82      0.615  -0.448269
      0.82     0.6175  -0.443835
      0.82       0.62  -0.443513
      0.82     0.6225  -0.442594
      0.82      0.625  -0.443341
      0.82     0.6275  -0.443791
      0.82       0.63  -0.443997
      0.82     0.6325  -0.443178
      0.82      0.635  -0.442022
      0.82     0.6375  -0.439152
      0.82       0.64  -0.441319
      0.82     0.6425  -0.443185
      0.82      0.645  -0.444756
      0.82     0.6475  -0.442491
      0.82       0.65  -0.440701
     0.825        0.6  -0.440895
     0.825     0.6025  -0.441426
     0.825      0.605  -0.440903
     0.825     0.6075  -0.441252
     0.825       0.61  -0.441711
     0.825     0.6125  -0.443348
     0.825      0.615  -0.444285
     0.825     0.6175   -0.44627
     0.825       0.62  -0.445208
     0.825     0.6225   -0.44016
     0.825      0.625  -0.445676
     0.825     0.6275  -0.443898
     0.825       0.63  -0.439733
     0.825     0.6325  -0.443632
     0.825      0.635   -0.44232
     0.825     0.6375  -0.437389
     0.825       0.64  -0.441514
     0.825     0.6425   -0.43831
     0.825      0.645   -0.44093
     0.825     0.6475  -0.436839
     0.825       0.65  -0.439394
      0.83        0.6  -0.441271
      0.83     0.6025  -0.439351
      0.83      0.605  -0.442545
      0.83     0.6075  -0.441306
      0.83       0.61  -0.441902
      0.83     0.6125  -0.443955
      0.83      0.615  -0.440368
      0.83     0.6175  -0.440995
      0.83       0.62  -0.443267
      0.83     0.6225  -0.439475
      0.83      0.625   -0.44445
      0.83     0.6275  -0.441344
      0.83       0.63  -0.440603
      0.83     0.6325  -0.440922
      0.83      0.635  -0.437212
      0.83     0.6375  -0.439815
      0.83       0.64  -0.436862
      0.83     0.6425  -0.434278
      0.83      0.645  -0.436222
      0.83     0.6475  -0.437063
      0.83       0.65  -0.432685
     0.835        0.6  -0.441094
     0.835     0.6025  -0.441005
     0.835      0.605  -0.439461
     0.835     0.6075  -0.442751
     0.835       0.61  -0.438176
     0.835     0.6125   -0.43976
     0.835      0.615  -0.441585
     0.835     0.6175  -0.440393
     0.835       0.62  -0.440872
     0.835     0.6225  -0.441066
     0.835      0.625  -0.443799
     0.835     0.6275  -0.441051
     0.835       0.63   -0.44137
     0.835     0.6325  -0.435612
     0.835      0.635  -0.437864
     0.835     0.6375   -0.43716
     0.835       0.64  -0.438346
     0.835     0.6425  -0.436566
     0.835      0.645  -0.435315
     0.835     0.6475  -0.435474
     0.835       0.65  -0.435556
      0.84        0.6  -0.434632
      0.84     0.6025  -0.435892
      0.84      0.605  -0.435608
      0.84     0.6075  -0.435363
      0.84       0.61  -0.436128
      0.84     0.6125  -0.438697
      0.84      0.615  -0.435628
      0.84     0.6175  -0.439656
      0.84       0.62  -0.436405
      0.84     0.6225  -0.439118
      0.84      0.625  -0.436398
      0.84     0.6275  -0.434589
      0.84       0.63  -0.436565
      0.84     0.6325  -0.433231
      0.84      0.635  -0.431528
      0.84     0.6375  -0.428728
      0.84       0.64  -0.434729
      0.84     0.6425  -0.433418
      0.84      0.645  -0.431705
      0.84     0.6475  -0.433975
      0.84       0.65  -0.430072
     0.845        0.6  -0.430733
     0.845     0.6025  -0.433697
     0.845      0.605  -0.436085
     0.845     0.6075  -0.435793
     0.845       0.61  -0.431533
     0.845     0.6125  -0.436275
     0.845      0.615  -0.437938
     0.845     0.6175  -0.433422
     0.845       0.62  -0.436569
     0.845     0.6225  -0.435576
     0.845      0.625  -0.436803
     0.845     0.6275   -0.43377
     0.845       0.63   -0.43321
     0.845     0.6325  -0.436731
     0.845      0.635  -0.435415
     0.845     0.6375  -0.430355
     0.845       0.64  -0.430977
     0.845     0.6425  -0.429721
     0.845      0.645  -0.432131
     0.845     0.6475  -0.429761
     0.845       0.65  -0.427993
      0.85        0.6  -0.429706
      0.85     0.6025  -0.432002
      0.85      0.605  -0.432875
      0.85     0.6075  -0.433198
      0.85       0.61  -0.431034
      0.85     0.6125  -0.432661
      0.85      0.615  -0.436499
      0.85     0.6175  -0.435314
      0.85       0.62  -0.434817
      0.85     0.6225  -0.431106
      0.85      0.625  -0.432332
      0.85     0.6275  -0.433621
      0.85       0.63  -0.432169
      0.85     0.6325  -0.428716
      0.85      0.635   -0.43401
      0.85     0.6375  -0.433448
      0.85       0.64   -0.42933
      0.85     0.6425  -0.425146
      0.85      0.645  -0.429501
      0.85     0.6475  -0.427828
      0.85       0.65  -0.424604
     0.795     0.6225  -0.448745
