           1    0.794424    0.794424           0
           2           0    0.397212    0.280871
           3           0    0.264808    0.216215
           4           0    0.198606    0.171998
           5           0    0.158885    0.142111
           6           0    0.132404    0.120868
           7           0    0.113489    0.105071
           8           0    0.099303   0.0928895
           9           0   0.0882694   0.0832212
          10           0   0.0794424   0.0753657
          11           0   0.0722204   0.0688594
          12           0    0.066202   0.0633836
          13           0   0.0611096   0.0587122
          14           0   0.0567446   0.0546805
          15           0   0.0529616   0.0511658
          16           0   0.0496515   0.0480749
          17           0   0.0467308   0.0453356
          18           0   0.0441347   0.0428912
          19           0   0.0418118   0.0406966
          20           0   0.0397212   0.0387155
           1    0.621784    0.621784           0
           2-1.42109e-12    0.310892    0.219834
           3-1.42109e-12    0.207261    0.169228
           4-1.42109e-12    0.155446     0.13462
           5-1.42109e-12    0.124357    0.111228
           6-1.42109e-12    0.103631   0.0946014
           7-1.42109e-12   0.0888263   0.0822372
           8-1.42109e-12    0.077723   0.0727032
           9-1.42109e-12   0.0690871    0.065136
          10-1.42109e-12   0.0621784   0.0589876
          11-1.42109e-12   0.0565258   0.0538953
          12-1.42109e-12   0.0518153   0.0496094
          13-1.42109e-12   0.0478295   0.0459531
          14-1.42109e-12   0.0444132   0.0427976
          15-1.42109e-12   0.0414523   0.0400467
          16-1.42109e-12   0.0388615   0.0376275
          17-1.42109e-12   0.0365755   0.0354835
          18-1.42109e-12   0.0345436   0.0335703
          19-1.42109e-12   0.0327255   0.0318526
          20-1.42109e-12   0.0310892    0.030302
