0.489587   -0.459759   -0.456763
-0.343365   -0.314562   -0.457967
0.486338   -0.295733   -0.284701
-0.351461   -0.485533   -0.281916
-0.179477   -0.473839   -0.46963
-0.0232208   -0.30138   -0.43371
-0.172657   -0.308407   -0.282306
-0.00308104   -0.473541   -0.2933
0.162206   -0.446939   -0.441832
0.333122   -0.288161   -0.463116
0.153051   -0.297952   -0.282543
0.340514   -0.470938   -0.276832
0.493073   -0.144998   -0.467519
-0.35728   0.0430852   -0.468786
0.498185   0.0466669   -0.304769
-0.331329   -0.147133   -0.285567
-0.167135   -0.141713   -0.465598
-0.010316   0.0340905   -0.477395
-0.172383   0.044511   -0.296105
-0.0220397   -0.126935   -0.289851
0.153643   -0.132569   -0.449168
0.337999   0.0189405   -0.458734
0.156279   0.0459471   -0.3029
0.307788   -0.128144   -0.293447
0.498315   0.203692   -0.453507
-0.359671   0.370191   -0.458032
0.481019   0.364525   -0.283782
-0.324011   0.200412   -0.285393
-0.167664   0.180259   -0.462491
-0.0248935   0.362671   -0.467625
-0.18652   0.360431   -0.294814
-0.0215387   0.22074   -0.282456
0.175739   0.2058   -0.457054
0.3292   0.373759   -0.455312
0.157757   0.35544   -0.295314
0.33251   0.1889   -0.307152
0.487766   -0.471004   -0.115237
-0.343168   -0.3131   -0.129921
0.46594   -0.281731   0.0121245
-0.340327   -0.469009   0.0410543
-0.198053   -0.459004   -0.104958
-0.0115446   -0.31082   -0.126901
-0.17622   -0.292727   0.0399117
0.00528878   -0.456962   0.0326964
0.168954   -0.478042   -0.134056
0.319343   -0.30569   -0.140872
0.160839   -0.303256   0.0213128
0.319641   -0.462047   0.0367707
0.470493   -0.135773   -0.13882
-0.351093   0.0164956   -0.126824
0.478536   0.027322   0.0289678
-0.373374   -0.139954   0.0339825
-0.17096   -0.142156   -0.126876
-0.00947221   0.0362099   -0.114714
-0.20285   0.0178008   0.02444
-0.013467   -0.127627   0.0453413
0.140562   -0.12853   -0.145621
0.320247   0.0293169   -0.135126
0.157994   0.0478948   0.0580931
0.306582   -0.126077   0.0272655
0.472045   0.187503   -0.133315
-0.346691   0.352959   -0.11442
0.47936   0.368912   0.0373926
-0.352965   0.185273   0.0411038
-0.175575   0.20869   -0.119805
-0.00999438   0.376224   -0.12981
-0.185622   0.367373   0.0476465
-0.01348   0.202457   0.03065
0.175538   0.184964   -0.130414
0.326406   0.379052   -0.120721
0.169402   0.348625   0.0421308
0.334518   0.19856   0.0537661
0.491542   -0.46278   0.194957
-0.347085   -0.299886   0.194703
0.497621   -0.309763   0.359689
-0.338312   -0.460587   0.361842
-0.161208   -0.449031   0.205537
0.00468057   -0.283335   0.202258
-0.162775   -0.307875   0.368677
-0.0176839   -0.466805   0.364451
0.154687   -0.478576   0.202086
0.307561   -0.310032   0.198804
0.152177   -0.313011   0.377402
0.326553   -0.465141   0.364048
0.481995   -0.155497   0.203937
-0.325752   0.0208545   0.212228
0.490793   0.0307218   0.359168
-0.318142   -0.137663   0.388149
-0.18755   -0.137512   0.190173
-0.00225506   0.0468564   0.218106
-0.190089   0.0392125   0.366901
-0.0205149   -0.136598   0.363924
0.162533   -0.126188   0.195572
0.326674   0.0214248   0.202808
0.162662   0.024915   0.381592
0.305053   -0.140537   0.362088
0.489994   0.190245   0.206851
-0.343629   0.358276   0.196584
0.496621   0.367504   0.371277
-0.338924   0.205928   0.379084
-0.170838   0.181302   0.191068
-0.0242838   0.347649   0.195337
-0.183724   0.365581   0.369786
0.0110225   0.204006   0.374017
0.174323   0.196932   0.212046
0.33833   0.376078   0.205983
0.160525   0.372803   0.369245
0.331404   0.228365   0.375953
