0 0 0
0.0230664 0 0
0.0461329 0 0
0.0691993 0 0
0.0922657 0 0
0.115332 0 0
0.138399 0 0
0.161465 0 0
0.184531 0 0
0.207598 0 0
0.230664 0 0
0.253731 0 0
0.276797 0 0
0.299864 0 0
0.32293 0 0
0.345996 0 0
0.369063 0 0
0.392129 0 0
0.415196 0 0
0.438262 0 0
0.461329 0 0
0.484395 0 0
0.507461 0 0
0.530528 0 0
0.553594 0 0
0.576661 0 0
0.599727 0 0
0.622794 0 0
0.64586 0 0
0.668926 0 0
0.691993 0 0
0.715059 0 0
0.738126 0 0
0.761192 0 0
0.784259 0 0
0.807325 0 0
0.830391 0 0
0.853458 0 0
0.876524 1.62009e-05 1.5397e-05
0.899591 0.00197215 0.000187069
0.922657 0.0356175 0.00103276
0.945724 0.256533 0.00212848
0.96879 0.951647 0.00389326
0.991856 2.1918 0.00653805
1.01492 3.60876 0.00876017
1.03799 4.64711 0.00947433
1.06106 4.99288 0.0101914
1.08412 4.57369 0.0110378
1.10719 3.70834 0.00980186
1.13026 2.72793 0.00853488
1.15332 1.80429 0.00523592
1.17639 1.1154 0.00431378
1.19945 0.625226 0.0039559
1.22252 0.326807 0.0026619
1.24559 0.160752 0.0020482
1.26865 0.0767916 0.00144506
1.29172 0.0424034 0.00111089
1.31479 0.0365388 0.00102094
1.33785 0.0557997 0.00146336
1.36092 0.098772 0.00161517
1.38399 0.173757 0.0019937
1.40705 0.293068 0.00225136
1.43012 0.450155 0.00249397
1.45319 0.631304 0.00241076
1.47625 0.804323 0.00331147
1.49932 0.935283 0.00401616
1.52238 0.988075 0.00415386
1.54545 0.946214 0.00403857
1.56852 0.814625 0.00313037
1.59158 0.645038 0.00246953
1.61465 0.463565 0.00226959
1.63772 0.307561 0.00221913
1.66078 0.207652 0.00212114
1.68385 0.174045 0.0021397
1.70692 0.231771 0.00259382
1.72998 0.406283 0.00305825
1.75305 0.720043 0.00363472
1.77612 1.17731 0.00374025
1.79918 1.72345 0.00359878
1.82225 2.25549 0.00495949
1.84531 2.64567 0.00629525
1.86838 2.76696 0.00694326
1.89145 2.60511 0.00676699
1.91451 2.21413 0.00514664
1.93758 1.70173 0.0034562
1.96065 1.18738 0.00345036
1.98371 0.7753 0.00315207
2.00678 0.515076 0.00308178
2.02985 0.40422 0.00320256
2.05291 0.440435 0.00269246
2.07598 0.576355 0.00260617
2.09905 0.756554 0.00243205
2.12211 0.925364 0.00261175
2.14518 1.02479 0.00288459
2.16824 1.02261 0.00295235
2.19131 0.934212 0.00263296
2.21438 0.793568 0.00215299
2.23744 0.65138 0.00229488
2.26051 0.556249 0.00296604
2.28358 0.552714 0.00372861
