           1  3.10567e+08  3.10567e+08            0
           2    3.091e+08  3.09833e+08       518819
           3  3.09091e+08  3.09586e+08       400549
           4  3.06649e+08  3.08852e+08       703193
           5  3.12872e+08  3.09656e+08       913058
           6  3.09204e+08  3.09581e+08       763974
           7  3.09517e+08  3.09571e+08       654889
           8  3.08986e+08  3.09498e+08       577103
           9  3.10563e+08  3.09617e+08       524965
          10   3.0737e+08  3.09392e+08       518334
          11  3.10063e+08  3.09453e+08       474785
          12  3.10861e+08   3.0957e+08       449479
          13  3.10678e+08  3.09655e+08       422906
          14  3.08307e+08  3.09559e+08       403517
          15  3.09625e+08  3.09563e+08       376640
          16   3.1074e+08  3.09637e+08       360201
          17  3.09875e+08  3.09651e+08       339285
          18  3.11375e+08  3.09747e+08       333685
          19  3.10934e+08  3.09809e+08       321921
          20  3.07718e+08  3.09705e+08       322356
          21  3.10645e+08   3.0975e+08       310103
          22  3.09898e+08  3.09756e+08       296081
          23  3.08027e+08  3.09681e+08       292600
          24  3.10629e+08  3.09721e+08       283064
          25  3.11152e+08  3.09778e+08       277470
          26  3.08695e+08  3.09736e+08       269904
          27   3.1106e+08  3.09785e+08       264325
          28  3.07655e+08  3.09709e+08       265604
          29  3.11438e+08  3.09769e+08       263049
          30  3.10741e+08  3.09801e+08       256270
          31  3.08228e+08   3.0975e+08       252978
          32  3.06983e+08  3.09664e+08       259438
          33  3.09724e+08  3.09666e+08       251583
          34  3.07986e+08  3.09616e+08       248987
          35  3.12935e+08  3.09711e+08       259296
          36  3.11929e+08  3.09773e+08       259306
          37  3.08314e+08  3.09733e+08       255279
          38   3.1434e+08  3.09855e+08       275852
          39  3.07896e+08  3.09804e+08       273312
          40  3.09989e+08  3.09809e+08       266518
          41  3.13816e+08  3.09907e+08       277361
          42  3.09504e+08  3.09897e+08       270923
          43  3.09848e+08  3.09896e+08       264625
          44   3.0964e+08   3.0989e+08       258675
          45  3.11162e+08  3.09918e+08       254467
          46  3.08923e+08  3.09897e+08       249853
          47  3.12754e+08  3.09958e+08       251824
          48  3.07772e+08  3.09912e+08       250660
          49  3.11345e+08  3.09941e+08       247245
          50  3.08742e+08  3.09917e+08       243462
          51  3.12464e+08  3.09967e+08       243755
          52  3.09379e+08  3.09956e+08       239330
          53  3.07981e+08  3.09919e+08       237699
          54  3.10467e+08  3.09929e+08       233514
          55  3.08499e+08  3.09903e+08       230710
          56  3.11471e+08  3.09931e+08       228283
          57  3.10047e+08  3.09933e+08       224287
          58  3.09239e+08  3.09921e+08       220739
          59  3.08622e+08  3.09899e+08       218093
          60  3.10849e+08  3.09915e+08       215032
          61   3.0917e+08  3.09903e+08       211853
          62  3.08765e+08  3.09884e+08       209229
          63  3.11289e+08  3.09906e+08       207093
          64   3.1078e+08   3.0992e+08       204307
          65  3.07718e+08  3.09886e+08       203953
          66  3.11454e+08   3.0991e+08       202242
          67  3.09239e+08    3.099e+08       199471
          68  3.09343e+08  3.09892e+08       196706
          69  3.11024e+08  3.09908e+08       194539
          70  3.10152e+08  3.09912e+08       191791
          71  3.08586e+08  3.09893e+08       189996
          72   3.0901e+08  3.09881e+08       187753
          73  3.11614e+08  3.09904e+08       186676
          74  3.07438e+08  3.09871e+08       187105
          75   3.1367e+08  3.09922e+08       191342
          76  3.09563e+08  3.09917e+08       188883
          77  3.08465e+08  3.09898e+08       187369
          78  3.11234e+08  3.09915e+08       185748
          79  3.12012e+08  3.09942e+08       185284
          80  3.08981e+08   3.0993e+08       183357
          81  3.09834e+08  3.09929e+08       181097
          82  3.08567e+08  3.09912e+08       179649
          83  3.10687e+08  3.09921e+08       177727
          84  3.10933e+08  3.09933e+08       176018
          85  3.08186e+08  3.09913e+08       175144
          86  3.09161e+08  3.09904e+08       173325
          87  3.11279e+08   3.0992e+08       172051
          88  3.11969e+08  3.09943e+08       171664
          89  3.08896e+08  3.09931e+08       170138
          90  3.08962e+08  3.09921e+08       168588
          91  3.09635e+08  3.09918e+08       166765
          92   3.1142e+08  3.09934e+08       165750
          93  3.07855e+08  3.09912e+08       165468
          94  3.12478e+08  3.09939e+08       165944
          95  3.08576e+08  3.09925e+08       164817
          96  3.12432e+08  3.09951e+08       165157
          97   3.0609e+08  3.09911e+08       168182
          98  3.11907e+08  3.09931e+08       167694
          99  3.09384e+08  3.09926e+08       166092
         100  3.09637e+08  3.09923e+08       164456
