           1 -1.25671e-20 -1.25671e-20            0
           2 -1.25758e-20 -1.25715e-20  3.08226e-24
           3 -1.25794e-20 -1.25741e-20  2.97593e-24
           4 -1.25904e-20 -1.25782e-20  4.16569e-24
           5 -1.25548e-20 -1.25735e-20   5.3518e-24
           6 -1.25797e-20 -1.25745e-20  4.55957e-24
           7  -1.2579e-20 -1.25752e-20  3.95185e-24
           8 -1.25829e-20 -1.25761e-20  3.57443e-24
           9 -1.25687e-20 -1.25753e-20   3.2719e-24
          10 -1.25909e-20 -1.25769e-20  3.29414e-24
          11 -1.25709e-20 -1.25763e-20  3.03914e-24
          12  -1.2567e-20 -1.25755e-20  2.88422e-24
          13 -1.25741e-20 -1.25754e-20   2.6645e-24
          14 -1.25856e-20 -1.25762e-20  2.57051e-24
          15 -1.25701e-20 -1.25757e-20  2.43075e-24
          16 -1.25658e-20 -1.25751e-20  2.35693e-24
          17 -1.25762e-20 -1.25752e-20  2.21912e-24
          18  -1.2568e-20 -1.25748e-20  2.13186e-24
          19 -1.25738e-20 -1.25747e-20  2.02029e-24
          20 -1.25885e-20 -1.25754e-20  2.03277e-24
          21 -1.25707e-20 -1.25752e-20  1.94811e-24
          22 -1.25708e-20  -1.2575e-20  1.86989e-24
          23 -1.25814e-20 -1.25753e-20  1.80922e-24
          24 -1.25654e-20 -1.25749e-20  1.77961e-24
          25 -1.25682e-20 -1.25746e-20  1.72803e-24
          26 -1.25858e-20  -1.2575e-20  1.71474e-24
          27 -1.25729e-20  -1.2575e-20  1.65303e-24
          28 -1.25867e-20 -1.25754e-20  1.64595e-24
          29  -1.2564e-20  -1.2575e-20  1.63549e-24
          30 -1.25684e-20 -1.25748e-20  1.59542e-24
          31 -1.25852e-20 -1.25751e-20  1.57915e-24
          32 -1.25917e-20 -1.25756e-20  1.61242e-24
          33 -1.25726e-20 -1.25755e-20  1.56611e-24
          34 -1.25873e-20 -1.25759e-20  1.55773e-24
          35 -1.25517e-20 -1.25752e-20  1.65967e-24
          36 -1.25555e-20 -1.25746e-20  1.70115e-24
          37 -1.25871e-20  -1.2575e-20  1.68831e-24
          38 -1.25461e-20 -1.25742e-20  1.80631e-24
          39 -1.25952e-20 -1.25748e-20  1.83852e-24
          40 -1.25757e-20 -1.25748e-20   1.7927e-24
          41 -1.25527e-20 -1.25742e-20  1.82804e-24
          42 -1.25823e-20 -1.25744e-20  1.79454e-24
          43 -1.25711e-20 -1.25744e-20  1.75443e-24
          44 -1.25742e-20 -1.25743e-20  1.71456e-24
          45 -1.25676e-20 -1.25742e-20  1.68301e-24
          46 -1.25821e-20 -1.25744e-20   1.6551e-24
          47 -1.25538e-20 -1.25739e-20   1.6767e-24
          48 -1.25885e-20 -1.25742e-20  1.66885e-24
          49 -1.25623e-20  -1.2574e-20  1.65241e-24
          50 -1.25885e-20 -1.25743e-20   1.6446e-24
          51 -1.25584e-20  -1.2574e-20   1.6416e-24
          52 -1.25791e-20 -1.25741e-20  1.61305e-24
          53 -1.25916e-20 -1.25744e-20  1.61619e-24
          54 -1.25699e-20 -1.25743e-20  1.58838e-24
          55 -1.25816e-20 -1.25744e-20  1.56504e-24
          56 -1.25544e-20 -1.25741e-20  1.57739e-24
          57 -1.25693e-20  -1.2574e-20    1.552e-24
          58 -1.25758e-20  -1.2574e-20  1.52557e-24
          59 -1.25896e-20 -1.25743e-20  1.52247e-24
          60 -1.25714e-20 -1.25743e-20  1.49787e-24
          61  -1.2578e-20 -1.25743e-20   1.4746e-24
          62 -1.25756e-20 -1.25743e-20  1.45097e-24
          63 -1.25626e-20 -1.25742e-20  1.43978e-24
          64 -1.25724e-20 -1.25741e-20  1.41754e-24
          65  -1.2597e-20 -1.25745e-20  1.43862e-24
          66 -1.25671e-20 -1.25744e-20  1.42116e-24
          67 -1.25777e-20 -1.25744e-20  1.40083e-24
          68 -1.25782e-20 -1.25745e-20  1.38133e-24
          69 -1.25654e-20 -1.25743e-20  1.36751e-24
          70 -1.25701e-20 -1.25743e-20  1.34934e-24
          71 -1.25779e-20 -1.25743e-20  1.33128e-24
          72 -1.25871e-20 -1.25745e-20  1.32458e-24
          73 -1.25664e-20 -1.25744e-20  1.31112e-24
          74 -1.25976e-20 -1.25747e-20   1.3303e-24
          75 -1.25558e-20 -1.25745e-20  1.33612e-24
          76 -1.25862e-20 -1.25746e-20  1.32744e-24
          77 -1.25929e-20 -1.25748e-20  1.33133e-24
          78 -1.25678e-20 -1.25748e-20  1.31735e-24
          79 -1.25601e-20 -1.25746e-20  1.31375e-24
          80 -1.25791e-20 -1.25746e-20  1.29854e-24
          81 -1.25703e-20 -1.25746e-20  1.28363e-24
          82 -1.25876e-20 -1.25747e-20  1.27781e-24
          83 -1.25738e-20 -1.25747e-20  1.26246e-24
          84 -1.25664e-20 -1.25746e-20  1.25128e-24
          85 -1.25824e-20 -1.25747e-20  1.23993e-24
          86 -1.25832e-20 -1.25748e-20  1.22943e-24
          87 -1.25731e-20 -1.25748e-20  1.21546e-24
          88 -1.25646e-20 -1.25747e-20  1.20721e-24
          89 -1.25838e-20 -1.25748e-20  1.19796e-24
          90 -1.25807e-20 -1.25748e-20  1.18647e-24
          91 -1.25724e-20 -1.25748e-20  1.17373e-24
          92 -1.25595e-20 -1.25747e-20  1.17265e-24
          93 -1.25822e-20 -1.25747e-20  1.16283e-24
          94 -1.25476e-20 -1.25744e-20  1.18582e-24
          95 -1.25795e-20 -1.25745e-20  1.17452e-24
          96 -1.25619e-20 -1.25744e-20  1.16955e-24
          97 -1.25979e-20 -1.25746e-20  1.18241e-24
          98 -1.25549e-20 -1.25744e-20  1.18737e-24
          99 -1.25691e-20 -1.25744e-20   1.1766e-24
         100 -1.25675e-20 -1.25743e-20  1.16685e-24
