           1     7.44998     7.44998           0
           2     7.68955     7.56976   0.0846998
           3     7.63911     7.59288   0.0595369
           4     7.49345     7.56802    0.049571
           5     7.63072     7.58056   0.0412123
           6     7.52559      7.5714   0.0353471
           7     7.62967     7.57972   0.0312625
           8      7.4337     7.56147   0.0322458
           9     7.56107     7.56143    0.028663
          10     7.61362     7.56665   0.0262677
          11     7.53761     7.56401   0.0240119
          12     7.69549     7.57496   0.0243828
          13     7.60076     7.57695   0.0225879
          14       7.573     7.57667   0.0209762
          15      7.5507     7.57494   0.0196491
          16     7.56722     7.57445   0.0184269
          17     7.63247     7.57787   0.0176562
          18     7.58077     7.57803   0.0166761
          19     7.56609      7.5774   0.0158102
          20     7.50932     7.57399   0.0153818
          21     7.54488     7.57261   0.0147117
          22     7.55295     7.57171   0.0140701
          23     7.47082     7.56733   0.0141256
          24     7.54083     7.56622   0.0135801
          25      7.6697     7.57036   0.0136531
          26     7.57362     7.57049   0.0131286
          27      7.6242     7.57248   0.0127921
          28     7.51546     7.57044   0.0124963
          29     7.69383      7.5747   0.0127692
          30     7.47172     7.57126   0.0127966
          31     7.60231     7.57227   0.0124229
          32     7.47138     7.56911   0.0124283
          33     7.54071     7.56825   0.0120814
          34     7.57319      7.5684    0.011727
          35     7.62213     7.56993    0.011492
          36     7.63673     7.57179   0.0113216
          37     7.55976     7.57146   0.0110202
          38       7.652     7.57358   0.0109321
          39     7.51047     7.57196   0.0107709
          40     7.65532     7.57405   0.0107014
          41     7.59747     7.57462   0.0104556
          42     7.57276     7.57457   0.0102067
          43     7.73187     7.57823   0.0106046
          44     7.52664     7.57706   0.0104282
          45     7.59092     7.57737    0.010201
          46     7.49024     7.57547   0.0101536
          47     7.58817     7.57574  0.00994117
          48     7.72191     7.57879   0.0101898
          49     7.54037     7.57801   0.0100119
          50     7.67296      7.5799  0.00999019
          51     7.52248     7.57878  0.00985755
          52     7.70949     7.58129  0.00998334
          53     7.66095      7.5828  0.00990746
          54     7.68011      7.5846  0.00988655
          55     7.62708     7.58537  0.00973692
          56      7.6212     7.58601  0.00958404
          57     7.55956     7.58555  0.00942713
          58     7.56977     7.58527  0.00926852
          59     7.49533     7.58375  0.00923595
          60     7.55324     7.58324  0.00909601
          61     7.58479     7.58327  0.00894693
          62     7.59209     7.58341  0.00880376
          63     7.64937     7.58446  0.00872605
          64      7.5719     7.58426  0.00859191
          65     7.57035     7.58404  0.00846239
          66      7.6077      7.5844  0.00834176
          67     7.58456     7.58441  0.00821725
          68      7.5666     7.58414  0.00810058
          69     7.62688     7.58476  0.00800682
          70     7.59431      7.5849   0.0078936
          71     7.55451     7.58447  0.00779402
          72     7.65575     7.58546  0.00774839
          73     7.53744      7.5848  0.00767012
          74     7.61018     7.58515  0.00757413
          75     7.67711     7.58637  0.00757175
          76     7.61217     7.58671  0.00747973
          77     7.49374     7.58551   0.0074794
          78     7.66365     7.58651  0.00745031
          79     7.72229     7.58823  0.00755166
          80     7.57771     7.58809  0.00745841
          81     7.70642     7.58955  0.00750801
          82     7.57961     7.58943  0.00741743
          83     7.61702     7.58977  0.00733551
          84     7.57927     7.58964  0.00724925
          85     7.56305     7.58933  0.00717071
          86     7.78237     7.59157  0.00743035
          87     7.57148     7.59134  0.00734853
          88     7.66047     7.59213  0.00730689
          89     7.56908     7.59187  0.00722938
          90      7.6526     7.59254  0.00718047
          91     7.53245     7.59188  0.00713187
          92     7.67456     7.59278  0.00711074
          93     7.55302     7.59235  0.00704712
          94     7.70241     7.59352  0.00706875
          95     7.63648     7.59398  0.00700879
          96     7.58443     7.59388  0.00693649
          97     7.55778     7.59351  0.00687495
          98     7.52042     7.59276  0.00684512
          99     7.46465     7.59147  0.00689721
         100     7.70205     7.59257  0.00691632
