           1    -7.57288    -7.57288           0
           2    -7.52852     -7.5507   0.0156823
           3     -7.5385    -7.54664   0.0109695
           4    -7.56544    -7.55134   0.0091792
           5    -7.53954    -7.54898  0.00764035
           6    -7.55808     -7.5505   0.0065158
           7    -7.54056    -7.54908  0.00573754
           8    -7.57442    -7.55224  0.00582992
           9     -7.5525    -7.55227  0.00518222
          10    -7.54171    -7.55122  0.00477049
          11    -7.55727    -7.55177   0.0043684
          12    -7.52802    -7.54979  0.00442996
          13    -7.54475     -7.5494  0.00410608
          14    -7.55102    -7.54951  0.00381441
          15    -7.55505    -7.54988   0.0035779
          16    -7.55139    -7.54998  0.00335552
          17    -7.53882    -7.54932  0.00322166
          18    -7.54846    -7.54927  0.00304303
          19    -7.55016    -7.54932  0.00288322
          20    -7.56212    -7.54996  0.00280918
          21    -7.55553    -7.55023  0.00268792
          22     -7.5531    -7.55036  0.00256893
          23    -7.56926    -7.55118  0.00258541
          24    -7.55575    -7.55137  0.00248468
          25    -7.53305    -7.55064    0.002491
          26    -7.55067    -7.55064  0.00239519
          27    -7.54123    -7.55029  0.00233167
          28    -7.56121    -7.55068  0.00228078
          29    -7.52802     -7.5499  0.00233208
          30     -7.5691    -7.55054   0.0023405
          31    -7.54459    -7.55035  0.00227286
          32    -7.56884    -7.55092  0.00227415
          33    -7.55533    -7.55106  0.00220915
          34    -7.55062    -7.55104  0.00214421
          35    -7.54233     -7.5508  0.00209735
          36    -7.53821    -7.55045  0.00206803
          37    -7.55278    -7.55051   0.0020131
          38    -7.53732    -7.55016  0.00198983
          39    -7.56158    -7.55045  0.00196021
          40    -7.53517    -7.55007  0.00194807
          41    -7.54612    -7.54998  0.00190294
          42    -7.55128    -7.55001  0.00185788
          43    -7.52218    -7.54936  0.00192405
          44     -7.5586    -7.54957  0.00189176
          45    -7.54626     -7.5495  0.00185116
          46     -7.5656    -7.54985  0.00184371
          47    -7.54825    -7.54981  0.00180479
          48    -7.52352    -7.54926  0.00184846
          49    -7.55557    -7.54939  0.00181521
          50    -7.53217    -7.54905   0.0018113
          51    -7.55921    -7.54925   0.0017867
          52    -7.52605     -7.5488  0.00180717
          53    -7.53435    -7.54853  0.00179353
          54    -7.53083     -7.5482  0.00179004
          55    -7.54034    -7.54806  0.00176319
          56    -7.54214    -7.54795  0.00173486
          57    -7.55285    -7.54804  0.00170655
          58    -7.55004    -7.54807  0.00167748
          59    -7.56434    -7.54835  0.00167156
          60    -7.55426    -7.54845   0.0016466
          61    -7.54827    -7.54844  0.00161961
          62    -7.54672    -7.54842  0.00159373
          63    -7.53687    -7.54823  0.00157894
          64     -7.5509    -7.54828  0.00155482
          65    -7.55127    -7.54832  0.00153158
          66    -7.54471    -7.54827  0.00150936
          67    -7.54809    -7.54826  0.00148683
          68    -7.55118    -7.54831  0.00146558
          69    -7.54105     -7.5482  0.00144811
          70    -7.54723    -7.54819  0.00142749
          71    -7.55346    -7.54826  0.00140931
          72    -7.53609    -7.54809  0.00139985
          73    -7.55593     -7.5482  0.00138478
          74    -7.54326    -7.54813  0.00136768
          75    -7.53245    -7.54792  0.00136533
          76    -7.54334    -7.54786   0.0013487
          77    -7.56533    -7.54809  0.00135013
          78    -7.53357     -7.5479  0.00134559
          79    -7.52306    -7.54759  0.00136482
          80     -7.5494    -7.54761  0.00134794
          81    -7.52571    -7.54734  0.00135816
          82    -7.54965    -7.54737  0.00134189
          83    -7.54296    -7.54732  0.00132677
          84    -7.54913    -7.54734  0.00131115
          85    -7.55286     -7.5474  0.00129733
          86    -7.51153    -7.54699  0.00134764
          87    -7.55015    -7.54702  0.00133264
          88    -7.53403    -7.54688  0.00132565
          89    -7.55159    -7.54693  0.00131182
          90    -7.53643    -7.54681  0.00130242
          91    -7.55756    -7.54693  0.00129345
          92    -7.53096    -7.54676  0.00129099
          93    -7.55368    -7.54683  0.00127925
          94    -7.52654    -7.54662  0.00128372
          95    -7.53838    -7.54653  0.00127313
          96    -7.54749    -7.54654  0.00125991
          97    -7.55276     -7.5466  0.00124855
          98    -7.55946    -7.54673  0.00124268
          99    -7.57014    -7.54697  0.00125242
         100    -7.52636    -7.54676  0.00125674
