0 0 0
0.0230664 0 0
0.0461329 0 0
0.0691993 0 0
0.0922657 0 0
0.115332 0 0
0.138399 0 0
0.161465 0 0
0.184531 0 0
0.207598 0 0
0.230664 0 0
0.253731 0 0
0.276797 0 0
0.299864 0 0
0.32293 0 0
0.345996 0 0
0.369063 0 0
0.392129 0 0
0.415196 0 0
0.438262 0 0
0.461329 0 0
0.484395 0 0
0.507461 0 0
0.530528 0 0
0.553594 0 0
0.576661 0 0
0.599727 0 0
0.622794 0 0
0.64586 0 0
0.668926 0 0
0.691993 0 0
0.715059 0 0
0.738126 0 0
0.761192 0 0
0.784259 0 0
0.807325 0 0
0.830391 0 0
0.853458 0 0
0.876524 8.5423e-05 1.10569e-05
0.899591 0.00347348 7.77422e-05
0.922657 0.0475268 0.000301342
0.945724 0.293345 0.00101945
0.96879 1.00624 0.00212964
0.991856 2.23792 0.00245895
1.01492 3.6265 0.00250328
1.03799 4.62155 0.00214236
1.06106 4.89543 0.00352656
1.08412 4.49195 0.00369865
1.10719 3.65888 0.0030888
1.13026 2.69465 0.00202279
1.15332 1.81527 0.001186
1.17639 1.1321 0.0011024
1.19945 0.653375 0.0013199
1.22252 0.353151 0.00108357
1.24559 0.179801 0.000862553
1.26865 0.0885193 0.000591786
1.29172 0.0487776 0.000430209
1.31479 0.0417205 0.000403814
1.33785 0.0604272 0.000460553
1.36092 0.105573 0.000533077
1.38399 0.183827 0.000582885
1.40705 0.30072 0.000635288
1.43012 0.453446 0.00061054
1.45319 0.628304 0.000604837
1.47625 0.797514 0.000838722
1.49932 0.921991 0.00107539
1.52238 0.970965 0.00132865
1.54545 0.929929 0.00121507
1.56852 0.808528 0.00097632
1.59158 0.641218 0.000628518
1.61465 0.465099 0.000593846
1.63772 0.316573 0.000606863
1.66078 0.219314 0.000793211
1.68385 0.191518 0.000916466
1.70692 0.254651 0.00107379
1.72998 0.433916 0.00135759
1.75305 0.749062 0.00144902
1.77612 1.19656 0.00115947
1.79918 1.72711 0.000904766
1.82225 2.23465 0.00137521
1.84531 2.59794 0.00212449
1.86838 2.71562 0.00259982
1.89145 2.55908 0.00256322
1.91451 2.18198 0.0018211
1.93758 1.69028 0.000992119
1.96065 1.20035 0.000883028
1.98371 0.801243 0.00125007
2.00678 0.54198 0.00153118
2.02985 0.433445 0.00135035
2.05291 0.460307 0.00113511
2.07598 0.586797 0.000894437
2.09905 0.758309 0.000495044
2.12211 0.916559 0.000613668
2.14518 1.01517 0.000973691
2.16824 1.023 0.00106364
2.19131 0.919228 0.000795143
2.21438 0.780484 0.000583272
2.23744 0.653833 0.000654549
2.26051 0.571036 0.00104042
2.28358 0.572848 0.00132532
